checksum: 4117.91
elapsed time: 0.458139 sec


Operating System Runtime API Statistics:

 Time (%)  Total Time (ns)  Num Calls    Avg (ns)       Med (ns)      Min (ns)    Max (ns)     StdDev (ns)        Name     
 --------  ---------------  ---------  -------------  -------------  ----------  -----------  -------------  --------------
     41.7      548,730,310          2  274,365,155.0  274,365,155.0  18,995,091  529,735,219  361,147,807.9  sem_wait      
     32.7      430,991,044         16   26,936,940.3   10,687,488.0       7,284  100,110,222   34,307,620.3  poll          
     12.3      162,305,377        573      283,255.5       18,154.0       1,162   32,602,570    1,633,587.3  ioctl         
      6.3       82,718,609          1   82,718,609.0   82,718,609.0  82,718,609   82,718,609            0.0  writev        
      4.8       62,864,151        101      622,417.3        5,671.0       3,737   12,513,220    2,493,974.6  fopen         
      1.3       17,573,048         91      193,110.4        1,873.0       1,342   17,385,531    1,822,280.6  fclose        
      0.4        5,680,687          2    2,840,343.5    2,840,343.5       7,985    5,672,702    4,005,559.8  fopen64       
      0.1        1,818,272         27       67,343.4       11,752.0       5,991    1,044,227      197,858.9  mmap64        
      0.1        1,026,984          8      128,373.0       51,952.0      38,341      666,883      217,934.3  sem_timedwait 
      0.1          937,916         18       52,106.4       64,630.5       7,113       84,317       25,761.8  fgets         
      0.0          483,642          4      120,910.5      119,839.0      62,667      181,297       54,710.3  pthread_create
      0.0          467,282         53        8,816.6        8,225.0       4,158       16,090        2,709.3  open64        
      0.0          213,746         20       10,687.3        7,278.5       1,853       62,997       13,458.0  mmap          
      0.0           40,382         14        2,884.4        2,640.5       1,673        4,007          749.0  read          
      0.0           39,915          6        6,652.5        7,148.5       4,338        7,965        1,324.0  open          
      0.0           32,530          3       10,843.3       12,042.0       5,781       14,707        4,582.1  pipe2         
      0.0           29,705         10        2,970.5        3,075.5       1,342        4,068          769.5  write         
      0.0           28,773          6        4,795.5        4,613.5       3,206        6,812        1,273.7  munmap        
      0.0           22,292          2       11,146.0       11,146.0       8,276       14,016        4,058.8  socket        
      0.0           16,011          4        4,002.8        4,073.0       2,645        5,220        1,225.9  fread         
      0.0           13,395          1       13,395.0       13,395.0      13,395       13,395            0.0  connect       
      0.0           11,291          2        5,645.5        5,645.5       1,764        9,527        5,489.3  fflush        
      0.0           11,041          1       11,041.0       11,041.0      11,041       11,041            0.0  fwrite        
      0.0            8,666          8        1,083.3        1,027.0       1,001        1,323          116.0  fcntl         
      0.0            2,384          1        2,384.0        2,384.0       2,384        2,384            0.0  bind          
      0.0            2,214          2        1,107.0        1,107.0       1,102        1,112            7.1  dup           
      0.0            1,362          1        1,362.0        1,362.0       1,362        1,362            0.0  listen        

[5/8] Executing 'cudaapisum' stats report

CUDA API Statistics:

 Time (%)  Total Time (ns)  Num Calls    Avg (ns)      Med (ns)     Min (ns)    Max (ns)   StdDev (ns)          Name        
 --------  ---------------  ---------  ------------  ------------  ----------  ----------  -----------  --------------------
     57.3       74,580,575     12,012       6,208.8       3,130.5         621   1,323,707     15,495.5  cuStreamSynchronize 
     25.9       33,720,494          1  33,720,494.0  33,720,494.0  33,720,494  33,720,494          0.0  cuMemHostAlloc      
     15.0       19,560,407      6,000       3,260.1       3,186.0       2,956      29,284        592.8  cuLaunchKernel      
      1.2        1,537,806          1   1,537,806.0   1,537,806.0   1,537,806   1,537,806          0.0  cuMemAllocHost_v2   
      0.3          358,688          8      44,836.0       2,329.5       1,673     175,266     77,184.0  cuMemAlloc_v2       
      0.1          108,122          1     108,122.0     108,122.0     108,122     108,122          0.0  cuModuleLoadDataEx  
      0.1           77,774         17       4,574.9       4,589.0       3,075       6,272        961.4  cuMemcpyDtoHAsync_v2
      0.1           76,574         41       1,867.7       2,064.0         591       5,921        917.0  cuEventRecord       
      0.0           37,770          4       9,442.5       4,303.0       3,256      25,908     10,992.2  cuMemcpyHtoDAsync_v2
      0.0           23,726         17       1,395.6       1,283.0       1,183       2,425        301.7  cuEventSynchronize  
      0.0           12,243          3       4,081.0       2,384.0       2,184       7,675      3,114.1  cuMemsetD32Async    
      0.0           10,029         15         668.6         401.0         311       1,694        495.8  cuEventCreate       

[6/8] Executing 'gpukernsum' stats report

CUDA Kernel Statistics:

 Time (%)  Total Time (ns)  Instances  Avg (ns)  Med (ns)  Min (ns)  Max (ns)  StdDev (ns)                                   Name                                 
 --------  ---------------  ---------  --------  --------  --------  --------  -----------  ----------------------------------------------------------------------
     40.2       17,669,435      1,000  17,669.4  17,664.0    16,832    18,496        220.7  _Z17integrate_123_gpuR5Waterffff                                      
     33.4       14,669,501      1,000  14,669.5  14,464.0    13,824   198,241      5,812.3  _Z17integrate_131_gpuR5Waterffff                                      
     14.0        6,174,742      2,000   3,087.4   3,072.0     2,592     3,744         64.7  _Z37exchange_vertical_ghost_lines_106_gpuRSt5arrayIS_IfLm512EELm512EE 
     12.4        5,447,977      2,000   2,724.0   2,593.0     2,272   200,448      4,423.9  _Z38exchange_horizontal_ghost_lines_93_gpuRSt5arrayIS_IfLm512EELm512EE

[7/8] Executing 'gpumemtimesum' stats report

CUDA Memory Operation Statistics (by time):

 Time (%)  Total Time (ns)  Count  Avg (ns)   Med (ns)   Min (ns)  Max (ns)   StdDev (ns)      Operation     
 --------  ---------------  -----  ---------  ---------  --------  ---------  -----------  ------------------
     94.9        3,400,145     17  200,008.5  134,721.0     2,464  1,334,119    320,594.7  [CUDA memcpy DtoH]
      5.0          179,329      4   44,832.3    2,816.0     1,504    172,193     84,909.5  [CUDA memcpy HtoD]
      0.1            4,256      3    1,418.7    1,344.0     1,344      1,568        129.3  [CUDA memset]     

[8/8] Executing 'gpumemsizesum' stats report

CUDA Memory Operation Statistics (by size):

 Total (MB)  Count  Avg (MB)  Med (MB)  Min (MB)  Max (MB)  StdDev (MB)      Operation     
 ----------  -----  --------  --------  --------  --------  -----------  ------------------
     13.632     17     0.802     1.049     0.000     3.146        0.789  [CUDA memcpy DtoH]
      3.146      4     0.786     0.000     0.000     3.146        1.573  [CUDA memcpy HtoD]
      0.000      3     0.000     0.000     0.000     0.000        0.000  [CUDA memset]     

Generated:
    /home/jovyan/erda_mount/HPPC/HPPC_repo/Assignment_5_shallow_water/Code/report2.nsys-rep
    /home/jovyan/erda_mount/HPPC/HPPC_repo/Assignment_5_shallow_water/Code/report2.sqlite
