Version Checksum Elapsed_time grid_size N_gangs vec_length
 0 263536 29.1735 4096 0 0
 1 263536 169.94 4096 1 128
 2 263536 169.952 4096 1 128
 3 263536 170.379 4096 1 128
 0 263536 28.6505 4096 0 0
 1 263536 170.516 4096 1 128
 2 263536 169.899 4096 1 128
 3 263536 170.358 4096 1 128
 0 263536 29.1945 4096 0 0
 1 263536 169.978 4096 1 128
 2 263536 169.91 4096 1 128
 3 263536 170.364 4096 1 128
 0 263536 28.7068 4096 0 0
 1 263536 169.956 4096 1 128
 2 263536 169.995 4096 1 128
 3 263536 170.382 4096 1 128
 0 263536 29.1361 4096 0 0
 1 263536 169.99 4096 1 128
 2 263536 169.879 4096 1 128
 3 263536 170.814 4096 1 128
 0 263536 29.077 4096 0 0
 1 263536 169.952 4096 1 128
 2 263536 170.639 4096 1 128
 3 263536 170.382 4096 1 128
 1 263536 32.7908 4096 6 128
 2 263536 32.7295 4096 6 128
 3 263536 33.2817 4096 6 128
 1 263536 32.7668 4096 6 128
 2 263536 32.73 4096 6 128
 3 263536 33.2445 4096 6 128
 1 263536 32.8652 4096 6 128
 2 263536 32.8774 4096 6 128
 3 263536 33.2234 4096 6 128
 1 263536 32.7736 4096 6 128
 2 263536 32.7163 4096 6 128
 3 263536 33.2101 4096 6 128
 1 263536 32.7653 4096 6 128
 2 263536 32.7198 4096 6 128
 3 263536 33.3195 4096 6 128
 1 263536 32.7938 4096 6 128
 2 263536 32.8246 4096 6 128
 3 263536 33.2272 4096 6 128
 1 263536 19.3164 4096 11 128
 2 263536 19.245 4096 11 128
 3 263536 19.4587 4096 11 128
 1 263536 19.3178 4096 11 128
 2 263536 19.2453 4096 11 128
 3 263536 19.4418 4096 11 128
 1 263536 19.3023 4096 11 128
 2 263536 19.2666 4096 11 128
 3 263536 19.4913 4096 11 128
 1 263536 19.314 4096 11 128
 2 263536 19.2756 4096 11 128
 3 263536 19.5819 4096 11 128
 1 263536 19.3249 4096 11 128
 2 263536 19.2529 4096 11 128
 3 263536 19.5118 4096 11 128
 1 263536 19.4053 4096 11 128
 2 263536 19.2639 4096 11 128
 3 263536 19.5886 4096 11 128
 1 263536 14.5652 4096 16 128
 2 263536 14.5316 4096 16 128
 3 263536 14.6637 4096 16 128
 1 263536 14.5702 4096 16 128
 2 263536 14.504 4096 16 128
 3 263536 14.6736 4096 16 128
 1 263536 14.5455 4096 16 128
 2 263536 14.4892 4096 16 128
 3 263536 14.87 4096 16 128
 1 263536 14.5502 4096 16 128
 2 263536 14.5295 4096 16 128
 3 263536 14.7847 4096 16 128
 1 263536 14.5508 4096 16 128
 2 263536 14.5286 4096 16 128
 3 263536 14.6549 4096 16 128
 1 263536 14.5542 4096 16 128
 2 263536 14.7393 4096 16 128
 3 263536 14.6809 4096 16 128
 1 263536 11.6978 4096 21 128
 2 263536 11.6629 4096 21 128
 3 263536 11.8374 4096 21 128
 1 263536 11.6909 4096 21 128
 2 263536 11.5945 4096 21 128
 3 263536 11.8391 4096 21 128
 1 263536 11.9129 4096 21 128
 2 263536 11.6041 4096 21 128
 3 263536 11.8602 4096 21 128
 1 263536 11.6896 4096 21 128
 2 263536 11.5987 4096 21 128
 3 263536 11.8482 4096 21 128
 1 263536 11.6593 4096 21 128
 2 263536 11.6121 4096 21 128
 3 263536 11.8467 4096 21 128
 1 263536 11.6633 4096 21 128
 2 263536 11.5951 4096 21 128
 3 263536 11.8615 4096 21 128
 1 263536 10.0259 4096 26 128
 2 263536 9.94603 4096 26 128
 3 263536 10.1371 4096 26 128
 1 263536 9.99983 4096 26 128
 2 263536 9.96078 4096 26 128
 3 263536 10.061 4096 26 128
 1 263536 10.0131 4096 26 128
 2 263536 9.9297 4096 26 128
 3 263536 10.0702 4096 26 128
 1 263536 9.98958 4096 26 128
 2 263536 9.96855 4096 26 128
 3 263536 10.0604 4096 26 128
 1 263536 10.0121 4096 26 128
 2 263536 9.94892 4096 26 128
 3 263536 10.0592 4096 26 128
 1 263536 9.99926 4096 26 128
 2 263536 9.92609 4096 26 128
 3 263536 10.0851 4096 26 128
 1 263536 9.04134 4096 31 128
 2 263536 9.29562 4096 31 128
 3 263536 9.10094 4096 31 128
 1 263536 9.57523 4096 31 128
 2 263536 8.97698 4096 31 128
 3 263536 9.10844 4096 31 128
 1 263536 9.0356 4096 31 128
 2 263536 9.15312 4096 31 128
 3 263536 9.08293 4096 31 128
 1 263536 9.03603 4096 31 128
 2 263536 9.02199 4096 31 128
 3 263536 9.08715 4096 31 128
 1 263536 9.05395 4096 31 128
 2 263536 8.97914 4096 31 128
 3 263536 9.08744 4096 31 128
 1 263536 9.04519 4096 31 128
 2 263536 8.97846 4096 31 128
 3 263536 9.18154 4096 31 128
 1 263536 8.06192 4096 36 128
 2 263536 8.01552 4096 36 128
 3 263536 8.13351 4096 36 128
 1 263536 8.07355 4096 36 128
 2 263536 8.11285 4096 36 128
 3 263536 8.19338 4096 36 128
 1 263536 8.03932 4096 36 128
 2 263536 8.03546 4096 36 128
 3 263536 8.09158 4096 36 128
 1 263536 8.06302 4096 36 128
 2 263536 8.01796 4096 36 128
 3 263536 8.09845 4096 36 128
 1 263536 8.06462 4096 36 128
 2 263536 8.13675 4096 36 128
 3 263536 8.06096 4096 36 128
 1 263536 8.06115 4096 36 128
 2 263536 8.2367 4096 36 128
 3 263536 8.29694 4096 36 128
 1 263536 7.70542 4096 41 128
 2 263536 7.41551 4096 41 128
 3 263536 7.47387 4096 41 128
 1 263536 7.45268 4096 41 128
 2 263536 7.47944 4096 41 128
 3 263536 7.42723 4096 41 128
 1 263536 7.43202 4096 41 128
 2 263536 7.41026 4096 41 128
 3 263536 7.46411 4096 41 128
 1 263536 7.51364 4096 41 128
 2 263536 7.44494 4096 41 128
 3 263536 7.651 4096 41 128
 1 263536 7.43217 4096 41 128
 2 263536 7.39655 4096 41 128
 3 263536 8.46974 4096 41 128
 1 263536 7.44354 4096 41 128
 2 263536 7.43213 4096 41 128
 3 263536 7.44219 4096 41 128
 1 263536 7.07984 4096 46 128
 2 263536 7.06735 4096 46 128
 3 263536 7.25607 4096 46 128
 1 263536 7.12206 4096 46 128
 2 263536 7.03918 4096 46 128
 3 263536 7.07844 4096 46 128
 1 263536 7.08817 4096 46 128
 2 263536 7.03684 4096 46 128
 3 263536 7.18418 4096 46 128
 1 263536 7.08346 4096 46 128
 2 263536 7.06054 4096 46 128
 3 263536 7.2286 4096 46 128
 1 263536 7.07237 4096 46 128
 2 263536 7.04079 4096 46 128
 3 263536 7.06472 4096 46 128
 1 263536 7.30917 4096 46 128
 2 263536 7.03926 4096 46 128
 3 263536 7.10177 4096 46 128
 1 263536 6.72243 4096 51 128
 2 263536 6.68372 4096 51 128
 3 263536 6.65814 4096 51 128
 1 263536 7.87405 4096 51 128
 2 263536 6.64886 4096 51 128
 3 263536 6.75182 4096 51 128
 1 263536 6.80361 4096 51 128
 2 263536 6.63679 4096 51 128
 3 263536 6.78229 4096 51 128
 1 263536 6.65331 4096 51 128
 2 263536 6.65794 4096 51 128
 3 263536 6.70193 4096 51 128
 1 263536 6.66113 4096 51 128
 2 263536 6.79629 4096 51 128
 3 263536 6.65403 4096 51 128
 1 263536 6.71808 4096 51 128
 2 263536 6.65896 4096 51 128
 3 263536 6.6915 4096 51 128
 1 263536 6.39094 4096 56 128
 2 263536 6.32441 4096 56 128
 3 263536 6.36979 4096 56 128
 1 263536 6.37476 4096 56 128
 2 263536 6.3678 4096 56 128
 3 263536 6.35114 4096 56 128
 1 263536 6.39831 4096 56 128
 2 263536 6.44016 4096 56 128
 3 263536 6.3751 4096 56 128
 1 263536 6.37103 4096 56 128
 2 263536 6.33672 4096 56 128
 3 263536 6.3587 4096 56 128
 1 263536 6.36918 4096 56 128
 2 263536 6.33327 4096 56 128
 3 263536 6.39051 4096 56 128
 1 263536 6.59463 4096 56 128
 2 263536 6.36438 4096 56 128
 3 263536 6.35941 4096 56 128
 1 263536 6.14669 4096 61 128
 2 263536 6.19777 4096 61 128
 3 263536 6.11309 4096 61 128
 1 263536 6.13609 4096 61 128
 2 263536 6.12069 4096 61 128
 3 263536 6.17347 4096 61 128
 1 263536 6.1325 4096 61 128
 2 263536 6.12381 4096 61 128
 3 263536 6.11005 4096 61 128
 1 263536 6.15698 4096 61 128
 2 263536 6.2306 4096 61 128
 3 263536 6.09381 4096 61 128
 1 263536 6.14296 4096 61 128
 2 263536 6.09796 4096 61 128
 3 263536 6.12322 4096 61 128
 1 263536 6.13145 4096 61 128
 2 263536 6.1171 4096 61 128
 3 263536 6.10083 4096 61 128
 1 263536 5.95019 4096 66 128
 2 263536 5.91172 4096 66 128
 3 263536 5.88553 4096 66 128
 1 263536 5.94321 4096 66 128
 2 263536 5.892 4096 66 128
 3 263536 5.92893 4096 66 128
 1 263536 5.93045 4096 66 128
 2 263536 6.14882 4096 66 128
 3 263536 5.8919 4096 66 128
 1 263536 5.95811 4096 66 128
 2 263536 5.88458 4096 66 128
 3 263536 5.92229 4096 66 128
 1 263536 5.91233 4096 66 128
 2 263536 5.9163 4096 66 128
 3 263536 6.01375 4096 66 128
 1 263536 5.93485 4096 66 128
 2 263536 5.97672 4096 66 128
 3 263536 5.96393 4096 66 128
 1 263536 5.74664 4096 71 128
 2 263536 5.92975 4096 71 128
 3 263536 5.72326 4096 71 128
 1 263536 5.71716 4096 71 128
 2 263536 5.70267 4096 71 128
 3 263536 5.70082 4096 71 128
 1 263536 5.75305 4096 71 128
 2 263536 5.7028 4096 71 128
 3 263536 5.72775 4096 71 128
 1 263536 5.73094 4096 71 128
 2 263536 5.72576 4096 71 128
 3 263536 5.70295 4096 71 128
 1 263536 6.38308 4096 71 128
 2 263536 5.70235 4096 71 128
 3 263536 5.72179 4096 71 128
 1 263536 5.77207 4096 71 128
 2 263536 5.69771 4096 71 128
 3 263536 5.91666 4096 71 128
 1 263536 5.65672 4096 76 128
 2 263536 5.62277 4096 76 128
 3 263536 5.61039 4096 76 128
 1 263536 5.70649 4096 76 128
 2 263536 5.69155 4096 76 128
 3 263536 5.63633 4096 76 128
 1 263536 5.63997 4096 76 128
 2 263536 5.6294 4096 76 128
 3 263536 5.81533 4096 76 128
 1 263536 5.67808 4096 76 128
 2 263536 5.59932 4096 76 128
 3 263536 5.64359 4096 76 128
 1 263536 5.67611 4096 76 128
 2 263536 5.6309 4096 76 128
 3 263536 5.61531 4096 76 128
 1 263536 5.63409 4096 76 128
 2 263536 5.86078 4096 76 128
 3 263536 5.65854 4096 76 128
 1 263536 5.56241 4096 81 128
 2 263536 5.50459 4096 81 128
 3 263536 5.51654 4096 81 128
 1 263536 5.55516 4096 81 128
 2 263536 5.5117 4096 81 128
 3 263536 5.52635 4096 81 128
 1 263536 5.59299 4096 81 128
 2 263536 5.52129 4096 81 128
 3 263536 5.60963 4096 81 128
 1 263536 5.56699 4096 81 128
 2 263536 5.50877 4096 81 128
 3 263536 5.52961 4096 81 128
 1 263536 5.55759 4096 81 128
 2 263536 5.53075 4096 81 128
 3 263536 5.76571 4096 81 128
 1 263536 5.55404 4096 81 128
 2 263536 5.50847 4096 81 128
 3 263536 5.53173 4096 81 128
 1 263536 5.45248 4096 86 128
 2 263536 5.40617 4096 86 128
 3 263536 5.43576 4096 86 128
 1 263536 5.43821 4096 86 128
 2 263536 5.42571 4096 86 128
 3 263536 5.52337 4096 86 128
 1 263536 5.45272 4096 86 128
 2 263536 5.50991 4096 86 128
 3 263536 5.46557 4096 86 128
 1 263536 5.43061 4096 86 128
 2 263536 5.41986 4096 86 128
 3 263536 5.40932 4096 86 128
 1 263536 5.44996 4096 86 128
 2 263536 5.40121 4096 86 128
 3 263536 5.46182 4096 86 128
 1 263536 5.44324 4096 86 128
 2 263536 5.42574 4096 86 128
 3 263536 5.4819 4096 86 128
 1 263536 5.37929 4096 91 128
 2 263536 5.33993 4096 91 128
 3 263536 5.41647 4096 91 128
 1 263536 5.48234 4096 91 128
 2 263536 5.29982 4096 91 128
 3 263536 5.39464 4096 91 128
 1 263536 5.4014 4096 91 128
 2 263536 5.44251 4096 91 128
 3 263536 5.35015 4096 91 128
 1 263536 5.43173 4096 91 128
 2 263536 5.3241 4096 91 128
 3 263536 5.3271 4096 91 128
 1 263536 5.35876 4096 91 128
 2 263536 5.32069 4096 91 128
 3 263536 5.34153 4096 91 128
 1 263536 5.34022 4096 91 128
 2 263536 5.53814 4096 91 128
 3 263536 5.32963 4096 91 128
 1 263536 5.23192 4096 96 128
 2 263536 5.18762 4096 96 128
 3 263536 5.27926 4096 96 128
 1 263536 5.2162 4096 96 128
 2 263536 5.25221 4096 96 128
 3 263536 5.1889 4096 96 128
 1 263536 5.21904 4096 96 128
 2 263536 5.18125 4096 96 128
 3 263536 5.18234 4096 96 128
 1 263536 5.23871 4096 96 128
 2 263536 5.18588 4096 96 128
 3 263536 5.42301 4096 96 128
 1 263536 5.21573 4096 96 128
 2 263536 5.20232 4096 96 128
 3 263536 5.18051 4096 96 128
 1 263536 5.32549 4096 96 128
 2 263536 5.4439 4096 96 128
 3 263536 5.22873 4096 96 128
 1 263536 5.23151 4096 101 128
 2 263536 5.19094 4096 101 128
 3 263536 5.28573 4096 101 128
 1 263536 5.22404 4096 101 128
 2 263536 5.22825 4096 101 128
 3 263536 5.2541 4096 101 128
 1 263536 5.21367 4096 101 128
 2 263536 5.51963 4096 101 128
 3 263536 5.56605 4096 101 128
 1 263536 5.22323 4096 101 128
 2 263536 5.288 4096 101 128
 3 263536 5.37346 4096 101 128
 1 263536 5.24487 4096 101 128
 2 263536 5.20078 4096 101 128
 3 263536 5.24003 4096 101 128
 1 263536 5.26708 4096 101 128
 2 263536 6.01777 4096 101 128
 3 263536 5.19836 4096 101 128
 1 263536 5.27614 4096 106 128
 2 263536 5.15091 4096 106 128
 3 263536 5.15947 4096 106 128
 1 263536 5.14721 4096 106 128
 2 263536 5.3276 4096 106 128
 3 263536 5.34428 4096 106 128
 1 263536 5.14701 4096 106 128
 2 263536 5.1248 4096 106 128
 3 263536 5.23459 4096 106 128
 1 263536 5.17478 4096 106 128
 2 263536 5.10603 4096 106 128
 3 263536 5.1455 4096 106 128
 1 263536 5.35343 4096 106 128
 2 263536 5.12085 4096 106 128
 3 263536 5.11477 4096 106 128
 1 263536 5.14353 4096 106 128
 2 263536 5.24114 4096 106 128
 3 263536 5.11287 4096 106 128
 1 263536 5.10025 4096 111 128
 2 263536 5.04048 4096 111 128
 3 263536 5.08892 4096 111 128
 1 263536 5.21164 4096 111 128
 2 263536 5.07952 4096 111 128
 3 263536 5.04629 4096 111 128
 1 263536 5.12 4096 111 128
 2 263536 5.17904 4096 111 128
 3 263536 5.08266 4096 111 128
 1 263536 5.07924 4096 111 128
 2 263536 5.97095 4096 111 128
 3 263536 5.20391 4096 111 128
 1 263536 5.13045 4096 111 128
 2 263536 5.07909 4096 111 128
 3 263536 5.07408 4096 111 128
 1 263536 5.2121 4096 111 128
 2 263536 5.04123 4096 111 128
 3 263536 5.08407 4096 111 128
 1 263536 5.06443 4096 116 128
 2 263536 5.00352 4096 116 128
 3 263536 5.04134 4096 116 128
 1 263536 5.0394 4096 116 128
 2 263536 5.035 4096 116 128
 3 263536 6.42721 4096 116 128
 1 263536 5.06131 4096 116 128
 2 263536 5.01948 4096 116 128
 3 263536 5.01635 4096 116 128
 1 263536 5.04644 4096 116 128
 2 263536 5.00454 4096 116 128
 3 263536 5.0375 4096 116 128
 1 263536 5.03733 4096 116 128
 2 263536 5.01971 4096 116 128
 3 263536 5.00847 4096 116 128
 1 263536 5.14163 4096 116 128
 2 263536 5.00716 4096 116 128
 3 263536 5.01655 4096 116 128
 1 263536 5.01608 4096 121 128
 2 263536 4.9678 4096 121 128
 3 263536 4.97608 4096 121 128
 1 263536 5.02274 4096 121 128
 2 263536 4.95469 4096 121 128
 3 263536 4.96493 4096 121 128
 1 263536 5.03337 4096 121 128
 2 263536 4.96456 4096 121 128
 3 263536 4.98109 4096 121 128
 1 263536 5.02046 4096 121 128
 2 263536 4.9643 4096 121 128
 3 263536 4.96265 4096 121 128
 1 263536 4.99583 4096 121 128
 2 263536 4.95502 4096 121 128
 3 263536 4.98831 4096 121 128
 1 263536 5.02425 4096 121 128
 2 263536 4.97466 4096 121 128
 3 263536 4.99462 4096 121 128
 1 263536 18.6793 4096 126 128
 2 263536 15.121 4096 126 128
 3 263536 15.0876 4096 126 128
 1 263536 18.6764 4096 126 128
 2 263536 15.12 4096 126 128
 3 263536 15.3464 4096 126 128
 1 263536 18.7277 4096 126 128
 2 263536 15.0716 4096 126 128
 3 263536 15.0341 4096 126 128
 1 263536 4.94168 4096 126 128
 2 263536 15.1937 4096 126 128
 3 263536 15.0834 4096 126 128
 1 263536 18.686 4096 126 128
 2 263536 15.1301 4096 126 128
 3 263536 15.4031 4096 126 128
 1 263536 18.6865 4096 126 128
 2 263536 15.1305 4096 126 128
 3 263536 15.078 4096 126 128
 1 263536 5.10567 4096 131 128
 2 263536 14.2371 4096 131 128
 3 263536 15.0838 4096 131 128
 1 263536 18.6384 4096 131 128
 2 263536 15.2647 4096 131 128
 3 263536 15.0802 4096 131 128
 1 263536 18.7156 4096 131 128
 2 263536 15.1465 4096 131 128
 3 263536 15.1096 4096 131 128
 1 263536 19.9082 4096 131 128
 2 263536 12.9618 4096 131 128
 3 263536 4.91066 4096 131 128
 1 263536 4.91429 4096 131 128
 2 263536 4.91401 4096 131 128
 3 263536 4.86761 4096 131 128
 1 263536 4.94103 4096 131 128
 2 263536 5.2795 4096 131 128
 3 263536 4.96439 4096 131 128
 1 263536 18.7214 4096 136 128
 2 263536 15.7938 4096 136 128
 3 263536 15.9045 4096 136 128
 1 263536 18.8631 4096 136 128
 2 263536 15.0632 4096 136 128
 3 263536 15.0764 4096 136 128
 1 263536 18.7209 4096 136 128
 2 263536 15.0435 4096 136 128
 3 263536 15.0364 4096 136 128
 1 263536 18.7463 4096 136 128
 2 263536 9.4865 4096 136 128
 3 263536 5.01349 4096 136 128
 1 263536 19.0607 4096 136 128
 2 263536 15.0487 4096 136 128
 3 263536 15.0889 4096 136 128
 1 263536 18.7223 4096 136 128
 2 263536 15.0242 4096 136 128
 3 263536 15.0662 4096 136 128
 1 263536 18.622 4096 141 128
 2 263536 15.0344 4096 141 128
 3 263536 5.03773 4096 141 128
 1 263536 4.91129 4096 141 128
 2 263536 4.82191 4096 141 128
 3 263536 14.9998 4096 141 128
 1 263536 18.5563 4096 141 128
 2 263536 15.0285 4096 141 128
 3 263536 15.0356 4096 141 128
 1 263536 18.6735 4096 141 128
 2 263536 15.5692 4096 141 128
 3 263536 15.6288 4096 141 128
 1 263536 19.3998 4096 141 128
 2 263536 15.6011 4096 141 128
 3 263536 15.4428 4096 141 128
 1 263536 4.89006 4096 141 128
 2 263536 5.21263 4096 141 128
 3 263536 5.29829 4096 141 128
