Position_x Position_y Position_z Spin_x Spin_y Spin_z Spin_energy Temperature n_spins
0 0 0 -0.0541955 -0.0196645 -0.998337 -2.96815 0.201 729
0 0 10 -0.0261797 0.154423 -0.987658 -2.94817
0 0 20 0.0200572 -0.0227664 -0.99954 -2.96091
0 0 30 0.0737504 0.0724233 -0.994644 -2.77961
0 0 40 0.223265 0.164988 -0.960693 -2.91766
0 0 50 0.385965 -0.0548806 -0.92088 -2.74622
0 0 60 -0.284191 -0.0314434 -0.958252 -2.80834
0 0 70 0.0161465 -0.0625948 -0.997908 -2.83498
0 0 80 0.0642438 0.11168 -0.991665 -2.90617
0 0 90 0.00382836 0.0362654 -0.999335 -2.83199
0 10 0 0.120809 0.0221586 -0.992428 -2.82551
0 10 10 0.516433 0.423903 -0.744045 -2.42509
0 10 20 0.0424538 0.0924062 -0.994816 -2.81378
0 10 30 0.0674304 0.0504261 -0.996449 -2.93622
0 10 40 -0.200272 0.00841962 -0.979704 -2.92163
0 10 50 -0.510867 0.00499422 -0.859645 -2.67045
0 10 60 0.127773 0.138201 -0.982127 -2.66686
0 10 70 -0.144476 -0.67112 -0.727134 -1.97566
0 10 80 -0.0268032 -0.0476752 -0.998503 -2.75286
0 10 90 0.0890681 0.252908 -0.963382 -2.73612
0 20 0 -0.378258 0.22677 -0.897494 -2.63657
0 20 10 0.000109526 0.000561793 -1 -2.93716
0 20 20 -0.172266 -0.0445639 -0.984042 -2.8809
0 20 30 0.0343935 -0.0386309 -0.998661 -2.82253
0 20 40 -0.080533 0.0463085 -0.995676 -2.57169
0 20 50 0.00398246 0.0644247 -0.997915 -2.73416
0 20 60 -0.362988 -0.345863 -0.865227 -2.70304
0 20 70 -0.175438 -0.0257974 -0.984152 -2.86772
0 20 80 -0.00698442 -0.0513828 -0.998655 -2.83332
0 20 90 -0.0021136 0.000731229 -0.999997 -2.81734
0 30 0 -0.541578 -0.406781 -0.735678 -2.30113
0 30 10 0.09774 0.0393382 -0.994434 -2.77737
0 30 20 0.495473 0.541339 -0.679307 -2.01803
0 30 30 -0.24475 0.175977 -0.953483 -2.54469
0 30 40 -0.0339699 -0.182505 -0.982618 -2.7652
0 30 50 0.0532513 0.234076 -0.970759 -2.86557
0 30 60 -0.0641194 0.230996 -0.97084 -2.86046
0 30 70 0.00582775 0.06253 -0.998026 -2.83494
0 30 80 -0.0272174 -0.456 -0.889563 -2.68585
0 30 90 -0.0685944 0.0260552 -0.997304 -2.75389
0 40 0 0.572619 -0.546656 -0.610962 -1.82771
0 40 10 0.487971 -0.0739409 -0.869722 -2.45104
0 40 20 -0.0827411 0.0488018 -0.995375 -2.80878
0 40 30 -0.0178875 -0.027702 -0.999456 -2.94585
0 40 40 0.240243 0.0428056 -0.969769 -2.65703
0 40 50 -0.314514 0.464319 -0.827942 -2.49959
0 40 60 -0.0024278 -0.0304039 -0.999535 -2.79372
0 40 70 0.0264842 0.0232809 -0.999378 -2.65015
0 40 80 0.00435814 0.00423945 -0.999982 -2.77086
0 40 90 -0.0926656 0.0972859 -0.990933 -2.82115
0 50 0 -0.337704 0.238341 -0.910577 -2.84101
0 50 10 -0.00707116 0.13674 -0.990582 -2.9107
0 50 20 -0.184084 -0.0208836 -0.982689 -2.83658
0 50 30 -0.0528816 0.0919418 -0.994359 -2.66407
0 50 40 -0.268872 0.319135 -0.908769 -2.7629
0 50 50 0.0344176 0.182317 -0.982637 -2.88341
0 50 60 -0.239375 0.157796 -0.958019 -2.84185
0 50 70 -0.0299486 0.180775 -0.983068 -2.89789
0 50 80 -0.000830529 0.145678 -0.989332 -2.90787
0 50 90 0.183711 -0.0914589 -0.978716 -2.87634
0 60 0 0.171742 0.362365 -0.916077 -2.61872
0 60 10 0.444951 -0.339528 -0.828697 -2.507
0 60 20 0.0066926 -0.066594 -0.997758 -2.81272
0 60 30 -0.000776046 0.0255377 -0.999674 -2.96245
0 60 40 -0.0262646 -5.76706e-05 -0.999655 -2.90092
0 60 50 -0.0158062 -0.0922721 -0.995608 -2.88085
0 60 60 0.0613256 -0.0409154 -0.997279 -2.97105
0 60 70 0.0415135 0.070893 -0.99662 -2.90998
0 60 80 0.230065 -0.206507 -0.951013 -2.77754
0 60 90 -0.0587848 -0.0946406 -0.993774 -2.82929
0 70 0 -0.204849 -0.0240505 -0.978498 -2.95735
0 70 10 -0.362981 -0.0452561 -0.930697 -2.87733
0 70 20 0.0115245 0.533093 -0.845978 -2.56295
0 70 30 0.0770067 -0.0602921 -0.995206 -2.8663
0 70 40 -0.0121807 -0.00447977 -0.999916 -2.91467
0 70 50 0.310469 -0.125275 -0.942292 -2.70996
0 70 60 -0.130091 0.00685702 -0.991478 -2.84884
0 70 70 -0.0585308 -0.107137 -0.99252 -2.96784
0 70 80 -0.0297608 0.110326 -0.99345 -2.91738
0 70 90 -0.362877 0.00994291 -0.931784 -2.79079
0 80 0 0.0423784 0.128903 -0.990751 -2.87176
0 80 10 0.0835451 0.279699 -0.956446 -2.59254
0 80 20 -0.395926 0.0819509 -0.914618 -2.69815
0 80 30 -0.000121182 -0.036657 -0.999328 -2.83232
0 80 40 -0.413139 -0.188692 -0.890905 -2.60629
0 80 50 -0.0509622 -0.060473 -0.996868 -2.91196
0 80 60 0.0443769 -0.112987 -0.992605 -2.8933
0 80 70 -0.0967251 0.199432 -0.975126 -2.87473
0 80 80 0.02321 0.184989 -0.982467 -2.8978
0 80 90 0.0240251 -0.0599861 -0.99791 -2.94077
0 90 0 -0.0364294 -0.0342065 -0.998751 -2.7876
0 90 10 -0.206962 0.168582 -0.963715 -2.89393
0 90 20 0.118209 0.414259 -0.90245 -2.52162
0 90 30 -0.335058 0.152141 -0.929833 -2.78853
0 90 40 -0.00893121 0.0970598 -0.995238 -2.78968
0 90 50 0.0575907 0.121392 -0.990933 -2.90508
0 90 60 0.230083 -0.267575 -0.935663 -2.61762
0 90 70 -0.0432299 0.00898338 -0.999025 -2.92952
0 90 80 -0.106582 -0.111103 -0.988077 -2.95297
0 90 90 -0.106919 -0.0181899 -0.994101 -2.89074
10 0 0 0.26498 -0.0950535 -0.959557 -2.75873
10 0 10 0.0371653 -0.0136611 -0.999216 -2.90758
10 0 20 -0.117519 -0.136346 -0.983666 -2.88823
10 0 30 0.032783 0.0209732 -0.999242 -2.9494
10 0 40 0.215895 0.0404093 -0.97558 -2.77117
10 0 50 -0.0390015 0.120917 -0.991896 -2.78617
10 0 60 -0.340174 -0.323124 -0.883104 -2.52505
10 0 70 -0.180851 -0.0931374 -0.979091 -2.94237
10 0 80 0.0114496 -0.0389934 -0.999174 -2.94948
10 0 90 0.00735327 -0.0232146 -0.999703 -2.8905
10 10 0 -0.140484 0.154337 -0.97798 -2.9164
10 10 10 -0.00599798 0.00202128 -0.99998 -2.94873
10 10 20 -0.0145225 0.0391555 -0.999128 -2.91318
10 10 30 0.0219545 0.0275866 -0.999378 -2.89278
10 10 40 -0.065334 0.0674622 -0.99558 -2.89698
10 10 50 -0.19181 0.0280696 -0.981031 -2.93401
10 10 60 -0.0557737 -0.177109 -0.98261 -2.91628
10 10 70 0.000401347 -0.0173494 -0.999849 -2.96891
10 10 80 -0.181511 0.135673 -0.973985 -2.8783
10 10 90 -0.118572 -0.285228 -0.951097 -2.71854
10 20 0 -0.343604 -0.338418 -0.876019 -2.34978
10 20 10 0.378616 0.47367 -0.795164 -2.26093
10 20 20 0.0715858 0.175142 -0.981937 -2.90341
10 20 30 0.0816068 0.00883158 -0.996625 -2.94832
10 20 40 -0.118339 -0.173454 -0.977706 -2.83044
10 20 50 0.093227 -0.0901153 -0.991558 -2.87655
10 20 60 -0.285135 -0.248067 -0.92583 -2.79363
10 20 70 0.0054165 0.143013 -0.989706 -2.71527
10 20 80 0.0359867 -0.00115217 -0.999352 -2.82895
10 20 90 -0.370208 0.323224 -0.870903 -2.50229
10 30 0 -0.0125395 0.162108 -0.986693 -2.8881
10 30 10 -0.0942264 -0.157724 -0.982977 -2.92225
10 30 20 0.0681556 -0.125889 -0.9897 -2.94656
10 30 30 -0.0734544 0.0170365 -0.997153 -2.92435
10 30 40 -0.233178 -0.136421 -0.962817 -2.93441
10 30 50 -0.153563 0.0098054 -0.98809 -2.94925
10 30 60 0.182334 0.15038 -0.971669 -2.87131
10 30 70 0.111319 -0.0114571 -0.993719 -2.72863
10 30 80 0.0531278 -0.133441 -0.989632 -2.91689
10 30 90 -0.148642 -0.0437314 -0.987924 -2.90799
10 40 0 0.0142856 0.103009 -0.994578 -2.9407
10 40 10 0.0761012 -0.0733306 -0.9944 -2.91943
10 40 20 0.00913953 0.000694502 -0.999958 -2.94036
10 40 30 0.0204351 -0.0106357 -0.999735 -2.90162
10 40 40 0.337745 -0.010707 -0.941177 -2.86038
10 40 50 0.128287 -0.00981539 -0.991689 -2.91218
10 40 60 0.131299 0.149962 -0.979935 -2.74404
10 40 70 0.0078482 -0.0583481 -0.998265 -2.95465
10 40 80 0.0504777 4.59977e-05 -0.998725 -2.89635
10 40 90 -0.253698 -0.0772787 -0.964192 -2.90108
10 50 0 -0.327888 -0.0685647 -0.942225 -2.80262
10 50 10 0.157688 -0.0846712 -0.983852 -2.8516
10 50 20 0.00538122 -0.038092 -0.99926 -2.93635
10 50 30 -0.135641 -0.0284483 -0.99035 -2.86685
10 50 40 -0.593641 0.158201 -0.789026 -2.46808
10 50 50 -0.123662 0.102756 -0.98699 -2.86027
10 50 60 -0.087082 -0.0822155 -0.992803 -2.79734
10 50 70 -0.242762 0.0662571 -0.967821 -2.93204
10 50 80 0.0557527 0.106041 -0.992798 -2.84788
10 50 90 0.371338 -0.332734 -0.866831 -2.57631
10 60 0 0.0200402 -0.184122 -0.982699 -2.85468
10 60 10 0.0653033 0.0714977 -0.995301 -2.93266
10 60 20 -0.117308 0.0588128 -0.991353 -2.75006
10 60 30 -0.358451 -0.268613 -0.894069 -2.46541
10 60 40 0.391708 0.313189 -0.865146 -2.41568
10 60 50 -0.152598 0.21972 -0.963554 -2.82416
10 60 60 0.089819 0.0793803 -0.99279 -2.92498
10 60 70 0.0283563 -0.0541384 -0.998131 -2.83133
10 60 80 -0.0151633 0.0328476 -0.999345 -2.88118
10 60 90 0.0414696 -0.227452 -0.972906 -2.78898
10 70 0 0.364811 0.345285 -0.864691 -2.41537
10 70 10 0.0236179 -0.0373315 -0.999024 -2.84247
10 70 20 -0.0478049 0.0333164 -0.998301 -2.82577
10 70 30 0.0538673 0.0761261 -0.995642 -2.96464
10 70 40 0.0707328 -0.0761402 -0.994585 -2.8911
10 70 50 -0.0377791 -0.0980191 -0.994467 -2.9547
10 70 60 -0.145336 0.114902 -0.982688 -2.91163
10 70 70 0.0347808 -0.11213 -0.993085 -2.95324
10 70 80 -0.0169916 0.0972116 -0.995119 -2.89545
10 70 90 -0.193049 -0.193322 -0.961956 -2.8715
10 80 0 -0.247827 -0.514215 -0.821075 -2.56254
10 80 10 0.0200814 0.0771832 -0.996815 -2.82983
10 80 20 -0.357243 0.207704 -0.910624 -2.74309
10 80 30 0.151776 0.174588 -0.972874 -2.72919
10 80 40 0.205657 0.195703 -0.958856 -2.77014
10 80 50 0.0388401 0.0031978 -0.99924 -2.80473
10 80 60 -0.0591211 -0.0224506 -0.997998 -2.96468
10 80 70 0.0237668 -0.00563175 -0.999702 -2.94075
10 80 80 0.101824 -0.218906 -0.970418 -2.86502
10 80 90 -0.0212706 -0.00786838 -0.999743 -2.96875
10 90 0 -0.0700907 -0.113398 -0.991074 -2.78587
10 90 10 0.310921 -0.0738206 -0.947565 -2.81794
10 90 20 0.239311 0.104285 -0.965326 -2.94923
10 90 30 0.0101689 -0.0138923 -0.999852 -2.70746
10 90 40 0.0591283 0.0195223 -0.998059 -2.93493
10 90 50 0.042698 -0.0579659 -0.997405 -2.95805
10 90 60 -0.0079937 -0.0111748 -0.999906 -2.94475
10 90 70 0.22892 -0.173568 -0.957846 -2.88849
10 90 80 0.00138919 -0.00138508 -0.999998 -2.90301
10 90 90 -0.256208 -0.0483712 -0.965411 -2.76383
20 0 0 0.357698 -0.0238927 -0.933532 -2.69481
20 0 10 0.483106 -0.631513 -0.606465 -1.935
20 0 20 -0.103188 -0.331165 -0.937914 -2.61856
20 0 30 -0.0790806 0.0332825 -0.996312 -2.90896
20 0 40 0.0788597 -0.126372 -0.988843 -2.88283
20 0 50 0.373852 -0.216931 -0.901763 -2.82964
20 0 60 -0.0859111 -0.0702449 -0.993823 -2.88141
20 0 70 -0.111234 0.324037 -0.939482 -2.65878
20 0 80 -0.0223491 -0.0188999 -0.999572 -2.76145
20 0 90 0.294144 0.286711 -0.911743 -2.48191
20 10 0 0.187111 0.172055 -0.967154 -2.84473
20 10 10 0.0374835 0.159479 -0.986489 -2.95989
20 10 20 -0.0452159 0.0262141 -0.998633 -2.96163
20 10 30 0.0872048 -0.0784846 -0.993094 -2.92672
20 10 40 -0.0155233 -0.077006 -0.99691 -2.85286
20 10 50 0.0991941 -0.231224 -0.96783 -2.74091
20 10 60 0.145311 -0.0871113 -0.985544 -2.93099
20 10 70 0.0938303 -0.194628 -0.976379 -2.75409
20 10 80 -0.0839646 0.435475 -0.896277 -2.55138
20 10 90 -0.067452 0.11502 -0.99107 -2.9303
20 20 0 -0.0998421 -0.0225176 -0.994748 -2.98231
20 20 10 2.10245e-05 0.00415027 -0.999991 -2.93844
20 20 20 -0.0178748 -0.0256495 -0.999511 -2.94681
20 20 30 -0.283685 -0.0912338 -0.954567 -2.55713
20 20 40 0.483238 -0.191842 -0.854212 -2.6338
20 20 50 0.141391 -0.0055721 -0.989938 -2.86517
20 20 60 -0.323083 -0.265141 -0.90847 -2.50712
20 20 70 -0.0143276 0.358572 -0.933392 -2.63286
20 20 80 0.0388521 0.00449918 -0.999235 -2.8784
20 20 90 0.194683 0.248131 -0.948962 -2.80988
20 30 0 -0.0810168 -0.152666 -0.984951 -2.72157
20 30 10 0.395668 -0.521028 -0.756292 -2.33773
20 30 20 0.388642 -0.26821 -0.881488 -2.78213
20 30 30 0.124167 0.0702223 -0.989773 -2.90503
20 30 40 0.0862871 0.190388 -0.977909 -2.83748
20 30 50 -0.0599979 0.0236707 -0.997918 -2.93657
20 30 60 0.00907688 -0.0140385 -0.99986 -2.94355
20 30 70 -0.0322583 -0.0684452 -0.997133 -2.93368
20 30 80 0.0190692 -0.0142721 -0.999716 -2.95272
20 30 90 -0.187307 -0.119562 -0.974998 -2.74511
20 40 0 0.000851885 -0.00049854 -1 -2.91297
20 40 10 -0.00611384 -0.0233207 -0.999709 -2.98156
20 40 20 -0.0630965 0.000317887 -0.998007 -2.97669
20 40 30 -0.0186345 -0.00853002 -0.99979 -2.91845
20 40 40 0.317278 -0.260417 -0.911876 -2.56559
20 40 50 -0.0943338 -0.0927931 -0.991207 -2.88498
20 40 60 -0.120398 0.0313999 -0.992229 -2.83159
20 40 70 -0.0988537 -0.250764 -0.962988 -2.86706
20 40 80 0.0331992 0.0384729 -0.998708 -2.8999
20 40 90 -0.11379 -0.0512509 -0.992182 -2.96349
20 50 0 -0.111477 0.0879928 -0.989864 -2.96545
20 50 10 -0.102439 0.185183 -0.97735 -2.84494
20 50 20 -0.233316 -0.352922 -0.906096 -2.6809
20 50 30 0.103303 -0.0628734 -0.992661 -2.86507
20 50 40 0.395787 0.302844 -0.86697 -2.60783
20 50 50 0.115375 -0.0377638 -0.992604 -2.85102
20 50 60 0.214095 0.158983 -0.963788 -2.96544
20 50 70 0.251092 0.0483402 -0.966755 -2.83446
20 50 80 -0.0132388 -0.20543 -0.978582 -2.80725
20 50 90 0.235319 0.192051 -0.952755 -2.77986
20 60 0 -0.196457 -0.0102515 -0.980459 -2.76652
20 60 10 0.29263 -0.00809572 -0.956191 -2.88077
20 60 20 0.34987 -0.0681745 -0.934314 -2.79323
20 60 30 0.0497833 0.0702005 -0.99629 -2.83158
20 60 40 0.18649 0.255308 -0.948704 -2.65346
20 60 50 -0.0592008 -0.0213435 -0.998018 -2.65821
20 60 60 0.215712 0.0987345 -0.971452 -2.8359
20 60 70 0.247953 -0.0407646 -0.967914 -2.78154
20 60 80 -0.311332 -0.320602 -0.894588 -2.62915
20 60 90 0.110235 -0.13166 -0.985147 -2.87774
20 70 0 0.0304954 -0.238588 -0.970642 -2.71807
20 70 10 -0.538591 0.175179 -0.824155 -2.31874
20 70 20 -0.30467 -0.466672 -0.830297 -2.43412
20 70 30 -0.151658 -0.235304 -0.960016 -2.66746
20 70 40 -0.0449713 0.0120698 -0.998915 -2.81621
20 70 50 0.00458151 0.0164937 -0.999853 -2.92963
20 70 60 0.139329 0.135012 -0.980999 -2.82418
20 70 70 -0.0034912 -0.0111999 -0.999931 -2.8344
20 70 80 -0.50918 -0.43042 -0.745302 -2.3296
20 70 90 -0.291607 0.256556 -0.92149 -2.41466
20 80 0 -0.0420886 -0.0117696 -0.999045 -2.78603
20 80 10 0.382616 -0.387659 -0.838645 -2.56297
20 80 20 0.0166635 0.00839361 -0.999826 -2.83497
20 80 30 0.185707 0.140477 -0.972512 -2.89137
20 80 40 -0.0487463 -0.114037 -0.99228 -2.92828
20 80 50 -0.130356 -0.191456 -0.972806 -2.91097
20 80 60 -0.0283502 -0.318866 -0.947376 -2.74158
20 80 70 0.114081 -0.150643 -0.981984 -2.82685
20 80 80 -0.00271032 0.00824499 -0.999962 -2.86546
20 80 90 0.140913 -0.158751 -0.977211 -2.91556
20 90 0 -0.132248 0.00180654 -0.991215 -2.90963
20 90 10 0.0094056 -0.0273298 -0.999582 -2.84208
20 90 20 -0.0233706 0.0739476 -0.996988 -2.89822
20 90 30 -0.0213641 0.137304 -0.990299 -2.89775
20 90 40 0.270825 0.293764 -0.91671 -2.54966
20 90 50 -0.0210426 -0.0415298 -0.998916 -2.81389
20 90 60 0.289934 -0.0211804 -0.956812 -2.75025
20 90 70 0.27151 -0.062028 -0.960435 -2.91486
20 90 80 0.133129 0.0202517 -0.990892 -2.93741
20 90 90 0.184612 -0.0535095 -0.981354 -2.87212
30 0 0 0.0523284 -0.219592 -0.974187 -2.87497
30 0 10 0.218901 -0.000400007 -0.975747 -2.89742
30 0 20 0.127462 -0.255665 -0.958326 -2.74254
30 0 30 -0.161577 -0.188547 -0.968681 -2.87139
30 0 40 0.108086 -0.110217 -0.988013 -2.89355
30 0 50 -0.144051 -0.0715643 -0.986979 -2.91243
30 0 60 -0.143622 0.0191001 -0.989448 -2.94924
30 0 70 -0.119441 0.117866 -0.98582 -2.79456
30 0 80 -0.257128 0.12761 -0.957915 -2.68859
30 0 90 0.245704 -0.277697 -0.928716 -2.76455
30 10 0 0.190054 -0.0624082 -0.979788 -2.85449
30 10 10 -0.21876 -0.216229 -0.951519 -2.83535
30 10 20 -0.350362 -0.0640632 -0.934421 -2.69628
30 10 30 0.0855183 -0.0109935 -0.996276 -2.89744
30 10 40 -0.170282 -0.127737 -0.977081 -2.74806
30 10 50 0.0963009 0.454287 -0.885635 -2.66006
30 10 60 -0.05268 -0.0428449 -0.997692 -2.86081
30 10 70 0.00203407 -0.0230507 -0.999732 -2.90801
30 10 80 0.106736 0.247492 -0.962993 -2.75649
30 10 90 0.0866485 -0.34752 -0.93366 -2.70017
30 20 0 0.138147 0.0774604 -0.987378 -2.78154
30 20 10 -0.196694 0.117166 -0.973439 -2.83809
30 20 20 0.148395 0.0994126 -0.983919 -2.8551
30 20 30 -0.146954 0.0745356 -0.986331 -2.80124
30 20 40 0.203337 -0.17982 -0.962454 -2.81045
30 20 50 -0.031667 -0.0507302 -0.99821 -2.79042
30 20 60 -0.0465832 -0.443757 -0.894935 -2.59277
30 20 70 -0.0259892 -0.0163708 -0.999528 -2.81526
30 20 80 -0.282069 -0.0234276 -0.959108 -2.76641
30 20 90 -0.0628737 0.37157 -0.926273 -2.82083
30 30 0 0.0905249 -0.0431177 -0.99496 -2.71885
30 30 10 -0.10631 0.275178 -0.955497 -2.77009
30 30 20 -0.129498 -0.02228 -0.991329 -2.87167
30 30 30 0.146636 0.163723 -0.975547 -2.87746
30 30 40 0.211787 -0.156905 -0.964638 -2.85
30 30 50 0.282669 -0.373279 -0.883607 -2.4323
30 30 60 -0.0434374 -0.00130892 -0.999055 -2.81221
30 30 70 -0.0147199 0.303906 -0.952588 -2.74328
30 30 80 -0.547313 0.423251 -0.722016 -2.12094
30 30 90 0.0530786 -0.311155 -0.948876 -2.57287
30 40 0 -0.118816 0.142947 -0.982573 -2.86104
30 40 10 0.176598 0.0274674 -0.9839 -2.82315
30 40 20 -0.000706905 0.0350594 -0.999385 -2.75744
30 40 30 0.164348 -0.239814 -0.956807 -2.78205
30 40 40 0.085659 0.0558637 -0.994757 -2.94283
30 40 50 -0.157292 0.0335498 -0.986982 -2.79749
30 40 60 -0.01988 0.262675 -0.96468 -2.80045
30 40 70 0.129758 -0.160317 -0.9785 -2.83438
30 40 80 0.0464758 -0.103912 -0.9935 -2.84456
30 40 90 -0.37545 -0.328762 -0.866575 -2.54106
30 50 0 0.0731394 0.00480131 -0.99731 -2.83967
30 50 10 -0.114843 -0.286652 -0.951126 -2.81098
30 50 20 0.194856 0.156987 -0.968187 -2.67458
30 50 30 0.0574215 -0.132883 -0.989467 -2.9067
30 50 40 -0.121737 0.180577 -0.975998 -2.79646
30 50 50 0.552985 0.136313 -0.821965 -2.41619
30 50 60 0.466522 0.0997818 -0.878864 -2.63941
30 50 70 0.0847781 0.276838 -0.957169 -2.68575
30 50 80 -0.0599546 -0.207305 -0.976437 -2.72735
30 50 90 0.0156638 -0.0692083 -0.997479 -2.88667
30 60 0 -0.438807 -0.39285 -0.808157 -2.31758
30 60 10 0.011126 -0.0160992 -0.999808 -2.87854
30 60 20 -0.0380265 -0.0653226 -0.997139 -2.89069
30 60 30 -0.299613 -0.108142 -0.947912 -2.53744
30 60 40 -0.0538878 -0.333746 -0.941121 -2.70314
30 60 50 0.398719 0.00590456 -0.917054 -2.57812
30 60 60 -0.316663 0.225624 -0.921313 -2.57282
30 60 70 -0.470903 0.00903801 -0.882139 -2.56252
30 60 80 0.114592 -0.0847607 -0.98979 -2.72688
30 60 90 -0.000415335 -0.00271597 -0.999996 -2.94958
30 70 0 0.113957 0.129308 -0.985035 -2.8052
30 70 10 0.366825 -0.352838 -0.860782 -2.4588
30 70 20 -0.0810328 0.0656592 -0.994546 -2.82235
30 70 30 -0.00668479 -0.0761646 -0.997073 -2.90365
30 70 40 -0.102899 -0.0174564 -0.994539 -2.81285
30 70 50 0.243761 -0.266007 -0.932642 -2.64641
30 70 60 -0.0821844 0.335137 -0.938578 -2.61432
30 70 70 0.147414 0.0150016 -0.988961 -2.83383
30 70 80 0.456228 -0.182946 -0.870854 -2.66466
30 70 90 0.0677978 -0.0595582 -0.99592 -2.81747
30 80 0 0.146497 -0.0523448 -0.987825 -2.90524
30 80 10 -0.218594 -0.0675465 -0.973475 -2.76518
30 80 20 0.459225 0.036304 -0.887578 -2.57267
30 80 30 0.357748 -0.0183422 -0.933638 -2.78309
30 80 40 0.164332 0.399618 -0.901832 -2.75672
30 80 50 -0.048688 0.0464059 -0.997735 -2.9212
30 80 60 0.0634632 -0.163174 -0.984554 -2.88982
30 80 70 0.119621 -0.100691 -0.9877 -2.93301
30 80 80 -0.0192725 0.00783682 -0.999784 -2.87135
30 80 90 0.404543 0.387196 -0.828507 -2.30391
30 90 0 0.143463 0.0713117 -0.987083 -2.74435
30 90 10 0.256483 -0.238326 -0.936705 -2.72551
30 90 20 -0.411886 0.280938 -0.866847 -2.5713
30 90 30 -0.0114094 0.142092 -0.989788 -2.88601
30 90 40 -0.0387321 0.0409772 -0.998409 -2.95977
30 90 50 0.110258 0.21993 -0.969265 -2.82622
30 90 60 -0.00650142 0.0148566 -0.999868 -2.95869
30 90 70 -0.042786 -0.0577512 -0.997414 -2.73318
30 90 80 -0.134147 -0.348512 -0.927655 -2.63476
30 90 90 -0.0998131 0.226479 -0.968888 -2.634
40 0 0 -0.033571 0.0667578 -0.997204 -2.9262
40 0 10 -0.101152 -0.0949014 -0.990334 -2.86602
40 0 20 0.0580011 -0.0369117 -0.997634 -2.75305
40 0 30 0.146044 -0.330576 -0.932411 -2.79963
40 0 40 0.0695758 0.128321 -0.989289 -2.8831
40 0 50 0.294924 0.267264 -0.917382 -2.70239
40 0 60 0.439758 0.0196303 -0.897902 -2.64479
40 0 70 -0.0440786 -0.022434 -0.998776 -2.87388
40 0 80 0.0555292 0.152596 -0.986727 -2.92332
40 0 90 -0.0648089 -0.069436 -0.995479 -2.87937
40 10 0 -0.112128 0.00160693 -0.993692 -2.95428
40 10 10 -0.000801959 -0.0247855 -0.999692 -2.95446
40 10 20 -0.0448076 0.0685974 -0.996638 -2.82402
40 10 30 -0.372337 0.0391987 -0.927269 -2.47274
40 10 40 0.0256765 0.00546591 -0.999655 -2.84969
40 10 50 -0.0857819 0.217796 -0.972217 -2.83371
40 10 60 0.236575 -0.141387 -0.961271 -2.78009
40 10 70 0.258848 -0.141946 -0.955431 -2.80726
40 10 80 -0.253667 -0.0796 -0.964011 -2.82581
40 10 90 -0.0305956 -0.0127955 -0.99945 -2.67973
40 20 0 0.420582 -0.438299 -0.794358 -2.16941
40 20 10 0.229698 0.207033 -0.950987 -2.67152
40 20 20 -0.2008 0.11866 -0.972419 -2.74339
40 20 30 0.152463 -0.0494828 -0.98707 -2.90387
40 20 40 -0.36203 -0.0386593 -0.931365 -2.67686
40 20 50 -0.00253033 0.093597 -0.995607 -2.8584
40 20 60 -0.162839 0.35039 -0.92234 -2.73289
40 20 70 0.0282425 -0.0494037 -0.99838 -2.9168
40 20 80 -0.0189534 -0.0183066 -0.999653 -2.8246
40 20 90 -0.228937 0.160727 -0.960081 -2.75973
40 30 0 0.13508 -0.0405538 -0.990004 -2.83032
40 30 10 0.237447 0.127516 -0.962995 -2.71122
40 30 20 0.0728688 -0.315162 -0.946236 -2.74687
40 30 30 0.0659044 -0.311961 -0.947806 -2.73328
40 30 40 0.272349 -0.0793474 -0.958921 -2.69979
40 30 50 0.000465321 0.003265 -0.999995 -2.89532
40 30 60 0.0572783 -0.018866 -0.99818 -2.92084
40 30 70 -0.0351455 0.043004 -0.998457 -2.8915
40 30 80 0.0421743 -0.0402362 -0.9983 -2.92351
40 30 90 -0.108777 0.144952 -0.983441 -2.79089
40 40 0 0.267047 -0.143277 -0.952973 -2.58662
40 40 10 0.350698 0.391853 -0.850565 -2.29163
40 40 20 0.470368 -0.570401 -0.673347 -2.10052
40 40 30 0.0202951 0.0104046 -0.99974 -2.78781
40 40 40 0.118424 0.281139 -0.952332 -2.81004
40 40 50 0.0359586 0.293149 -0.95539 -2.86846
40 40 60 -0.00165491 0.0566647 -0.998392 -2.88693
40 40 70 0.00931063 -0.00623458 -0.999937 -2.90015
40 40 80 0.0862757 0.191258 -0.977741 -2.8835
40 40 90 -0.0662206 0.0108078 -0.997746 -2.81123
40 50 0 0.341124 -0.132972 -0.930566 -2.7658
40 50 10 0.00225882 -0.0213074 -0.99977 -2.94011
40 50 20 0.0672089 0.0813391 -0.994418 -2.89552
40 50 30 -0.14062 -0.301647 -0.942993 -2.46446
40 50 40 0.0737863 0.259196 -0.963002 -2.7799
40 50 50 0.123776 -0.118185 -0.985247 -2.91316
40 50 60 -0.184811 0.0307976 -0.982291 -2.86364
40 50 70 -0.308164 0.287163 -0.906958 -2.6829
40 50 80 0.000210238 -0.000918501 -1 -2.87301
40 50 90 -0.213118 0.0794066 -0.973794 -2.69905
40 60 0 -0.0939085 -0.225778 -0.969642 -2.84261
40 60 10 -0.408348 -0.323337 -0.853642 -2.66152
40 60 20 0.0238703 -0.0032829 -0.99971 -2.84258
40 60 30 0.155828 0.0509432 -0.98647 -2.81397
40 60 40 0.0273439 0.00426452 -0.999617 -2.93945
40 60 50 0.380413 -0.0172361 -0.924656 -2.30057
40 60 60 -0.29086 0.153605 -0.944355 -2.68443
40 60 70 0.133788 -0.115732 -0.984229 -2.83912
40 60 80 0.203036 -0.159919 -0.966024 -2.80016
40 60 90 -0.00743153 -0.101125 -0.994846 -2.73997
40 70 0 -0.0236154 0.149448 -0.988488 -2.82366
40 70 10 0.124154 -0.0807794 -0.988969 -2.94702
40 70 20 -0.0549516 -0.0577588 -0.996817 -2.90154
40 70 30 -0.306971 0.382771 -0.871353 -2.40138
40 70 40 0.0520762 0.0073788 -0.998616 -2.80584
40 70 50 -8.29175e-05 0.0183495 -0.999832 -2.88158
40 70 60 0.0104302 -0.0206986 -0.999731 -2.7827
40 70 70 0.461295 0.349433 -0.815539 -2.29706
40 70 80 -0.0559393 -0.33912 -0.939078 -2.61597
40 70 90 -0.110432 -0.152899 -0.982052 -2.91318
40 80 0 0.0240943 -0.00360305 -0.999703 -2.75793
40 80 10 -0.109531 -0.43435 -0.89406 -2.4599
40 80 20 -0.0108302 0.00274907 -0.999938 -2.79111
40 80 30 -0.435447 0.425766 -0.793164 -2.45097
40 80 40 0.0688878 0.595911 -0.80009 -2.38573
40 80 50 0.339487 0.189077 -0.921411 -2.77218
40 80 60 0.232742 -0.281868 -0.930796 -2.75382
40 80 70 -0.0143715 -0.0685037 -0.997547 -2.94663
40 80 80 -0.0702046 -0.0901305 -0.993452 -2.71968
40 80 90 0.0412534 0.179425 -0.982906 -2.78159
40 90 0 -0.187875 0.286283 -0.939545 -2.8948
40 90 10 -0.0453851 -0.0350889 -0.998353 -2.8182
40 90 20 0.0660082 0.281636 -0.957248 -2.86529
40 90 30 -0.113402 0.0614419 -0.991648 -2.76497
40 90 40 -0.0422318 -0.12465 -0.991302 -2.87082
40 90 50 0.0258102 0.127248 -0.991535 -2.91415
40 90 60 -0.0582623 0.302978 -0.951215 -2.80229
40 90 70 0.0144222 0.0112931 -0.999832 -2.92142
40 90 80 -0.153613 0.102081 -0.982844 -2.89339
40 90 90 0.0520116 0.215172 -0.97519 -2.8799
50 0 0 -0.0927372 0.362061 -0.92753 -2.76949
50 0 10 0.416468 0.267863 -0.868794 -2.57662
50 0 20 -0.0854514 0.374757 -0.923177 -2.63658
50 0 30 -0.231296 -0.108709 -0.966791 -2.7931
50 0 40 -0.0896169 0.376369 -0.922125 -2.73663
50 0 50 -0.0827026 -0.119957 -0.989328 -2.75551
50 0 60 -0.0558719 0.22577 -0.972577 -2.57634
50 0 70 -0.0445983 -0.274944 -0.960425 -2.76624
50 0 80 -0.400778 -0.0218833 -0.915914 -2.5889
50 0 90 -0.0866669 0.156504 -0.983868 -2.64588
50 10 0 -0.0943069 -0.290462 -0.952228 -2.69886
50 10 10 -0.117252 -0.104945 -0.987542 -2.89968
50 10 20 -0.0706713 0.309695 -0.948206 -2.9215
50 10 30 -0.0318711 0.205026 -0.978238 -2.91521
50 10 40 -0.142305 -0.057682 -0.988141 -2.87401
50 10 50 -0.0443749 -0.0469306 -0.997912 -2.76535
50 10 60 0.0285348 0.224264 -0.974111 -2.86432
50 10 70 -0.315226 -0.100377 -0.943693 -2.7846
50 10 80 0.233255 -0.293802 -0.92697 -2.70195
50 10 90 -0.124755 -0.101375 -0.986995 -2.89505
50 20 0 -0.0517731 -0.0247169 -0.998353 -2.89216
50 20 10 -0.0626804 0.0366089 -0.997362 -2.79708
50 20 20 0.00254568 0.00481633 -0.999985 -2.87219
50 20 30 -0.598871 0.320595 -0.733875 -2.08712
50 20 40 0.120183 -0.157318 -0.980208 -2.68629
50 20 50 0.0116122 0.238002 -0.971195 -2.74101
50 20 60 -0.00513552 -0.00845832 -0.999951 -2.89759
50 20 70 -0.32744 -0.354205 -0.875969 -2.61183
50 20 80 0.146132 0.0722524 -0.986623 -2.6875
50 20 90 0.203744 -0.0258943 -0.978682 -2.91951
50 30 0 -0.0327102 -0.33655 -0.941097 -2.64563
50 30 10 0.00141932 -0.0101643 -0.999947 -2.80162
50 30 20 0.355035 -0.26185 -0.897432 -2.60065
50 30 30 0.273171 0.182856 -0.944426 -2.70406
50 30 40 0.00551888 -0.0155411 -0.999864 -2.84839
50 30 50 0.0124811 -0.00692905 -0.999898 -2.8883
50 30 60 -0.392689 -0.283441 -0.874904 -2.22438
50 30 70 0.0721477 -0.353258 -0.93274 -2.56653
50 30 80 -0.0625929 -0.0549618 -0.996525 -2.9827
50 30 90 0.125681 0.12795 -0.983785 -2.82446
50 40 0 -0.0688076 -0.09288 -0.993297 -2.83658
50 40 10 -0.25203 -0.416215 -0.87364 -2.42309
50 40 20 -0.392899 0.354131 -0.848659 -2.37086
50 40 30 0.103358 -0.0467095 -0.993547 -2.80456
50 40 40 -0.00175527 -0.00197411 -0.999997 -2.74497
50 40 50 0.0251584 -0.207715 -0.977866 -2.66928
50 40 60 -0.356678 -0.286062 -0.889353 -2.70097
50 40 70 -0.111133 0.00116593 -0.993805 -2.891
50 40 80 -0.214655 0.271488 -0.938199 -2.71227
50 40 90 0.159519 -0.104792 -0.981617 -2.72866
50 50 0 -0.322345 0.229024 -0.9185 -2.58388
50 50 10 -0.225388 0.00124698 -0.974268 -2.63943
50 50 20 0.408114 -0.0613587 -0.910867 -2.71543
50 50 30 0.150118 0.0186113 -0.988493 -2.7433
50 50 40 -0.00955947 0.00356665 -0.999948 -2.79427
50 50 50 0.0356479 -0.011823 -0.999294 -2.9475
50 50 60 -0.222 0.331309 -0.917033 -2.83385
50 50 70 0.40069 0.41729 -0.815669 -2.48762
50 50 80 -0.126191 0.0438784 -0.991035 -2.82912
50 50 90 0.188859 0.181697 -0.965048 -2.72416
50 60 0 -0.00333196 0.0173148 -0.999845 -2.7547
50 60 10 -0.0227539 0.00793398 -0.99971 -2.88015
50 60 20 -0.0576738 0.0261037 -0.997994 -2.98577
50 60 30 -0.0664636 0.0264669 -0.997438 -2.92736
50 60 40 -0.288923 -0.384932 -0.876556 -2.34666
50 60 50 0.201862 0.167908 -0.964914 -2.67941
50 60 60 -0.0448237 0.0154278 -0.998876 -2.94403
50 60 70 0.0195287 -0.0849797 -0.996191 -2.89693
50 60 80 -0.00535331 0.402113 -0.915574 -2.71666
50 60 90 0.013915 -0.00449379 -0.999893 -2.85243
50 70 0 -0.404496 -0.320084 -0.856697 -2.41274
50 70 10 -0.297713 -0.177847 -0.937943 -2.66141
50 70 20 -0.133285 0.166445 -0.977001 -2.70726
50 70 30 0.0958338 -0.119044 -0.988253 -2.86922
50 70 40 0.163518 -0.0534132 -0.985093 -2.72034
50 70 50 -0.121468 0.0484109 -0.991414 -2.95528
50 70 60 -0.287329 -0.385355 -0.876895 -2.46315
50 70 70 0.420624 -0.365238 -0.830468 -2.25454
50 70 80 -0.147665 -0.119333 -0.981812 -2.91263
50 70 90 0.211835 -0.134226 -0.968044 -2.94795
50 80 0 -0.01881 -0.0714453 -0.997267 -2.89947
50 80 10 -0.106806 0.0261512 -0.993936 -2.76917
50 80 20 0.000368391 -0.00271375 -0.999996 -2.91854
50 80 30 -0.303433 -0.0199629 -0.952644 -2.9197
50 80 40 0.0895911 -0.151997 -0.984312 -2.87097
50 80 50 -0.344613 0.558047 -0.754868 -2.36104
50 80 60 -0.0370948 -0.117549 -0.992374 -2.90432
50 80 70 0.000632337 -0.000522693 -1 -2.85963
50 80 80 -0.404849 -0.298747 -0.864203 -2.53068
50 80 90 0.135048 0.282396 -0.949744 -2.81618
50 90 0 -0.0582112 -0.219251 -0.97393 -2.90813
50 90 10 -0.0737717 -0.0266591 -0.996919 -2.81884
50 90 20 -0.0700509 -0.22558 -0.971703 -2.60441
50 90 30 0.0933003 0.0479044 -0.994485 -2.76649
50 90 40 -0.176035 0.130463 -0.9757 -2.9021
50 90 50 -0.237828 0.336306 -0.911228 -2.6792
50 90 60 -0.00633155 -0.0370846 -0.999292 -2.88215
50 90 70 -0.133862 -0.105812 -0.985335 -2.92835
50 90 80 0.133031 0.0863878 -0.98734 -2.87062
50 90 90 0.309469 -0.0125626 -0.950826 -2.79527
60 0 0 0.0765897 -0.0168508 -0.99692 -2.94281
60 0 10 0.0560029 0.194291 -0.979344 -2.94454
60 0 20 -0.323382 -0.0439617 -0.945247 -2.87609
60 0 30 -0.0466761 0.378671 -0.924353 -2.79474
60 0 40 0.084043 0.287525 -0.954079 -2.6892
60 0 50 -0.0118421 -0.028985 -0.99951 -2.92294
60 0 60 0.32312 -0.271319 -0.906631 -2.45251
60 0 70 -0.0489128 -0.153488 -0.986939 -2.8424
60 0 80 -0.3189 -0.249343 -0.914402 -2.3534
60 0 90 0.00831554 -0.0141907 -0.999865 -2.93097
60 10 0 0.217113 -0.0472362 -0.975003 -2.78935
60 10 10 -0.461781 0.171182 -0.870319 -2.61375
60 10 20 -0.525667 0.0940923 -0.845471 -2.36258
60 10 30 -0.00790078 0.0601197 -0.99816 -2.9185
60 10 40 0.303919 0.0129343 -0.95261 -2.78498
60 10 50 0.00218128 0.433803 -0.901005 -2.59372
60 10 60 0.38785 -0.148807 -0.909631 -2.71134
60 10 70 0.204574 0.139754 -0.968823 -2.76201
60 10 80 -0.00489955 0.0991004 -0.995065 -2.91202
60 10 90 -0.228801 0.198076 -0.953109 -2.82045
60 20 0 -0.168482 -0.043194 -0.984758 -2.88716
60 20 10 0.0184067 0.0604245 -0.998003 -2.90975
60 20 20 0.0936619 0.170539 -0.980889 -2.89717
60 20 30 0.140447 -0.186994 -0.972269 -2.87906
60 20 40 0.346067 0.431461 -0.833114 -2.35411
60 20 50 0.0389741 0.092023 -0.994994 -2.90398
60 20 60 -0.00623801 0.000145359 -0.999981 -2.87801
60 20 70 0.000137065 0.000992399 -0.999999 -2.95307
60 20 80 0.0658673 -0.12511 -0.989954 -2.87387
60 20 90 -0.37396 -0.0994745 -0.922095 -2.76915
60 30 0 0.00151651 0.00796423 -0.999967 -2.83661
60 30 10 -0.016525 -0.000568886 -0.999863 -2.95864
60 30 20 -0.451432 0.469693 -0.758682 -2.24237
60 30 30 -0.157739 0.1835 -0.970282 -2.84715
60 30 40 -0.0632826 0.0564492 -0.996398 -2.8809
60 30 50 -0.17406 0.0341037 -0.984144 -2.91011
60 30 60 0.145804 -0.0572162 -0.987658 -2.9229
60 30 70 0.35976 0.0727465 -0.930205 -2.62408
60 30 80 0.425252 -0.136549 -0.894715 -2.57591
60 30 90 -0.390409 -0.0201527 -0.920421 -2.75731
60 40 0 -0.079669 0.056755 -0.995204 -2.84636
60 40 10 0.358299 -0.0168122 -0.933456 -2.77982
60 40 20 -0.0358229 0.0778816 -0.996319 -2.91084
60 40 30 0.0214237 -0.0384704 -0.99903 -2.9751
60 40 40 0.100089 -0.0455846 -0.993934 -2.94105
60 40 50 0.149781 -0.00872311 -0.988681 -2.9278
60 40 60 0.181498 -0.148266 -0.97215 -2.81687
60 40 70 0.0412144 -0.0859213 -0.995449 -2.89851
60 40 80 -0.174043 -0.355128 -0.918473 -2.4695
60 40 90 0.0222322 0.0360997 -0.999101 -2.70997
60 50 0 0.39832 -0.0308998 -0.916726 -2.69243
60 50 10 0.0485664 -0.225766 -0.97297 -2.9156
60 50 20 0.0545665 -0.010556 -0.998454 -2.97271
60 50 30 -0.229375 -0.271713 -0.934644 -2.7707
60 50 40 0.0426228 0.144842 -0.988536 -2.8791
60 50 50 0.0337794 0.0558657 -0.997867 -2.90797
60 50 60 -0.272869 0.266351 -0.924446 -2.72971
60 50 70 -0.464223 0.116028 -0.878086 -2.38249
60 50 80 -0.163395 0.358299 -0.919198 -2.68474
60 50 90 -0.277678 0.347968 -0.89544 -2.7243
60 60 0 0.086221 -0.000858497 -0.996276 -2.87544
60 60 10 -0.0509475 0.0877396 -0.99484 -2.93234
60 60 20 0.102869 0.132651 -0.98581 -2.9067
60 60 30 -0.0346825 0.000991723 -0.999398 -2.83752
60 60 40 0.00215211 -0.000543831 -0.999998 -2.93368
60 60 50 -0.158136 0.181732 -0.97055 -2.80539
60 60 60 -0.224586 -0.38484 -0.895243 -2.52513
60 60 70 -0.450498 -0.223905 -0.864244 -2.72286
60 60 80 -0.116756 -0.0443719 -0.992169 -2.81067
60 60 90 0.0530114 -0.0572522 -0.996951 -2.88296
60 70 0 -0.0342166 -0.118624 -0.99235 -2.87342
60 70 10 -0.272115 0.10228 -0.956814 -2.827
60 70 20 0.0767674 -0.055322 -0.995513 -2.87647
60 70 30 0.0050844 0.013656 -0.999894 -2.96
60 70 40 -0.230617 -0.179689 -0.956309 -2.717
60 70 50 -0.17749 0.00606181 -0.984104 -2.83679
60 70 60 -0.227836 0.129959 -0.964988 -2.82883
60 70 70 -0.0554465 -0.232798 -0.970943 -2.69687
60 70 80 -0.24151 0.0186971 -0.970218 -2.89355
60 70 90 -0.000303915 0.000549518 -1 -2.79574
60 80 0 0.0350755 0.375918 -0.925989 -2.58323
60 80 10 -0.0142695 -0.0501309 -0.998641 -2.89601
60 80 20 -0.0194286 -0.0125324 -0.999733 -2.91358
60 80 30 0.0495676 -0.19698 -0.979154 -2.79191
60 80 40 -0.564141 0.571712 -0.595727 -1.56207
60 80 50 -0.00561099 -0.00165018 -0.999983 -2.97524
60 80 60 -0.0564861 0.327239 -0.943252 -2.84585
60 80 70 -0.0330012 -0.0137037 -0.999361 -2.96764
60 80 80 0.0393688 0.0522215 -0.997859 -2.97099
60 80 90 -0.00484847 -0.242195 -0.970215 -2.88704
60 90 0 0.00699418 -0.00106358 -0.999975 -2.90561
60 90 10 -0.0734846 -0.133598 -0.988307 -2.90913
60 90 20 -0.109697 -0.0272719 -0.993591 -2.89459
60 90 30 -0.343897 0.451053 -0.823581 -2.39069
60 90 40 -0.131339 -0.236844 -0.962629 -2.83148
60 90 50 -0.267159 0.033648 -0.963065 -2.82175
60 90 60 0.000567177 0.323174 -0.946339 -2.75663
60 90 70 0.118608 0.167813 -0.978658 -2.81644
60 90 80 0.00402874 0.1185 -0.992946 -2.98608
60 90 90 -0.0271074 -0.0841605 -0.996083 -2.9525
70 0 0 0.371146 0.330398 -0.867807 -2.17759
70 0 10 0.00137166 -0.0353788 -0.999373 -2.97502
70 0 20 0.142769 0.33121 -0.932693 -2.61164
70 0 30 -0.337893 0.264564 -0.903235 -2.66767
70 0 40 0.0611686 -0.0389112 -0.997369 -2.92383
70 0 50 -0.132713 -0.107025 -0.985359 -2.62438
70 0 60 -0.025521 0.0378985 -0.998956 -2.93898
70 0 70 -0.0449013 -0.408469 -0.911667 -2.68552
70 0 80 0.233871 0.29815 -0.925425 -2.65451
70 0 90 -0.0543239 -0.0195568 -0.998332 -2.90938
70 10 0 0.0493216 0.0166704 -0.998644 -2.89198
70 10 10 0.0420907 0.00623153 -0.999094 -2.92417
70 10 20 0.0079448 -0.0334099 -0.99941 -2.73335
70 10 30 -0.0701488 -0.0233574 -0.997263 -2.8594
70 10 40 -0.127815 -0.114401 -0.985178 -2.69007
70 10 50 -0.338837 0.0885183 -0.936672 -2.7017
70 10 60 0.145642 -0.138545 -0.979589 -2.85655
70 10 70 0.270281 0.0336964 -0.962191 -2.90073
70 10 80 0.347813 0.00778769 -0.937531 -2.77224
70 10 90 -0.0596402 0.0476976 -0.99708 -2.84098
70 20 0 0.0645227 0.0464411 -0.996835 -2.78583
70 20 10 -0.0521713 0.0633681 -0.996626 -2.69353
70 20 20 0.357589 0.154503 -0.92101 -2.72638
70 20 30 0.00135066 0.000676357 -0.999999 -2.97575
70 20 40 -0.0971922 0.0869274 -0.991462 -2.93474
70 20 50 -0.0806296 -0.0121072 -0.996671 -2.92083
70 20 60 -0.214137 -0.150814 -0.965091 -2.87141
70 20 70 0.136384 0.0738752 -0.987898 -2.83563
70 20 80 -0.260334 -0.142167 -0.954995 -2.73617
