Position_x Position_y Position_z Spin_x Spin_y Spin_z Spin_energy Temperature n_spins
0 0 0 -0.121043 -0.2572 -0.958748 -2.83771 0.301 729
1 0 0 -0.335009 -0.168518 -0.927023 -2.5689
2 0 0 0.106764 0.41514 -0.903471 -2.60966
0 1 0 -0.0232452 -0.105971 -0.994098 -2.99238
1 1 0 0.162916 -0.104732 -0.981066 -2.89984
2 1 0 0.440342 -0.0605428 -0.895787 -2.76895
0 2 0 -0.274925 -0.261707 -0.925162 -2.72116
1 2 0 0.0313429 0.0997835 -0.994515 -2.88985
2 2 0 0.0338648 -0.0452438 -0.998402 -2.87708
0 0 1 0.334272 0.13796 -0.932325 -2.71653
1 0 1 0.509759 0.240013 -0.82616 -2.46319
2 0 1 -0.00020548 0.000541855 -1 -2.85529
0 1 1 -0.0949632 -0.165988 -0.981545 -2.87606
1 1 1 -0.0154602 -0.00752481 -0.999852 -2.91158
2 1 1 0.0303307 -0.128071 -0.991301 -2.76873
0 2 1 -0.218235 -0.565567 -0.795304 -2.50372
1 2 1 -0.220668 -0.139665 -0.965297 -2.84178
2 2 1 0.108787 0.277044 -0.954679 -2.86894
0 0 2 -0.125546 -0.124297 -0.98427 -2.79753
1 0 2 0.0359779 -0.236551 -0.970953 -2.8145
2 0 2 0.0824597 -0.115445 -0.989885 -2.99807
0 1 2 0.230128 0.0470486 -0.972022 -2.70491
1 1 2 0.133234 -0.121993 -0.983548 -2.91614
2 1 2 0.167059 -0.0828779 -0.982457 -3.01281
0 2 2 -0.423378 0.0871109 -0.901755 -2.49447
1 2 2 0.0131646 -0.0322917 -0.999392 -2.93806
2 2 2 0.0650019 0.186161 -0.980367 -2.97695
3 0 0 -0.366463 0.0454045 -0.929324 -2.47076
4 0 0 0.357518 -0.113182 -0.927023 -2.52204
5 0 0 0.0795589 -0.207767 -0.974938 -2.85286
3 1 0 0.459645 0.165904 -0.872469 -2.75335
4 1 0 0.446396 0.204997 -0.871038 -2.6358
5 1 0 -0.333598 -0.185035 -0.924378 -2.67771
3 2 0 0.368381 0.0914889 -0.925162 -2.74619
4 2 0 0.0272724 0.100972 -0.994515 -2.91764
5 2 0 0.178244 0.00687722 -0.983962 -2.86901
3 0 1 -0.317779 0.17259 -0.932325 -2.37269
4 0 1 0.523692 -0.207864 -0.82616 -2.40816
5 0 1 0.377887 -0.0153433 -0.925725 -2.75106
3 1 1 0.700917 0.267255 -0.661279 -2.14905
4 1 1 -0.0158413 0.00668544 -0.999852 -2.68439
5 1 1 -0.0947688 0.0913294 -0.991301 -2.89968
3 2 1 0.251432 0.551611 -0.795304 -2.52607
4 2 1 0.259406 -0.0301535 -0.965297 -2.77852
5 2 1 0.112875 -0.226968 -0.967339 -2.7609
3 0 2 0.168414 0.0533703 -0.98427 -2.84001
4 0 2 -0.137596 0.195749 -0.970953 -2.75894
5 0 2 0.0352358 0.0258451 -0.999045 -2.96402
3 1 2 0.155372 -0.176159 -0.972022 -2.75193
4 1 2 0.165693 0.071968 -0.983548 -2.93914
5 1 2 -0.10529 -0.15392 -0.982457 -2.86891
3 2 2 0.027994 0.431339 -0.901755 -2.75441
4 2 2 0.0306784 -0.0165799 -0.999392 -2.87999
5 2 2 0.476658 -0.30722 -0.823658 -2.60916
6 0 0 0.199693 0.310611 -0.929324 -2.51965
7 0 0 -0.284537 -0.24427 -0.927023 -2.60969
8 0 0 0.17436 -0.138185 -0.974938 -2.88115
6 1 0 -0.486193 -0.0491327 -0.872469 -2.51727
7 1 0 0.140725 0.133067 -0.981066 -2.79968
8 1 0 -0.10192 -0.0757151 -0.991907 -2.97053
6 2 0 -0.0190311 -0.379094 -0.925162 -2.69369
7 2 0 0.104531 -0.00351536 -0.994515 -2.91753
8 2 0 0.167225 -0.0620812 -0.983962 -2.91171
6 0 1 -0.329135 -0.149803 -0.932325 -2.46086
7 0 1 -0.465407 -0.31758 -0.82616 -2.78024
8 0 1 0.000185086 -0.000549155 -1 -2.89107
6 1 1 -0.145564 0.124021 -0.981545 -2.91001
7 1 1 -0.0148234 -0.00871259 -0.999852 -2.90682
8 1 1 0.00677856 -0.131439 -0.991301 -2.99724
6 2 1 -0.588373 0.145977 -0.795304 -2.29845
7 2 1 -0.336213 0.0450049 -0.94071 -2.83414
8 2 1 0.127338 0.219181 -0.967339 -2.70844
6 0 2 -0.0131407 0.176179 -0.98427 -2.83889
7 0 2 -0.0587002 -0.231959 -0.970953 -2.87692
8 0 2 0.128385 -0.0603691 -0.989885 -2.97824
6 1 2 -0.233329 0.0270207 -0.972022 -2.86117
7 1 2 0.17624 0.0396614 -0.983548 -2.78212
8 1 2 -0.0983489 -0.158445 -0.982457 -2.93016
6 2 2 0.122462 -0.414536 -0.901755 -2.44265
7 2 2 -0.0137525 0.0320457 -0.999392 -2.92732
8 2 2 0.195468 -0.0259471 -0.980367 -2.86595
0 3 0 0.27019 0.251702 -0.929324 -2.50205
1 3 0 -0.404248 0.0168678 -0.914494 -2.66082
2 3 0 0.351167 0.245809 -0.903471 -2.62062
0 4 0 -0.0783845 -0.0750067 -0.994098 -2.76803
1 4 0 -0.157776 0.112326 -0.981066 -2.82751
2 4 0 0.244129 0.671889 -0.699261 -2.39994
0 5 0 0.466107 0.533209 -0.705997 -2.07169
1 5 0 0.0960825 0.0413193 -0.994515 -2.63067
2 5 0 0.0900446 0.153981 -0.983962 -2.79163
0 3 1 -0.361545 0.00747959 -0.932325 -2.74604
1 3 1 -0.237589 0.148801 -0.959901 -2.9198
2 3 1 0.2383 0.293679 -0.925725 -2.78526
0 4 1 -0.170932 0.0857443 -0.981545 -2.90625
1 4 1 0.0170208 0.00243553 -0.999852 -2.78713
2 4 1 -0.114738 0.0644775 -0.991301 -2.81175
0 5 1 -0.314535 0.588352 -0.744923 -2.21789
1 5 1 -0.63626 0.487256 -0.598126 -1.9528
2 5 1 0.0854524 -0.238649 -0.967339 -2.48513
0 3 2 -0.00374196 0.176629 -0.98427 -2.90561
1 3 2 -0.149054 0.187172 -0.970953 -2.99542
2 3 2 0.0875328 0.111647 -0.989885 -2.96229
0 4 2 0.0368663 -0.115085 -0.992671 -2.91308
1 4 2 -0.0350144 0.177222 -0.983548 -2.9931
2 4 2 -0.17958 0.0502812 -0.982457 -2.96342
0 5 2 0.294969 0.31596 -0.901755 -2.65182
1 5 2 -0.0348125 0.00203635 -0.999392 -2.70445
2 5 2 -0.561796 0.0772827 -0.823658 -2.39762
3 3 0 -0.226236 0.291846 -0.929324 -2.66551
4 3 0 -0.0706407 0.368292 -0.927023 -2.84157
5 3 0 0.197469 -0.102482 -0.974938 -2.82557
3 4 0 -0.115205 0.474896 -0.872469 -2.72699
4 4 0 0.440868 0.21663 -0.871038 -2.59905
5 4 0 0.185116 -0.404102 -0.895787 -2.64223
3 5 0 0.379369 0.0124086 -0.925162 -2.61635
4 5 0 0.61751 0.00819912 -0.786521 -2.6548
5 5 0 -0.0264096 -0.0499636 -0.998402 -2.60768
3 3 1 -0.0844315 -0.351628 -0.932325 -2.25391
4 3 1 -0.0162767 0.563201 -0.82616 -2.50197
5 3 1 -0.000520154 0.000255478 -1 -2.89556
3 4 1 -0.00376872 0.191195 -0.981545 -2.74719
4 4 1 0.000849158 0.0171732 -0.999852 -2.85301
5 4 1 -0.0813706 0.103446 -0.991301 -2.73592
3 5 1 0.406924 -0.449339 -0.795304 -2.47867
4 5 1 0.265818 -0.210726 -0.94071 -2.86973
5 5 1 -0.0660654 -0.244726 -0.967339 -2.81856
3 3 2 -0.173563 -0.0329797 -0.98427 -2.86806
4 3 2 -0.0475233 0.234504 -0.970953 -2.85187
5 3 2 -0.0254708 -0.0355073 -0.999045 -2.90755
3 4 2 -0.214971 -0.0946562 -0.972022 -2.84
4 4 2 0.0720844 -0.165642 -0.983548 -2.84685
5 4 2 0.182079 0.0403079 -0.982457 -2.96823
3 5 2 0.0106979 0.432115 -0.901755 -2.36221
4 5 2 -0.0334907 0.00971756 -0.999392 -2.93467
5 5 2 -0.152543 0.124947 -0.980367 -2.67425
6 3 0 0.263796 -0.258396 -0.929324 -2.82411
7 3 0 0.0974359 -0.362126 -0.927023 -2.86719
8 3 0 0.136589 -0.175614 -0.974938 -2.93902
6 4 0 -0.0646189 -0.0871466 -0.994098 -2.62967
7 4 0 0.0676141 -0.18149 -0.981066 -2.98721
8 4 0 -0.0137999 0.126214 -0.991907 -2.94711
6 5 0 0.389569 0.591442 -0.705997 -2.0975
7 5 0 0.0976276 0.0375231 -0.994515 -2.87652
8 5 0 0.172804 -0.0442371 -0.983962 -2.90499
6 3 1 0.0983326 0.347996 -0.932325 -2.40081
7 3 1 -0.114578 0.255856 -0.959901 -2.81236
8 3 1 0.000270269 0.000512624 -1 -2.96224
6 4 1 -0.587553 -0.46636 -0.661279 -1.95596
7 4 1 -0.00111359 -0.0171581 -0.999852 -2.83148
8 4 1 -0.000363246 0.00222772 -0.999997 -3.01145
6 5 1 -0.440109 -0.120999 -0.889755 -2.48976
7 5 1 0.188378 -0.180872 -0.965297 -2.89336
8 5 1 0.211835 -0.139217 -0.967339 -2.71088
6 3 2 -0.149027 -0.0948823 -0.98427 -2.80714
7 3 2 0.238949 -0.0124073 -0.970953 -2.82494
8 3 2 0.128825 -0.0594237 -0.989885 -3.01443
6 4 2 0.229769 0.0487684 -0.972022 -2.64711
7 4 2 -0.122185 -0.133058 -0.983548 -2.93627
8 4 2 0.148323 -0.113038 -0.982457 -2.9988
6 5 2 -0.152345 -0.125748 -0.980295 -2.89402
7 5 2 0.0107001 0.0331899 -0.999392 -2.98352
8 5 2 0.194371 0.0331806 -0.980367 -2.95941
0 6 0 0.139296 0.341984 -0.929324 -2.58932
1 6 0 -0.319107 -0.196978 -0.927023 -2.75095
2 6 0 -0.194166 -0.108612 -0.974938 -2.84643
0 7 0 -0.0950668 -0.0522728 -0.994098 -2.95229
1 7 0 -0.0508601 0.0222756 -0.998457 -2.92132
2 7 0 -0.0307693 -0.0304965 -0.999061 -3.01083
0 8 0 -0.301288 0.230868 -0.925162 -2.79442
1 8 0 -0.61738 0.0150809 -0.786521 -2.37586
2 8 0 0.175164 0.0337016 -0.983962 -2.78326
0 6 1 0.360391 -0.0298211 -0.932325 -2.38331
1 6 1 -0.532058 -0.185403 -0.82616 -2.48348
2 6 1 -0.000212645 -0.000539083 -1 -2.90139
0 7 1 -0.0166703 -0.190505 -0.981545 -2.94159
1 7 1 -0.0169346 -0.00297667 -0.999852 -2.91204
2 7 1 0.110999 0.0707209 -0.991301 -2.8914
0 8 1 -0.116715 0.166182 -0.979163 -2.8577
1 8 1 0.316382 -0.122339 -0.94071 -2.63889
2 8 1 0.185298 -0.172973 -0.967339 -2.81647
0 6 2 0.160479 -0.0738784 -0.98427 -2.87713
1 6 2 -0.237823 0.0262829 -0.970953 -2.89338
2 6 2 0.141779 -0.0050732 -0.989885 -2.86313
0 7 2 0.0900419 -0.0805984 -0.992671 -2.84609
1 7 2 0.0217991 0.179328 -0.983548 -2.88141
2 7 2 0.180605 0.0464677 -0.982457 -2.9933
0 8 2 -0.233746 0.363594 -0.901755 -2.45661
1 8 2 -0.00525137 -0.0344744 -0.999392 -2.93042
2 8 2 -0.186067 0.0652719 -0.980367 -2.84104
3 6 0 -0.0758768 0.361385 -0.929324 -2.73788
4 6 0 0.184544 0.326455 -0.927023 -2.7241
5 6 0 -0.188693 -0.117862 -0.974938 -2.755
3 7 0 0.0320353 -0.103653 -0.994098 -2.62921
4 7 0 0.339215 0.355284 -0.871038 -2.72635
5 7 0 -0.0378125 0.0211425 -0.999061 -2.94816
3 8 0 0.376989 0.0441995 -0.925162 -2.4821
4 8 0 0.044213 0.0947858 -0.994515 -2.87665
5 8 0 0.131737 -0.120265 -0.983962 -2.92318
3 6 1 0.294589 -0.0727004 -0.952855 -2.78091
4 6 1 0.141277 -0.0733222 -0.987251 -2.88594
5 6 1 -0.201214 0.32023 -0.925725 -2.47974
3 7 1 0.656237 0.363405 -0.661279 -1.85866
4 7 1 -0.0142423 -0.00963314 -0.999852 -2.75746
5 7 1 -0.09558 0.09048 -0.991301 -2.97945
3 8 1 -0.511251 -0.325753 -0.795304 -1.99171
4 8 1 -0.217373 -0.260411 -0.94071 -2.6885
5 8 1 0.149053 0.205033 -0.967339 -2.84055
3 6 2 0.164852 0.0635253 -0.98427 -2.95598
4 6 2 -0.0174393 0.238635 -0.970953 -2.58705
5 6 2 -0.646081 -0.637178 -0.420218 -1.14577
3 7 2 0.0721809 0.0969204 -0.992671 -2.76354
4 7 2 0.134452 0.120649 -0.983548 -2.96725
5 7 2 -0.181262 0.0438317 -0.982457 -2.70555
3 8 2 0.138199 -0.360801 -0.922347 -2.72291
4 8 2 -0.0337907 -0.00861671 -0.999392 -2.85562
5 8 2 0.127807 0.150155 -0.980367 -2.95777
6 6 0 0.202374 0.308871 -0.929324 -2.76585
7 6 0 0.371702 0.049665 -0.927023 -2.77241
8 6 0 -0.160069 0.154514 -0.974938 -2.87832
6 7 0 0.0357833 -0.102419 -0.994098 -2.8984
7 7 0 -0.18585 -0.0544975 -0.981066 -2.90924
8 7 0 -0.0433105 -0.00099278 -0.999061 -3.01746
6 8 0 0.460591 -0.188427 -0.867382 -2.74521
7 8 0 0.0472256 0.0933213 -0.994515 -2.83717
8 8 0 -0.176054 -0.0286952 -0.983962 -2.92456
6 6 1 -0.288764 0.217684 -0.932325 -2.70295
7 6 1 0.102592 -0.260893 -0.959901 -2.73715
8 6 1 -0.37283 0.0634981 -0.925725 -2.66437
6 7 1 0.127274 -0.142728 -0.981545 -2.81789
7 7 1 0.0164203 -0.00510055 -0.999852 -2.97387
8 7 1 1.61993e-05 0.00225709 -0.999997 -2.97791
6 8 1 0.550949 0.25288 -0.795304 -2.37416
7 8 1 -0.246403 -0.233132 -0.94071 -2.60678
8 8 1 0.0938928 0.235456 -0.967339 -2.88052
6 6 2 0.173648 -0.0325297 -0.98427 -2.51253
7 6 2 -0.102165 0.216363 -0.970953 -2.85072
8 6 2 -0.140018 0.0228498 -0.989885 -2.94332
6 7 2 0.154938 0.17654 -0.972022 -2.90125
7 7 2 0.0463587 -0.174598 -0.983548 -2.77943
8 7 2 -0.0819522 -0.167515 -0.982457 -2.97306
6 8 2 0.394906 0.175746 -0.901755 -2.82245
7 8 2 0.0237278 0.0255548 -0.999392 -2.85453
8 8 2 0.145381 0.133213 -0.980367 -2.93934
0 0 3 0.0990568 0.266441 -0.958748 -2.51309
1 0 3 0.182971 0.327339 -0.927023 -2.83248
2 0 3 0.211587 -0.0687579 -0.974938 -2.943
0 1 3 -0.218664 -0.437017 -0.872469 -2.25541
1 1 3 -0.0152341 0.49098 -0.871038 -2.50554
2 1 3 0.0299124 -0.0313375 -0.999061 -2.88968
0 2 3 0.268083 0.063333 -0.961312 -2.68586
1 2 3 -0.0979465 0.0366827 -0.994515 -2.91065
2 2 3 -0.16785 0.0603709 -0.983962 -2.94405
0 0 4 -0.356934 -0.0580413 -0.932325 -2.4634
1 0 4 0.427986 0.366454 -0.82616 -2.32336
2 0 4 -0.000561775 0.000142259 -1 -2.72223
0 1 4 0.154901 0.112142 -0.981545 -2.81792
1 1 4 0.0148504 0.0086665 -0.999852 -2.85527
2 1 4 -0.0536042 0.120203 -0.991301 -2.97989
0 2 4 -0.0631888 -0.0533577 -0.996574 -2.89246
1 2 4 -0.25296 0.226 -0.94071 -2.92585
2 2 4 -0.252129 -0.0261926 -0.967339 -2.96134
0 0 5 0.0950002 0.148952 -0.98427 -2.95031
1 0 5 0.122544 0.205508 -0.970953 -2.71887
2 0 5 -0.630206 0.421286 -0.652195 -2.0926
0 1 5 0.0133586 0.234508 -0.972022 -2.97383
1 1 5 0.0158868 0.179948 -0.983548 -2.88474
2 1 5 -0.0870684 -0.164913 -0.982457 -2.77717
0 2 5 0.192889 0.0426087 -0.980295 -2.96977
1 2 5 -0.034767 -0.00270421 -0.999392 -2.87018
2 2 5 -0.151191 0.126579 -0.980367 -2.90666
3 0 3 0.0170677 -0.36887 -0.929324 -2.71004
4 0 3 0.310386 0.210451 -0.927023 -2.64583
5 0 3 0.0713702 -0.21072 -0.974938 -2.87443
3 1 3 0.406005 -0.271953 -0.872469 -2.75487
4 1 3 0.0442604 -0.188551 -0.981066 -2.90434
5 1 3 0.0431809 0.00349217 -0.999061 -3.00788
3 2 3 0.333152 0.181892 -0.925162 -2.78355
4 2 3 0.104394 -0.00639889 -0.994515 -2.93897
5 2 3 0.105271 0.144001 -0.983962 -2.79173
3 0 4 -0.333298 0.140297 -0.932325 -2.71178
4 0 4 -0.264255 -0.0935933 -0.959901 -2.75116
5 0 4 0.320106 0.20141 -0.925725 -2.7096
3 1 4 -0.140064 -0.1302 -0.981545 -2.89806
4 1 4 -0.0171879 -0.000464512 -0.999852 -2.96654
5 1 4 0.1261 -0.0376944 -0.991301 -2.84851
3 2 4 0.0759352 -0.0327675 -0.996574 -2.87981
4 2 4 0.312193 -0.132665 -0.94071 -2.69231
5 2 4 -0.171302 -0.186845 -0.967339 -2.57575
3 0 5 -0.352952 0.704128 -0.61614 -1.86595
4 0 5 -0.0627241 0.230903 -0.970953 -2.75653
5 0 5 0.118165 0.078512 -0.989885 -2.77484
3 1 5 -0.167464 -0.164706 -0.972022 -2.70083
4 1 5 0.177311 -0.0345614 -0.983548 -2.77991
5 1 5 -0.281242 -0.611483 -0.739589 -2.24072
3 2 5 0.37791 -0.209813 -0.901755 -2.57398
4 2 5 -0.0164287 -0.0307596 -0.999392 -2.85395
5 2 5 0.412152 -0.389511 -0.823658 -2.37645
6 0 3 0.367106 -0.0398754 -0.929324 -2.82004
7 0 3 0.144193 -0.346176 -0.927023 -2.68889
8 0 3 0.1603 0.116969 -0.980113 -2.88113
6 1 3 0.108439 0.00334065 -0.994098 -2.75855
7 1 3 -0.0502177 -0.651825 -0.756705 -2.33008
8 1 3 -0.0402032 0.0161399 -0.999061 -2.8314
6 2 3 0.687535 0.169892 -0.705997 -2.26691
7 2 3 -0.0504957 0.0915932 -0.994515 -2.66224
8 2 3 -0.114583 -0.136707 -0.983962 -2.91001
6 0 4 -0.086272 -0.0057036 -0.996255 -2.88817
7 0 4 0.179432 -0.215393 -0.959901 -2.86154
8 0 4 -0.341875 -0.161727 -0.925725 -2.74017
6 1 4 0.168112 -0.0911489 -0.981545 -2.89055
7 1 4 -0.00514136 -0.0164075 -0.999852 -2.8649
8 1 4 0.000297734 -0.00223742 -0.999997 -2.97803
6 2 4 0.198696 0.572723 -0.795304 -2.38085
7 2 4 -0.0312459 0.33777 -0.94071 -2.81618
8 2 4 -0.250067 -0.0414926 -0.967339 -2.90869
6 0 5 -0.143355 0.103252 -0.98427 -2.87065
7 0 5 0.0733946 0.227736 -0.970953 -2.89301
8 0 5 0.12582 0.0655475 -0.989885 -2.93725
6 1 5 0.0532259 -0.228778 -0.972022 -2.86585
7 1 5 0.179683 -0.0186487 -0.983548 -2.94557
8 1 5 0.186373 0.00651821 -0.982457 -2.99254
6 2 5 -0.185326 0.0683816 -0.980295 -2.66018
7 2 5 -0.0253467 -0.02395 -0.999392 -2.9695
8 2 5 -0.0236375 0.195761 -0.980367 -2.94408
0 3 3 0.199501 0.20249 -0.958748 -2.95424
1 3 3 -0.119795 0.355357 -0.927023 -2.92852
2 3 3 -0.14171 0.171508 -0.974938 -2.98498
0 4 3 -0.0677378 -0.084745 -0.994098 -2.93966
1 4 3 0.101753 0.164793 -0.981066 -2.96767
2 4 3 -0.0244781 -0.0357437 -0.999061 -2.94595
0 5 3 0.260604 -0.275971 -0.925162 -2.63266
1 5 3 0.0994091 -0.0325111 -0.994515 -2.90411
2 5 3 0.146455 -0.101829 -0.983962 -2.84129
0 3 4 0.277477 0.231899 -0.932325 -2.69846
1 3 4 -0.259294 0.106568 -0.959901 -2.841
2 3 4 -0.000102562 0.000570359 -1 -2.95806
0 4 4 -0.191134 -0.00613677 -0.981545 -2.90939
1 4 4 0.00625754 0.0160151 -0.999852 -2.97107
2 4 4 -0.113535 -0.0665729 -0.991301 -3.00679
0 5 4 -0.455601 -0.0276459 -0.889755 -2.64004
1 5 4 -0.250874 0.228313 -0.94071 -2.85332
2 5 4 -0.0703074 -0.243541 -0.967339 -2.8664
0 3 5 0.164964 -0.0632355 -0.98427 -2.96057
1 3 5 0.191971 -0.14282 -0.970953 -2.87637
2 3 5 -0.0786974 0.118042 -0.989885 -3.00288
0 4 5 0.022746 0.233784 -0.972022 -2.90949
1 4 5 -0.0393464 0.176311 -0.983548 -2.99219
2 4 5 -0.107062 0.152693 -0.982457 -3.0147
0 5 5 -0.177932 -0.0858005 -0.980295 -2.88032
1 5 5 -0.0197224 0.0287591 -0.999392 -2.98958
2 5 5 -0.144127 0.134569 -0.980367 -2.92048
3 3 3 -0.0788342 0.360752 -0.929324 -2.66057
4 3 3 -0.331658 -0.175021 -0.927023 -2.47011
5 3 3 0.204065 0.0886247 -0.974938 -2.82795
3 4 3 0.105733 -0.477094 -0.872469 -2.47359
4 4 3 0.653544 -0.0166942 -0.756705 -2.16044
5 4 3 0.0252165 0.0352267 -0.999061 -2.89834
3 5 3 -0.147734 -0.349641 -0.925162 -2.73506
4 5 3 -0.065266 0.0817281 -0.994515 -2.79367
5 5 3 -0.172567 0.0451551 -0.983962 -2.92578
3 3 4 -0.256378 0.255032 -0.932325 -2.88637
4 3 4 -0.563394 0.0069079 -0.82616 -2.60119
5 3 4 -0.27749 0.256969 -0.925725 -2.83988
3 4 4 -0.134643 0.135798 -0.981545 -2.77247
4 4 4 -0.0164755 0.00491927 -0.999852 -2.79112
5 4 4 -0.117059 -0.0601619 -0.991301 -2.95294
3 5 4 -0.204934 -0.570521 -0.795304 -2.39508
4 5 4 -0.0661222 0.332705 -0.94071 -2.59212
5 5 4 0.0112793 -0.0341124 -0.999354 -2.83033
3 3 5 -0.0147533 0.176051 -0.98427 -2.9143
4 3 5 -0.159324 0.178512 -0.970953 -2.8349
5 3 5 -0.107899 0.0921132 -0.989885 -2.85586
3 4 5 -0.231122 0.0418917 -0.972022 -2.87509
4 4 5 0.117406 -0.137294 -0.983548 -2.93876
5 4 5 0.184959 -0.0238186 -0.982457 -2.90842
3 5 5 0.37782 0.209975 -0.901755 -2.44613
4 5 5 0.0213209 -0.0275949 -0.999392 -2.79161
5 5 5 0.144044 -0.548488 -0.823658 -2.49564
6 3 3 0.231002 -0.288088 -0.929324 -2.63822
7 3 3 -0.252072 -0.277649 -0.927023 -2.69502
8 3 3 0.212323 0.0664497 -0.974938 -2.82922
6 4 3 0.00497705 -0.108376 -0.994098 -2.96658
7 4 3 -0.0959538 -0.168235 -0.981066 -2.99788
8 4 3 -0.0395639 0.017649 -0.999061 -2.99642
6 5 3 0.0942345 -0.367688 -0.925162 -2.75117
7 5 3 0.101327 0.0259222 -0.994515 -2.8656
8 5 3 0.0506407 -0.171037 -0.983962 -2.95278
6 3 4 -0.316064 0.175711 -0.932325 -2.62342
7 3 4 0.264138 -0.0939231 -0.959901 -2.68086
8 3 4 -0.0980754 -0.36526 -0.925725 -2.71412
6 4 4 0.187985 0.0350958 -0.981545 -2.85983
7 4 4 -0.0171872 -0.000492424 -0.999852 -2.9725
8 4 4 -0.0011811 0.00192346 -0.999997 -2.97779
6 5 4 0.0265704 -0.455665 -0.889755 -2.70118
7 5 4 -0.325968 0.0938598 -0.94071 -2.73464
8 5 4 0.215612 -0.133292 -0.967339 -2.75523
6 3 5 -0.122458 0.127341 -0.98427 -2.90716
7 3 5 -0.160924 -0.177071 -0.970953 -2.90683
8 3 5 -0.0236818 -0.139879 -0.989885 -2.96821
6 4 5 0.234046 -0.0198722 -0.972022 -2.95173
7 4 5 0.0210716 0.179415 -0.983548 -2.94182
8 4 5 -0.144587 0.117779 -0.982457 -2.99233
6 5 5 0.422809 0.0898338 -0.901755 -2.65046
7 5 5 -0.0204553 -0.0282425 -0.999392 -2.8455
8 5 5 -0.19109 0.048638 -0.980367 -2.97836
0 6 3 0.0938317 0.357144 -0.929324 -2.76657
1 6 3 -0.371487 0.0512482 -0.927023 -2.77689
2 6 3 0.0952603 -0.201053 -0.974938 -2.94572
0 7 3 -0.118043 0.474198 -0.872469 -2.42105
1 7 3 -0.502083 0.418701 -0.756705 -2.50622
2 7 3 0.0432746 -0.00202469 -0.999061 -2.83218
0 8 3 0.166323 -0.688407 -0.705997 -1.79175
1 8 3 -0.10403 -0.0108137 -0.994515 -2.51737
2 8 3 0.0494076 -0.0274357 -0.998402 -2.98207
0 6 4 0.0735523 0.0454471 -0.996255 -2.90009
1 6 4 -0.203845 0.192451 -0.959901 -2.86171
2 6 4 0.167967 -0.338852 -0.925725 -2.77831
0 7 4 -0.185714 0.0456107 -0.981545 -2.78958
1 7 4 -0.00889865 0.0147124 -0.999852 -2.68456
2 7 4 0.108723 -0.0741715 -0.991301 -2.98792
0 8 4 0.283479 -0.535847 -0.795304 -2.24049
1 8 4 0.402241 -0.693143 -0.598126 -1.96887
2 8 4 0.233797 -0.0979509 -0.967339 -2.72159
0 6 5 -0.0175337 0.175796 -0.98427 -2.95173
1 6 5 0.110624 0.212162 -0.970953 -2.94639
2 6 5 -0.0757308 0.119966 -0.989885 -2.92372
0 7 5 0.0554915 -0.228239 -0.972022 -2.85049
1 7 5 0.133531 -0.121668 -0.983548 -2.95265
2 7 5 -0.164643 -0.0875791 -0.982457 -2.92898
0 8 5 -0.0565757 0.428528 -0.901755 -2.34824
1 8 5 -0.00591643 -0.0343665 -0.999392 -2.76543
2 8 5 0.176071 -0.0887713 -0.980367 -2.70016
3 6 3 0.157032 -0.236947 -0.958748 -2.8392
4 6 3 0.300153 0.224805 -0.927023 -2.79462
5 6 3 0.154199 -0.160372 -0.974938 -2.50181
3 7 3 -0.0990081 -0.478535 -0.872469 -2.76007
4 7 3 0.0674315 -0.181558 -0.981066 -2.83748
5 7 3 -0.0222821 0.0371524 -0.999061 -2.99394
3 8 3 0.21837 -0.310466 -0.925162 -2.75807
4 8 3 0.54479 0.0659455 -0.835975 -2.55515
5 8 3 0.0745757 -0.162039 -0.983962 -2.9227
3 6 4 -0.189789 -0.58009 -0.792134 -2.52664
4 6 4 0.562569 0.0312493 -0.82616 -2.30768
5 6 4 0.0561693 0.374004 -0.925725 -2.61198
3 7 4 -0.0798836 -0.173748 -0.981545 -2.8693
4 7 4 0.0164877 -0.00487834 -0.999852 -2.90523
5 7 4 0.00263516 0.131587 -0.991301 -2.96959
3 8 4 -0.542786 -0.269955 -0.795304 -2.44534
4 8 4 -0.153292 -0.302599 -0.94071 -2.76907
5 8 4 0.000530774 -0.253486 -0.967339 -2.90822
3 6 5 0.164307 -0.0649215 -0.98427 -2.80607
4 6 5 -0.239161 0.00723947 -0.970953 -2.69598
5 6 5 -0.00767793 -0.141662 -0.989885 -2.88618
3 7 5 0.162653 -0.16946 -0.972022 -2.93003
4 7 5 -0.0729556 0.165261 -0.983548 -2.92884
5 7 5 -0.17535 -0.0634789 -0.982457 -2.98647
3 8 5 0.105984 -0.419052 -0.901755 -2.3242
4 8 5 -0.0299206 -0.0179114 -0.999392 -2.94215
5 8 5 -0.0854822 -0.177691 -0.980367 -2.98457
6 6 3 -0.058162 0.364656 -0.929324 -2.54074
7 6 3 -0.401913 0.0465476 -0.914494 -2.78587
8 6 3 0.0505703 0.216655 -0.974938 -2.90176
6 7 3 -0.0987155 -0.0450043 -0.994098 -2.81333
7 7 3 -0.559456 0.338241 -0.756705 -2.48397
8 7 3 -0.0424652 0.00857299 -0.999061 -2.84561
6 8 3 0.118032 -0.360753 -0.925162 -2.62193
7 8 3 -0.382076 0.393908 -0.835975 -2.2931
8 8 3 0.177956 0.0122502 -0.983962 -2.73268
6 6 4 0.0194994 -0.361096 -0.932325 -2.6512
7 6 4 -0.239135 -0.146302 -0.959901 -2.87887
8 6 4 0.000381587 0.000436142 -1 -2.98982
6 7 4 0.0702257 0.177871 -0.981545 -2.90133
7 7 4 0.0110908 -0.0131391 -0.999852 -2.87041
8 7 4 -0.090472 0.0955876 -0.991301 -3.00555
6 8 4 -0.166307 -0.116536 -0.979163 -2.91222
7 8 4 0.180613 0.0108053 -0.983495 -2.82967
8 8 4 -0.139308 0.211774 -0.967339 -2.69348
6 6 5 0.145944 -0.0995589 -0.98427 -2.94934
7 6 5 0.185774 0.150793 -0.970953 -2.85279
8 6 5 -0.124266 0.0684482 -0.989885 -2.95588
6 7 5 -0.0731938 0.0961577 -0.992671 -2.89469
7 7 5 -0.176862 -0.0367876 -0.983548 -2.92654
8 7 5 0.0752351 -0.170637 -0.982457 -2.9619
6 8 5 -0.361798 -0.236516 -0.901755 -2.69879
7 8 5 0.00409742 0.0346305 -0.999392 -2.94982
8 8 5 -0.0508866 -0.190504 -0.980367 -2.8522
0 0 6 0.0747325 0.0435165 -0.996254 -2.908
1 0 6 -0.0979195 -0.361996 -0.927023 -2.74095
2 0 6 -0.110091 0.19333 -0.974938 -2.77386
0 1 6 0.0868701 -0.0649901 -0.994098 -2.78984
1 1 6 0.169375 -0.461091 -0.871038 -2.72857
2 1 6 0.0311326 -0.0301256 -0.999061 -2.95006
0 2 6 0.368713 0.0901394 -0.925162 -2.67046
1 2 6 -0.0239891 -0.617098 -0.786521 -2.35672
2 2 6 -0.176822 0.0234997 -0.983962 -2.87308
0 0 7 -0.327399 0.153561 -0.932325 -2.5739
1 0 7 0.194611 -0.201784 -0.959901 -2.80773
2 0 7 -0.000534251 -0.00022451 -1 -2.95785
0 1 7 -0.248577 -0.707756 -0.661279 -2.0156
1 1 7 -0.0165317 -0.00472692 -0.999852 -2.75451
2 1 7 0.0289154 -0.128398 -0.991301 -2.98141
0 2 7 -0.0768355 -0.187977 -0.979163 -2.64915
1 2 7 0.337707 0.0319131 -0.94071 -2.69908
2 2 7 0.0446779 0.249518 -0.967339 -2.76205
0 0 8 -0.109762 -0.138434 -0.98427 -2.93876
1 0 8 -0.239267 0.00143325 -0.970953 -2.95138
2 0 8 -0.107515 0.0925619 -0.989885 -2.97412
0 1 8 0.0125896 0.120188 -0.992671 -2.64826
1 1 8 -0.176801 -0.0370829 -0.983548 -2.98414
2 1 8 -0.136751 -0.086708 -0.986803 -2.92726
0 2 8 -0.405305 -0.445351 -0.798367 -2.58339
1 2 8 0.0185405 0.0295349 -0.999392 -2.87396
2 2 8 -0.194348 -0.0333174 -0.980367 -2.93371
3 0 6 -0.0479807 -0.28018 -0.958748 -2.54412
4 0 6 -0.150317 -0.343561 -0.927023 -2.80429
5 0 6 -0.0129814 -0.2221 -0.974938 -2.98264
3 1 6 -0.107301 -0.0160223 -0.994098 -2.97221
4 1 6 -0.155197 0.115863 -0.981066 -2.93096
5 1 6 -0.0384217 -0.0200141 -0.999061 -2.78419
3 2 6 -0.354382 -0.13597 -0.925162 -2.54932
4 2 6 0.0162765 0.103316 -0.994515 -2.89304
5 2 6 -0.0174233 -0.177524 -0.983962 -2.78768
3 0 7 0.287721 -0.21906 -0.932325 -2.7624
4 0 7 -0.505633 -0.248587 -0.82616 -2.52671
5 0 7 -6.88875e-05 0.000575398 -1 -2.71872
3 1 7 0.185443 0.0466976 -0.981545 -2.91245
4 1 7 0.0171296 0.00148932 -0.999852 -2.76712
5 1 7 -0.592963 -0.323891 -0.737217 -2.2339
3 2 7 0.606163 -0.00762679 -0.795304 -2.19523
4 2 7 0.255171 0.2235 -0.94071 -2.68467
5 2 7 0.189714 -0.168119 -0.967339 -2.68636
3 0 8 -0.0871281 -0.153689 -0.98427 -2.81996
4 0 8 -0.649641 -0.376105 -0.660691 -2.11978
5 0 8 0.0127906 -0.434913 -0.900382 -2.59242
3 1 8 0.10483 -0.210197 -0.972022 -2.85495
4 1 8 -0.0714633 0.165911 -0.983548 -2.71534
5 1 8 -0.138515 -0.0838625 -0.986803 -2.86051
3 2 8 -0.167567 0.104609 -0.980295 -2.71867
4 2 8 0.023717 -0.0255649 -0.999392 -2.96223
5 2 8 -0.143188 -0.135566 -0.980367 -2.93464
6 0 6 0.00505223 -0.36923 -0.929324 -2.77177
7 0 6 0.35182 -0.129815 -0.927023 -2.76435
8 0 6 0.198589 -0.100294 -0.974938 -2.95903
6 1 6 0.0927585 -0.0562671 -0.994098 -2.75702
7 1 6 0.270818 0.409818 -0.871038 -2.69146
8 1 6 0.0409084 0.0142582 -0.999061 -2.96613
6 2 6 -0.698378 0.117627 -0.705997 -1.83785
7 2 6 0.0781622 0.0694968 -0.994515 -2.80373
8 2 6 -0.0210212 0.177134 -0.983962 -2.95506
6 0 7 -0.224029 -0.283869 -0.932325 -2.80269
7 0 7 -0.0560775 0.274673 -0.959901 -2.75435
8 0 7 -0.222466 -0.305848 -0.925725 -2.6885
6 1 7 0.150211 -0.118349 -0.981545 -2.76989
7 1 7 -0.00149964 0.0171287 -0.999852 -2.91624
8 1 7 0.123262 -0.0461363 -0.991301 -2.76966
6 2 7 0.418994 -0.438105 -0.795304 -2.34285
7 2 7 0.339196 -0.00325424 -0.94071 -2.85101
8 2 7 -0.117714 0.224497 -0.967339 -2.87311
6 0 8 0.174696 -0.0263268 -0.98427 -2.92265
7 0 8 0.155387 0.181949 -0.970953 -2.88596
8 0 8 0.0705692 0.123073 -0.989885 -2.89749
6 1 8 0.229706 0.0490664 -0.972022 -2.7684
7 1 8 0.131755 -0.123588 -0.983548 -2.95514
8 1 8 -0.108579 0.120124 -0.986803 -2.97253
6 2 8 -0.142457 -0.408097 -0.901755 -2.78101
7 2 8 0.0223252 -0.0267889 -0.999392 -2.94654
8 2 8 -0.197133 -0.00443219 -0.980367 -2.88624
0 3 6 0.13431 -0.343973 -0.929324 -2.68431
1 3 6 0.37337 -0.0349831 -0.927023 -2.67119
2 3 6 -0.174179 0.138414 -0.974938 -2.83384
0 4 6 0.397892 0.28369 -0.872469 -2.68349
1 4 6 -0.130998 0.142653 -0.981066 -2.82861
2 4 6 0.0179077 -0.0394475 -0.999061 -2.86078
0 5 6 0.358951 -0.123405 -0.925162 -2.71608
1 5 6 -0.0209792 0.102465 -0.994515 -2.92761
2 5 6 0.0470912 0.0312449 -0.998402 -2.98612
0 3 7 0.187005 0.309516 -0.932325 -2.60808
1 3 7 0.367413 -0.427163 -0.82616 -2.26308
2 3 7 0.368304 -0.0859445 -0.925725 -2.31903
0 4 7 0.188146 0.0342217 -0.981545 -2.77765
1 4 7 -0.469372 0.376433 -0.798741 -2.20677
2 4 7 -0.666554 0.11053 -0.737217 -2.26073
0 5 7 0.118343 0.165027 -0.979163 -2.77229
1 5 7 -0.180654 -0.287104 -0.94071 -2.6366
2 5 7 0.237199 0.0893964 -0.967339 -2.59548
0 3 8 -0.0580945 -0.0656776 -0.996148 -2.83502
1 3 8 -0.16921 0.16917 -0.970953 -2.78053
2 3 8 -0.168524 0.401139 -0.900382 -2.66402
0 4 8 -0.229705 -0.0490709 -0.972022 -2.92046
1 4 8 -0.0216175 -0.17935 -0.983548 -2.80592
2 4 8 -0.146068 0.0698816 -0.986803 -2.63338
0 5 8 -0.284618 -0.325316 -0.901755 -2.65537
1 5 8 0.02324 0.0259993 -0.999392 -2.85196
2 5 8 0.545282 0.15574 -0.823658 -2.46152
3 3 6 0.0220188 -0.083629 -0.996254 -2.90575
4 3 6 0.135688 -0.349597 -0.927023 -2.61665
5 3 6 -0.135184 -0.176697 -0.974938 -2.95746
3 4 6 -0.099047 -0.0442699 -0.994098 -2.52086
4 4 6 -0.030965 -0.949689 -0.31166 -1.34471
5 4 6 -0.0277334 0.0332814 -0.999061 -2.65352
3 5 6 -0.16285 -0.148724 -0.975377 -2.81073
4 5 6 0.321841 -0.444482 -0.835975 -2.4559
5 5 6 0.0654895 0.16592 -0.983962 -2.66856
3 3 7 -0.359347 0.0405082 -0.932325 -2.37663
4 3 7 -0.221981 -0.517866 -0.82616 -2.47141
5 3 7 -0.346453 -0.151671 -0.925725 -2.8246
3 4 7 -0.840075 -0.00555077 -0.542442 -2.00067
4 4 7 0.0124983 0.0118082 -0.999852 -2.33002
5 4 7 0.0068882 0.131433 -0.991301 -2.67797
3 5 7 0.13094 -0.155221 -0.979163 -2.53457
4 5 7 -0.267311 -0.208829 -0.94071 -2.75625
5 5 7 -0.234518 -0.0962105 -0.967339 -2.81309
3 3 8 0.166324 -0.0595651 -0.98427 -2.71112
4 3 8 -0.193461 0.140795 -0.970953 -2.83039
5 3 8 -0.43271 -0.0455534 -0.900382 -2.81178
3 4 8 -0.0927425 0.215804 -0.972022 -2.77538
4 4 8 -0.117873 0.136893 -0.983548 -2.94571
5 4 8 -0.0248492 0.160005 -0.986803 -2.8118
3 5 8 -0.253783 0.349902 -0.901755 -2.56278
4 5 8 0.0111709 0.0330344 -0.999392 -2.75809
5 5 8 -0.334248 0.458111 -0.823658 -2.46304
6 3 6 0.0383609 -0.367267 -0.929324 -2.6375
7 3 6 -0.00107413 0.00961381 -0.999953 -2.95178
8 3 6 -0.0920501 -0.202543 -0.974938 -2.94707
6 4 6 -0.0462457 0.09814 -0.994098 -2.64879
7 4 6 0.191083 -0.0315853 -0.981066 -2.8475
8 4 6 0.0159144 0.0402929 -0.999061 -2.94155
6 5 6 0.0859107 -0.261723 -0.961312 -2.6725
7 5 6 -0.433327 0.33671 -0.835975 -2.19038
8 5 6 -0.157924 -0.0829352 -0.983962 -2.81184
6 3 7 0.041759 -0.0757072 -0.996255 -2.67824
7 3 7 0.27832 0.0335914 -0.959901 -2.92425
8 3 7 -0.000509643 0.000275848 -1 -2.95781
6 4 7 -0.243607 -0.803998 -0.542442 -1.81435
7 4 7 0.00388389 0.0167498 -0.999852 -2.73855
8 4 7 -0.120258 -0.0534816 -0.991301 -2.95318
6 5 7 -0.208557 -0.569207 -0.795304 -2.42584
7 5 7 0.170723 -0.293118 -0.94071 -2.58178
8 5 7 0.0605087 0.291422 -0.954679 -2.74046
6 3 8 -0.1403 -0.107367 -0.98427 -2.91402
7 3 8 -0.0553587 -0.232779 -0.970953 -2.95295
8 3 8 0.137142 -0.0363187 -0.989885 -2.9816
6 4 8 0.172359 -0.159577 -0.972022 -2.6786
7 4 8 0.0253329 -0.178863 -0.983548 -3.01844
8 4 8 0.130082 -0.0964255 -0.986803 -2.92806
6 5 8 -0.199512 0.330864 -0.922347 -2.56613
7 5 8 -0.0337662 -0.00871206 -0.999392 -2.85583
8 5 8 0.526959 -0.209529 -0.823658 -2.44188
0 6 6 0.167341 0.329171 -0.929324 -2.79393
1 6 6 -0.142554 0.346854 -0.927023 -2.86776
2 6 6 -0.222393 -0.00616931 -0.974938 -2.94698
0 7 6 0.0635012 -0.0879643 -0.994098 -2.942
1 7 6 0.0573084 0.185003 -0.981066 -2.95229
2 7 6 0.0141914 -0.0409316 -0.999061 -2.99677
0 8 6 0.306713 -0.22361 -0.925162 -2.74694
1 8 6 -0.10418 0.00925099 -0.994515 -2.90979
2 8 6 0.00337711 0.178345 -0.983962 -2.96206
0 6 7 -0.342242 0.116794 -0.932325 -2.77326
1 6 7 0.147994 -0.0585934 -0.987251 -2.77997
2 6 7 -0.300311 -0.229885 -0.925725 -2.59634
0 7 7 -0.134498 -0.135941 -0.981545 -2.96572
1 7 7 0.0144058 0.00938688 -0.999852 -3.01231
2 7 7 -0.0616824 -0.116265 -0.991301 -2.97429
0 8 7 -0.0439686 -0.0700473 -0.996574 -2.91146
1 8 7 0.178553 0.0292674 -0.983495 -2.93948
2 8 7 -0.233141 0.0995004 -0.967339 -2.82364
0 6 8 -0.170789 -0.0451975 -0.98427 -2.91208
1 6 8 -0.0759003 0.226913 -0.970953 -2.89011
2 6 8 -0.0628778 0.430533 -0.900382 -2.6787
0 7 8 -0.112952 0.0429598 -0.992671 -2.96602
1 7 8 0.0390969 -0.0304867 -0.99877 -3.00795
2 7 8 -0.0634597 0.14897 -0.986803 -2.94652
0 8 8 -0.280081 -0.32923 -0.901755 -2.80741
1 8 8 -0.0176312 -0.0300865 -0.999392 -2.87089
2 8 8 -0.128133 0.149877 -0.980367 -2.92392
3 6 6 -0.185854 -0.215085 -0.958748 -2.79972
4 6 6 0.373779 -0.0303042 -0.927023 -2.62708
5 6 6 -0.171931 -0.141196 -0.974938 -2.88211
3 7 6 -0.0522701 -0.0950682 -0.994098 -2.95358
4 7 6 -0.0476314 -0.187727 -0.981066 -2.8867
5 7 6 -0.0148492 -0.0406975 -0.999061 -2.9605
3 8 6 0.271889 0.26486 -0.925162 -2.64177
4 8 6 -0.0263499 0.101217 -0.994515 -2.88995
5 8 6 -0.0517417 -0.170707 -0.983962 -2.94413
3 6 7 0.280154 0.228658 -0.932325 -2.68332
4 6 7 -0.0163872 0.27986 -0.959901 -2.60463
5 6 7 -0.000541418 0.000206628 -1 -2.91301
3 7 7 0.154594 -0.112564 -0.981545 -2.89405
4 7 7 -0.0485161 -0.599715 -0.798741 -2.43184
5 7 7 0.123023 0.0467697 -0.991301 -2.87135
3 8 7 0.381711 -0.250266 -0.889755 -2.74497
4 8 7 0.180108 -0.189109 -0.965297 -2.77791
5 8 7 0.0768821 -0.241546 -0.967339 -2.89995
3 6 8 -0.0163758 0.175908 -0.98427 -2.89549
4 6 8 -0.11464 -0.210019 -0.970953 -2.77157
5 6 8 0.202857 -0.384918 -0.900382 -2.48867
3 7 8 0.152957 -0.178259 -0.972022 -2.92794
4 7 8 0.173121 -0.0516007 -0.983548 -2.77968
5 7 8 -0.161622 -0.00988317 -0.986803 -2.88126
3 8 8 -0.112505 -0.417349 -0.901755 -2.72669
4 8 8 -0.0449066 -0.487523 -0.871955 -2.6303
5 8 8 0.1103 0.163448 -0.980367 -2.78578
6 6 6 0.0852511 0.014522 -0.996254 -2.87336
7 6 6 0.35515 -0.120406 -0.927023 -2.71254
8 6 6 0.222385 -0.0064681 -0.974938 -2.86608
6 7 6 -0.448912 -0.193071 -0.872469 -2.4347
7 7 6 0.193227 0.013176 -0.981066 -2.85852
8 7 6 -0.0312996 0.0299521 -0.999061 -2.98677
6 8 6 0.263902 0.272819 -0.925162 -2.29632
7 8 6 0.074784 -0.0731196 -0.994515 -2.94352
8 8 6 0.164109 -0.0699031 -0.983962 -2.96082
6 6 7 0.337741 0.129236 -0.932325 -2.70994
7 6 7 -0.0121021 0.15871 -0.987251 -2.84757
8 6 7 -0.0842019 0.368706 -0.925725 -2.90154
6 7 7 0.183125 -0.0550912 -0.981545 -2.78539
7 7 7 0.00357689 0.0168181 -0.999852 -2.9973
8 7 7 0.0138923 0.130879 -0.991301 -2.9755
6 8 7 -0.407279 -0.206059 -0.889755 -2.53985
7 8 7 -0.149266 0.214291 -0.965297 -2.90594
8 8 7 -0.238247 0.0865669 -0.967339 -2.89299
6 6 8 -0.0278578 0.174458 -0.98427 -2.84566
7 6 8 0.122186 -0.205721 -0.970953 -2.87858
8 6 8 -0.0441453 0.134827 -0.989885 -2.84904
6 7 8 -0.0412528 0.231237 -0.972022 -2.83309
7 7 8 -0.0303805 -0.178075 -0.983548 -2.95942
8 7 8 0.161775 -0.00694132 -0.986803 -2.95927
6 8 8 0.23664 -0.305414 -0.922347 -2.71652
7 8 8 0.00357996 -0.0346878 -0.999392 -2.96042
8 8 8 -0.0246912 -0.195631 -0.980367 -2.9306
