Position_x Position_y Position_z Spin_x Spin_y Spin_z Spin_energy Temperature n_spins
0 0 0 -0.627594 0.720787 0.294265 0.805851 1.201 729
0 0 10 -0.271569 -0.142434 0.951821 0.0543089
0 0 20 0.510339 0.764966 0.392915 -0.470383
0 0 30 0.0737504 0.0724233 -0.994644 -1.15128
0 0 40 -0.0379648 -0.982341 -0.183209 -1.4165
0 0 50 -0.576898 -0.347865 -0.739039 -2.12189
0 0 60 -0.948642 -0.0674005 -0.309087 0.129432
0 0 70 0.641354 0.509556 -0.573601 0.647065
0 0 80 0.654362 -0.754751 0.0464757 0.266725
0 0 90 0.0406348 -0.352898 -0.934779 1.85862
0 10 0 0.596741 -0.264778 0.757491 -0.439193
0 10 10 0.516433 0.423903 -0.744045 0.215913
0 10 20 -0.484312 -0.519107 0.704251 0.726782
0 10 30 0.0674304 0.0504261 -0.996449 -0.125076
0 10 40 -0.300452 0.57511 0.760905 0.0830582
0 10 50 0.773128 -0.318394 0.548542 -0.742725
0 10 60 0.769999 0.58231 -0.2608 1.01901
0 10 70 -0.759588 0.242956 0.603323 1.45586
0 10 80 0.234231 0.944612 0.229879 -0.557286
0 10 90 0.21283 0.201313 0.956126 0.650434
0 20 0 -0.378258 0.22677 -0.897494 -0.159927
0 20 10 0.000109526 0.000561793 -1 -2.5035
0 20 20 0.429999 0.64972 -0.62687 -0.114295
0 20 30 -0.421491 -0.795443 0.435449 0.838124
0 20 40 -0.370738 -0.815769 0.44393 -0.0428372
0 20 50 0.820791 -0.175255 -0.543679 1.22519
0 20 60 0.0253068 -0.0872927 0.995861 1.52229
0 20 70 -0.175438 -0.0257974 -0.984152 -0.097266
0 20 80 0.37915 -0.922963 -0.0662134 -0.329088
0 20 90 -0.0021136 0.000731229 -0.999997 -1.79033
0 30 0 -0.541578 -0.406781 -0.735678 -1.25601
0 30 10 -0.966194 -0.13127 0.221897 -1.27667
0 30 20 -0.570367 -0.608784 -0.55142 -0.264268
0 30 30 -0.870822 0.439213 0.220819 0.566438
0 30 40 0.197028 -0.96439 -0.17644 -0.0093075
0 30 50 0.378236 -0.144843 -0.914307 -2.00952
0 30 60 0.97041 -0.22612 0.0847026 -1.01733
0 30 70 0.457627 0.779673 -0.42742 -0.746509
0 30 80 -0.0272174 -0.456 -0.889563 -0.227532
0 30 90 0.013843 -0.108219 0.994031 0.34387
0 40 0 0.7447 -0.155851 0.648947 -0.471867
0 40 10 0.487971 -0.0739409 -0.869722 0.756733
0 40 20 -0.0827411 0.0488018 -0.995375 -1.56967
0 40 30 0.667315 -0.561699 -0.489065 -1.72037
0 40 40 0.240243 0.0428056 -0.969769 -0.423889
0 40 50 -0.633977 0.670867 0.384722 0.469993
0 40 60 0.865681 -0.476677 -0.152891 0.273031
0 40 70 -0.329623 -0.920456 0.210023 -0.269892
0 40 80 -0.189869 -0.154065 0.969646 -0.912381
0 40 90 -0.0233033 0.863592 0.503652 0.189474
0 50 0 0.0898073 0.710257 -0.69819 -1.57573
0 50 10 -0.00707116 0.13674 -0.990582 -2.12505
0 50 20 0.521682 -0.712847 -0.468719 -0.820718
0 50 30 0.749839 -0.420716 0.510626 -0.0812475
0 50 40 0.752868 0.544555 0.369662 -1.0128
0 50 50 0.112068 0.204041 0.972527 -0.408977
0 50 60 -0.456861 0.0472078 0.888285 -1.45347
0 50 70 0.796918 -0.452201 0.400543 0.0166964
0 50 80 -0.000830529 0.145678 -0.989332 -1.13649
0 50 90 -0.366332 0.231153 -0.901315 -2.56604
0 60 0 -0.738583 -0.327862 -0.589068 -0.531609
0 60 10 0.356052 -0.916168 -0.184017 -0.0509808
0 60 20 -0.182145 0.971216 0.153505 -0.711681
0 60 30 -0.527635 0.844811 0.0888574 -1.00022
0 60 40 -0.19513 -0.731645 0.653161 0.1081
0 60 50 -0.035334 0.0485699 0.998195 -0.735422
0 60 60 0.852969 0.438362 -0.283341 -0.405603
0 60 70 0.109662 -0.421474 -0.900185 -1.49726
0 60 80 0.230065 -0.206507 -0.951013 -0.798198
0 60 90 -0.0587848 -0.0946406 -0.993774 0.418405
0 70 0 -0.0675466 -0.0152579 0.997599 0.795794
0 70 10 0.278476 -0.783368 -0.555686 0.455487
0 70 20 0.0206169 -0.551141 -0.834157 0.689258
0 70 30 0.0519764 0.763979 0.643144 0.435582
0 70 40 0.426476 0.35962 0.829935 -0.792406
0 70 50 0.310469 -0.125275 -0.942292 -0.44752
0 70 60 -0.282663 0.218605 0.933977 0.127386
0 70 70 0.274717 0.195393 0.941463 0.649285
0 70 80 -0.0692288 0.427775 0.90123 -1.91862
0 70 90 -0.104838 -0.371245 0.922597 -0.549642
0 80 0 -0.116332 -0.0745236 0.990411 0.602034
0 80 10 0.80257 -0.377386 -0.462018 0.806953
0 80 20 0.110149 0.304531 0.946112 0.0418152
0 80 30 0.754264 0.65589 -0.0298947 -1.1364
0 80 40 0.648284 0.495628 -0.577997 -1.04271
0 80 50 -0.0509622 -0.060473 -0.996868 -0.953223
0 80 60 0.933007 -0.351614 -0.076588 -0.784178
0 80 70 0.921339 -0.267073 0.2825 -0.954716
0 80 80 -0.386521 0.754172 0.530874 -0.286587
0 80 90 0.574961 0.18231 -0.797611 -0.978363
0 90 0 0.332531 0.589636 -0.736039 -0.830535
0 90 10 -0.206962 0.168582 -0.963715 -1.30675
0 90 20 0.118209 0.414259 -0.90245 -1.43702
0 90 30 0.610217 0.65896 -0.43978 -0.95276
0 90 40 0.714304 -5.48817e-06 -0.699836 -1.25023
0 90 50 0.319956 -0.106159 0.941466 -0.804531
0 90 60 0.0970298 0.626681 0.773211 -1.38713
0 90 70 0.0242709 -0.168976 0.985321 -0.391103
0 90 80 0.924683 0.372923 -0.0767418 -0.455498
0 90 90 0.401191 -0.703881 -0.586172 -1.92385
10 0 0 0.26498 -0.0950535 -0.959557 -1.49864
10 0 10 0.0371653 -0.0136611 -0.999216 -1.97473
10 0 20 -0.117519 -0.136346 -0.983666 -0.91103
10 0 30 -0.765683 0.0437126 0.641731 -0.814561
10 0 40 0.605363 0.754524 0.253434 -0.961326
10 0 50 -0.327443 0.906925 0.265082 0.237543
10 0 60 0.746125 -0.386684 -0.542009 -0.489774
10 0 70 0.0163961 -0.700452 -0.713511 -1.62877
10 0 80 0.330944 -0.446167 0.831511 1.52056
10 0 90 -0.93465 0.194852 -0.297426 -0.270694
10 10 0 -0.0208101 -0.0993844 0.994831 0.758533
10 10 10 -0.304453 0.366729 0.879101 -1.37218
10 10 20 0.865419 0.380531 0.325955 -1.43496
10 10 30 0.970352 -0.225855 -0.0860547 -0.173681
10 10 40 -0.065334 0.0674622 -0.99558 -1.9137
10 10 50 0.523248 0.448487 -0.724618 -0.762644
10 10 60 -0.540039 -0.83416 -0.111961 0.060832
10 10 70 0.000172734 0.41846 -0.908235 -0.227154
10 10 80 -0.181511 0.135673 -0.973985 1.05232
10 10 90 0.886926 0.461282 -0.024121 0.119861
10 20 0 0.00854445 0.0996899 0.994982 -1.7304
10 20 10 -0.0141126 0.00666945 0.999878 -1.14835
10 20 20 0.0715858 0.175142 -0.981937 -0.806064
10 20 30 0.0816068 0.00883158 -0.996625 -1.12803
10 20 40 0.346475 0.142915 0.927109 0.905948
10 20 50 0.303109 -0.0605189 0.951032 -0.281173
10 20 60 -0.457665 0.0387348 0.888281 -0.296558
10 20 70 -0.424566 0.254742 -0.868821 0.14315
10 20 80 0.0359867 -0.00115217 -0.999352 0.642502
10 20 90 -0.370208 0.323224 -0.870903 0.669523
10 30 0 -0.178726 0.175156 0.968183 0.841103
10 30 10 -0.838709 0.114211 0.532468 1.40815
10 30 20 0.736753 0.646963 0.196553 -0.572477
10 30 30 0.213674 -0.358698 0.908669 0.0721554
10 30 40 -0.307194 -0.368323 -0.877479 1.59427
10 30 50 0.160161 0.10783 -0.981184 -1.72528
10 30 60 0.287703 0.889352 0.35536 0.14393
10 30 70 0.939777 0.171579 -0.295601 0.648341
10 30 80 -0.945893 -0.319075 -0.0589678 1.09676
10 30 90 0.917407 -0.0141022 -0.397701 0.541435
10 40 0 -0.160995 0.726766 0.667752 -0.524726
10 40 10 -0.789726 0.601753 -0.11927 -0.0423949
10 40 20 0.186008 -0.331993 0.92476 -0.963434
10 40 30 0.729777 0.231392 0.643338 -1.07058
10 40 40 0.337745 -0.010707 -0.941177 0.487427
10 40 50 -0.480734 -0.612833 -0.62716 -0.805669
10 40 60 0.131299 0.149962 -0.979935 -0.450954
10 40 70 0.999573 0.00715918 -0.0283294 -1.0813
10 40 80 0.496169 -0.773543 -0.394268 0.171286
10 40 90 -0.339126 -0.215029 -0.915836 -0.318251
10 50 0 0.0129283 0.0166686 0.999777 -0.320384
10 50 10 -0.389209 -0.423589 0.817978 -0.267095
10 50 20 -0.794795 -0.296187 0.529692 -0.721845
10 50 30 0.236732 -0.439478 -0.866497 -0.145468
10 50 40 -0.358135 0.798686 -0.48357 -1.27304
10 50 50 -0.475626 0.645713 0.597356 0.54285
10 50 60 -0.950146 -0.301824 -0.0782619 -0.587206
10 50 70 -0.754128 -0.64782 -0.1078 -0.3717
10 50 80 0.0557527 0.106041 -0.992798 0.364204
10 50 90 0.261064 0.365327 0.893522 -0.298454
10 60 0 -0.0298289 -0.0855062 0.995891 -1.69095
10 60 10 0.591246 -0.136083 0.794927 0.163721
10 60 20 -0.0424603 -0.437648 -0.898143 -0.629345
10 60 30 0.298147 -0.352843 -0.886911 -1.26994
10 60 40 0.391708 0.313189 -0.865146 -1.05651
10 60 50 -0.163356 -0.49613 -0.852742 -2.00431
10 60 60 0.460471 0.0708526 -0.884843 -1.5354
10 60 70 0.192366 0.979227 0.0641034 -0.702388
10 60 80 -0.717168 -0.277547 0.639248 -0.648323
10 60 90 -0.74516 0.223335 0.628377 -0.485967
10 70 0 -0.763688 -0.602464 0.231985 -0.228062
10 70 10 -0.152781 -0.760922 -0.6306 -1.08645
10 70 20 -0.818967 0.210358 -0.533894 0.221508
10 70 30 0.0538673 0.0761261 -0.995642 -1.77375
10 70 40 0.34487 -0.934528 -0.0878783 -0.29502
10 70 50 -0.573536 0.198324 0.794811 -0.658342
10 70 60 0.758431 -0.469354 0.452206 -1.11191
10 70 70 0.323774 -0.664259 -0.673744 0.425893
10 70 80 -0.442287 -0.0565638 -0.895088 -0.495786
10 70 90 0.42921 -0.853479 0.295554 -0.911935
10 80 0 -0.539878 -0.514076 0.666527 -0.0746418
10 80 10 0.0200814 0.0771832 -0.996815 -0.0564153
10 80 20 -0.45546 -0.131579 0.880479 0.50937
10 80 30 -0.665338 -0.706049 -0.24253 0.554306
10 80 40 0.584828 -0.481791 0.652574 -0.287572
10 80 50 0.0186136 -0.0215729 0.999594 -0.98287
10 80 60 0.306794 0.342666 0.887951 -0.664387
10 80 70 0.616008 -0.664557 0.422965 -0.662858
10 80 80 0.925077 0.330878 -0.186421 0.241252
10 80 90 -0.39396 -0.242442 0.886576 0.0788587
10 90 0 -0.730566 -0.622021 -0.281714 -1.30876
10 90 10 -0.799211 -0.0838893 -0.595167 -1.03538
10 90 20 0.0514201 -0.036491 0.99801 -0.354214
10 90 30 -0.306145 0.935825 0.174662 -1.14227
10 90 40 -0.225586 0.757232 -0.612952 -0.521883
10 90 50 0.719273 0.395927 -0.570866 -0.461766
10 90 60 0.583032 0.489278 -0.648599 -0.629382
10 90 70 -0.0524412 -0.0299042 0.998176 -1.2032
10 90 80 0.11927 0.402973 0.907407 0.549211
10 90 90 0.607822 0.24723 -0.754605 0.0346495
20 0 0 0.342409 0.768798 0.540098 -0.502815
20 0 10 0.0302809 -0.0275372 0.999162 -0.519775
20 0 20 -0.360521 0.28465 0.888256 -1.08932
20 0 30 -0.0604921 0.391039 0.918384 -0.395323
20 0 40 0.683531 0.381015 0.622586 -1.2567
20 0 50 -0.764773 -0.0220337 0.643924 -0.280162
20 0 60 -0.251185 -0.0980824 0.962957 -2.21116
20 0 70 0.321785 0.785009 0.529353 -0.994367
20 0 80 -0.0223491 -0.0188999 -0.999572 0.489003
20 0 90 0.294144 0.286711 -0.911743 -0.592854
20 10 0 0.450597 0.690768 -0.565511 -1.23492
20 10 10 0.321465 0.45246 0.83183 -0.934276
20 10 20 0.465016 0.189809 0.864715 -0.699096
20 10 30 0.854105 0.511951 0.0917176 0.335523
20 10 40 -0.427936 -0.015085 0.903683 -0.535761
20 10 50 -0.277894 -0.805328 -0.523662 -0.140573
20 10 60 -0.482368 -0.448048 0.752711 -0.561094
20 10 70 0.929201 0.227551 0.291214 0.664401
20 10 80 -0.0839646 0.435475 -0.896277 -1.36975
20 10 90 -0.543643 0.385763 -0.745412 -0.800309
20 20 0 -0.902814 0.0256498 0.429266 -0.703281
20 20 10 -0.0216305 0.437491 0.898963 0.630553
20 20 20 0.423854 -0.759311 0.493755 1.04381
20 20 30 -0.885068 0.174853 -0.431372 -0.187431
20 20 40 -0.265985 -0.911544 -0.313592 0.23738
20 20 50 -0.41229 0.710564 -0.57019 0.92952
20 20 60 -0.323083 -0.265141 -0.90847 -1.9086
20 20 70 -0.526236 0.679131 -0.511719 -1.30228
20 20 80 -0.441757 0.897134 -0.00111681 -1.30047
20 20 90 0.194683 0.248131 -0.948962 -1.16122
20 30 0 -0.593017 0.157775 -0.789581 -0.447314
20 30 10 -0.446008 0.892368 0.0689691 -0.00356124
20 30 20 -0.408794 0.384246 0.827794 -0.708036
20 30 30 0.467849 -0.812273 0.348323 -0.131438
20 30 40 0.622509 -0.46364 -0.630492 -0.702431
20 30 50 0.110438 0.101775 0.988658 -0.140117
20 30 60 0.292507 0.388109 0.873963 0.12594
20 30 70 0.35905 -0.0225838 -0.933045 -0.871413
20 30 80 0.177329 -0.919028 -0.352054 -0.298924
20 30 90 0.833709 -0.368519 0.411245 -0.112846
20 40 0 0.0316646 -0.756647 0.653057 -1.1256
20 40 10 0.137904 0.054684 0.988935 -0.288267
20 40 20 -0.110225 -0.634068 -0.765381 0.0599946
20 40 30 -0.0747166 -0.841392 0.535236 -1.20912
20 40 40 0.242064 -0.272448 0.931223 -1.43762
20 40 50 0.656894 0.367045 -0.658611 0.10121
20 40 60 -0.582005 0.75421 0.304034 0.428867
20 40 70 0.7545 0.616207 -0.225875 0.195958
20 40 80 -0.816655 -0.044363 -0.575419 1.01229
20 40 90 -0.23376 -0.231002 0.944454 -1.48478
20 50 0 0.343454 0.507614 0.790169 -0.888171
20 50 10 0.744219 0.306648 0.593384 -1.53873
20 50 20 -0.281399 0.103676 0.953974 -0.216894
20 50 30 -0.616715 -0.221441 -0.755398 -0.0481341
20 50 40 -0.485557 -0.162229 -0.85902 -0.365503
20 50 50 0.300641 0.728295 -0.615793 -1.3322
20 50 60 0.223089 -0.0795464 0.971547 0.280129
20 50 70 -0.0868877 0.889875 0.447854 -1.47233
20 50 80 0.0818148 0.550767 -0.830639 -0.391224
20 50 90 0.235319 0.192051 -0.952755 -0.833671
20 60 0 -0.00579653 -0.00386652 0.999976 0.212748
20 60 10 0.729511 -0.627411 -0.272341 0.568569
20 60 20 -0.771434 -0.398132 -0.496367 -0.531334
20 60 30 -0.262216 -0.444684 -0.856446 -0.20279
20 60 40 -0.621527 -0.635875 0.457566 -0.185507
20 60 50 0.350624 0.631665 0.691421 -0.741518
20 60 60 -0.40754 0.684169 0.604834 0.100955
20 60 70 0.247953 -0.0407646 -0.967914 -0.0695043
20 60 80 -0.17934 0.983268 0.0319624 -0.435385
20 60 90 0.110235 -0.13166 -0.985147 -0.271521
20 70 0 -0.37538 -0.816823 0.438053 0.128377
20 70 10 0.0433773 0.978522 0.201528 1.05796
20 70 20 -0.209831 0.145862 0.966796 -0.0375681
20 70 30 -0.824002 0.554588 -0.115984 -0.2055
20 70 40 0.504814 -0.132851 -0.852944 0.102088
20 70 50 0.916055 -0.335909 0.219107 -0.151233
20 70 60 0.139329 0.135012 -0.980999 -0.653151
20 70 70 0.348936 -0.791388 -0.501945 -1.29165
20 70 80 -0.50918 -0.43042 -0.745302 -1.37718
20 70 90 -0.844594 -0.515804 -0.14355 -1.08104
20 80 0 0.011004 -0.482615 0.875763 -1.01756
20 80 10 -0.581141 -0.0346991 0.813063 -0.645918
20 80 20 -0.703575 -0.709188 -0.0451031 -0.837316
20 80 30 -0.42441 -0.83644 -0.346764 -1.01968
20 80 40 -0.0487463 -0.114037 -0.99228 -1.55625
20 80 50 -0.130356 -0.191456 -0.972806 -0.327843
20 80 60 -0.705252 -0.249226 -0.663706 -0.564383
20 80 70 -0.391082 0.259857 -0.882909 -0.655548
20 80 80 -0.718478 0.313501 -0.620892 -0.324002
20 80 90 -0.497304 0.527613 0.688703 -0.203475
20 90 0 -0.736914 -0.557348 -0.38252 -1.58556
20 90 10 -0.916697 0.265379 -0.298731 -1.25803
20 90 20 -0.765287 0.595652 -0.243998 -1.5672
20 90 30 0.151736 0.891103 -0.427681 -1.21283
20 90 40 0.577795 0.629019 -0.520085 0.182439
20 90 50 -0.517319 -0.606059 0.604214 0.837853
20 90 60 -0.200875 -0.488518 0.849117 -0.565738
20 90 70 0.375917 -0.925296 0.0501411 -1.32251
20 90 80 0.133129 0.0202517 -0.990892 0.225263
20 90 90 0.752551 -0.0690677 0.654902 1.10212
30 0 0 -0.525869 0.124327 -0.84143 0.999602
30 0 10 0.39151 -0.215297 0.894632 -0.239104
30 0 20 0.0892618 -0.109372 0.989985 -1.20888
30 0 30 0.143738 -0.280955 0.948896 -1.574
30 0 40 0.501998 -0.842368 -0.195995 -1.29262
30 0 50 0.5828 -0.799806 0.143716 -1.17516
30 0 60 -0.95052 0.274725 -0.145044 0.550056
30 0 70 0.380769 -0.737214 -0.558149 -0.42899
30 0 80 0.864214 -0.462842 0.197259 -0.125038
30 0 90 -0.336115 -0.171337 0.926105 0.572312
30 10 0 -0.494374 -0.565614 0.660057 -1.68912
30 10 10 0.112516 0.216901 0.969688 -1.16916
30 10 20 -0.30714 -0.712087 -0.631346 -0.153614
30 10 30 0.0991622 -0.486771 0.867883 -0.727868
30 10 40 0.803198 0.589695 -0.0844622 -0.572976
30 10 50 0.62454 0.452385 0.63663 -1.25571
30 10 60 -0.00859102 0.0339715 0.999386 -1.10816
30 10 70 0.00203407 -0.0230507 -0.999732 0.365908
30 10 80 -0.271129 -0.790359 0.549383 -0.212528
30 10 90 0.58684 0.781696 0.211114 0.611021
30 20 0 -0.559556 0.219113 -0.799304 0.0228641
30 20 10 -0.0175557 0.0257811 0.999513 -0.0693781
30 20 20 -0.608155 -0.765818 0.208975 1.03836
30 20 30 -0.508247 0.824692 -0.248131 0.596328
30 20 40 0.0966999 -0.877282 0.470134 0.447984
30 20 50 -0.312041 0.907178 -0.282239 0.482843
30 20 60 0.727069 -0.427409 -0.5373 -0.332776
30 20 70 -0.162095 0.473086 -0.865976 -1.13477
30 20 80 -0.907599 0.371598 -0.195393 -1.31985
30 20 90 -0.0628737 0.37157 -0.926273 0.174285
30 30 0 0.773167 -0.2163 0.596177 0.900282
30 30 10 -0.10631 0.275178 -0.955497 -1.4512
30 30 20 0.406978 0.884485 -0.228155 -0.702135
30 30 30 -0.572207 0.0517027 -0.818478 -1.54626
30 30 40 0.211787 -0.156905 -0.964638 -1.09011
30 30 50 0.282669 -0.373279 -0.883607 -0.175106
30 30 60 -0.290951 -0.685062 -0.66786 -0.974549
30 30 70 -0.0147199 0.303906 -0.952588 -2.08027
30 30 80 -0.547313 0.423251 -0.722016 -0.806025
30 30 90 0.0530786 -0.311155 -0.948876 -1.82247
30 40 0 -0.0410601 0.758202 -0.650726 -1.61656
30 40 10 0.176598 0.0274674 -0.9839 -0.954
30 40 20 -0.000706905 0.0350594 -0.999385 -0.870614
30 40 30 -0.665851 -0.719707 -0.19663 -1.59406
30 40 40 -0.793545 -0.607735 -0.0307373 -1.407
30 40 50 -0.157292 0.0335498 -0.986982 -1.22362
30 40 60 -0.01988 0.262675 -0.96468 -2.02509
30 40 70 0.129758 -0.160317 -0.9785 -2.08092
30 40 80 -0.379588 -0.428443 -0.819969 -0.876406
30 40 90 0.052724 0.325173 0.944184 1.06558
30 50 0 0.0746611 0.289339 0.954311 0.849172
30 50 10 -0.114843 -0.286652 -0.951126 -1.19349
30 50 20 -0.65701 -0.343192 -0.671235 -2.42955
30 50 30 -0.837718 -0.546087 -0.00417969 -1.13782
30 50 40 -0.30724 -0.417609 -0.855106 -1.08951
30 50 50 -0.525031 0.095754 -0.845679 -1.94214
30 50 60 0.466522 0.0997818 -0.878864 -1.7266
30 50 70 0.0847781 0.276838 -0.957169 -0.113012
30 50 80 -0.0599546 -0.207305 -0.976437 -0.860246
30 50 90 -0.322861 -0.00785673 -0.946414 -1.30574
30 60 0 -0.438807 -0.39285 -0.808157 -1.35306
30 60 10 0.396194 -0.876455 0.2736 -1.33669
30 60 20 -0.106702 -0.5059 0.855967 0.851223
30 60 30 -0.868228 -0.453594 0.20108 -0.283251
30 60 40 -0.0538878 -0.333746 -0.941121 -1.20399
30 60 50 0.421293 -0.342222 0.839879 0.736089
30 60 60 0.685529 -0.559337 0.466038 0.0485776
30 60 70 -0.470903 0.00903801 -0.882139 7.37425e-05
30 60 80 0.539042 0.174227 -0.824062 -0.343649
30 60 90 0.180718 -0.313148 0.932352 -0.242527
30 70 0 -0.653648 -0.0994796 -0.750232 -0.15461
30 70 10 0.540333 -0.76068 -0.359731 -0.349291
30 70 20 -0.0810328 0.0656592 -0.994546 -1.18203
30 70 30 -0.00668479 -0.0761646 -0.997073 -0.508134
30 70 40 -0.457486 -0.768419 -0.447481 -0.474656
30 70 50 -0.377162 0.185858 0.907307 1.35317
30 70 60 -0.264457 -0.964007 0.0274231 -0.0383412
30 70 70 -0.34172 0.364451 0.866258 -0.466686
30 70 80 0.456228 -0.182946 -0.870854 0.536602
30 70 90 0.709373 0.38341 0.591428 -0.935027
30 80 0 0.879612 0.1832 0.439 -0.464277
30 80 10 0.151456 -0.73775 -0.657864 -0.0652864
30 80 20 0.529517 -0.517733 0.671985 -0.946477
30 80 30 0.700534 -0.461666 -0.544166 0.268881
30 80 40 0.164332 0.399618 -0.901832 -0.780648
30 80 50 -0.304369 -0.893525 0.330111 0.0877586
30 80 60 0.0634632 -0.163174 -0.984554 -0.927513
30 80 70 0.0644772 -0.862865 -0.501305 -0.358093
30 80 80 0.157994 -0.550691 0.81962 0.269732
30 80 90 0.404543 0.387196 -0.828507 -0.327921
30 90 0 0.288265 -0.942763 0.167632 -0.707544
30 90 10 -0.951774 -0.305948 -0.0228565 -0.199703
30 90 20 -0.411886 0.280938 -0.866847 -2.02115
30 90 30 -0.211938 -0.757889 -0.616998 0.0881305
30 90 40 0.93235 0.253616 0.257686 -0.597341
30 90 50 0.110258 0.21993 -0.969265 -1.97182
30 90 60 -0.00650142 0.0148566 -0.999868 -1.5002
30 90 70 0.144953 -0.593839 -0.791419 -0.743583
30 90 80 -0.781031 0.136922 0.609297 0.254383
30 90 90 -0.837758 -0.117989 0.533142 0.0682928
40 0 0 -0.033571 0.0667578 -0.997204 -0.966302
40 0 10 0.0465784 0.912527 -0.406355 -0.905361
40 0 20 0.732603 0.573446 -0.366678 -1.10499
40 0 30 0.146044 -0.330576 -0.932411 -1.9838
40 0 40 -0.452404 -0.193648 -0.870535 -0.863034
40 0 50 -0.97946 0.167995 -0.111517 -1.02549
40 0 60 -0.891122 0.418683 0.174944 -0.545092
40 0 70 0.187839 -0.69669 -0.692343 0.0427755
40 0 80 0.49589 -0.723547 0.48018 0.540557
40 0 90 -0.0648089 -0.069436 -0.995479 -0.730197
40 10 0 0.116522 -0.390914 -0.913022 -0.961696
40 10 10 0.134001 0.893642 -0.428308 -0.674912
40 10 20 0.2904 -0.955615 0.0496873 0.282361
40 10 30 -0.826489 0.268385 0.49486 -0.37344
40 10 40 0.077235 0.30637 0.948774 0.197694
40 10 50 -0.0857819 0.217796 -0.972217 0.0275199
40 10 60 -0.149225 -0.694434 -0.703913 -1.24201
40 10 70 -0.962114 0.272405 -0.0114844 -0.805669
40 10 80 0.697188 0.624584 -0.351886 -0.302482
40 10 90 0.0288811 0.439204 -0.897923 -1.44306
40 20 0 0.420582 -0.438299 -0.794358 -1.3323
40 20 10 0.466485 0.46579 0.751952 1.50742
40 20 20 -0.2008 0.11866 -0.972419 1.00113
40 20 30 -0.43728 0.0122364 0.899242 1.19836
40 20 40 -0.36203 -0.0386593 -0.931365 -1.62744
40 20 50 -0.668444 -0.741303 -0.0604407 -0.482293
40 20 60 -0.162839 0.35039 -0.92234 -0.331654
40 20 70 -0.860784 0.376255 -0.342759 -1.40678
40 20 80 -0.107425 -0.936669 -0.333335 -1.20361
40 20 90 -0.228937 0.160727 -0.960081 0.117914
40 30 0 -0.815883 -0.546848 -0.187863 -0.654567
40 30 10 -0.0442505 -0.915959 -0.398825 -0.62818
40 30 20 -0.314764 0.092026 -0.944698 -0.544715
40 30 30 0.50276 0.740772 0.445522 1.35904
40 30 40 0.272349 -0.0793474 -0.958921 -1.00205
40 30 50 -0.65515 0.157018 -0.739002 -1.02095
40 30 60 0.0572783 -0.018866 -0.99818 -1.44145
40 30 70 0.663966 -0.559812 -0.495741 -0.890696
40 30 80 -0.112349 -0.966142 0.232267 -0.958131
40 30 90 -0.108777 0.144952 -0.983441 0.827511
40 40 0 0.0123266 -0.0126364 0.999844 1.15912
40 40 10 -0.893046 0.272215 -0.358283 1.06361
40 40 20 0.757533 -0.0109954 0.652704 0.943818
40 40 30 -0.19407 0.163051 0.967342 -0.423328
40 40 40 -0.231014 0.784478 0.575524 -0.127045
40 40 50 -0.226504 -0.266473 0.93685 0.142093
40 40 60 0.136589 -0.756888 0.639112 -2.34447
40 40 70 0.240198 -0.197419 0.950437 -0.377666
40 40 80 -0.509072 0.465054 -0.724272 -0.659263
40 40 90 -0.636948 0.146403 -0.756878 -1.08389
40 50 0 -0.444624 -0.285836 -0.848886 -0.0060738
40 50 10 -0.329322 -0.703729 -0.629534 -1.50259
40 50 20 0.416071 -0.538335 -0.732858 -0.87992
40 50 30 -0.14062 -0.301647 -0.942993 -1.24975
40 50 40 0.196672 -0.843712 -0.49947 -1.65833
40 50 50 -0.0361272 -0.862071 -0.505499 -0.611847
40 50 60 -0.184811 0.0307976 -0.982291 -1.70476
40 50 70 0.368028 0.819042 -0.440144 -0.177532
40 50 80 0.290372 -0.00132791 0.956913 0.0525762
40 50 90 -0.213118 0.0794066 -0.973794 -1.47135
40 60 0 -0.0939085 -0.225778 -0.969642 -0.762436
40 60 10 0.907716 -0.109901 -0.404935 -1.22554
40 60 20 0.0238703 -0.0032829 -0.99971 -0.248065
40 60 30 0.155828 0.0509432 -0.98647 -0.654406
40 60 40 0.0273439 0.00426452 -0.999617 -1.96122
40 60 50 0.915551 0.204585 0.346281 -0.212403
40 60 60 0.118702 0.675839 0.727428 -1.0834
40 60 70 0.426933 -0.0965791 -0.899111 0.257801
40 60 80 0.0534011 0.119757 0.991366 2.81373
40 60 90 0.011869 -0.357904 -0.933683 -0.69343
40 70 0 -0.248736 -0.968208 0.0265329 1.08793
40 70 10 -0.0591427 0.998147 0.0142836 1.28738
40 70 20 -0.0549516 -0.0577588 -0.996817 0.159023
40 70 30 -0.0712109 0.940448 0.332395 0.000722947
40 70 40 0.668301 0.74356 -0.0221868 -0.787767
40 70 50 0.281449 0.955023 -0.0933725 -0.558814
40 70 60 0.0104302 -0.0206986 -0.999731 -0.207015
40 70 70 0.461295 0.349433 -0.815539 -1.73978
40 70 80 0.733306 0.397944 -0.551274 0.0919645
40 70 90 -0.110432 -0.152899 -0.982052 -0.591566
40 80 0 0.741787 -0.6703 0.0212323 0.289091
40 80 10 -0.975109 0.199573 0.0966106 -1.02481
40 80 20 -0.0348395 -0.362484 -0.931339 -0.21251
40 80 30 -0.590841 -0.799712 -0.106616 0.606739
40 80 40 0.893724 -0.0580542 -0.444844 -1.18028
40 80 50 0.339487 0.189077 -0.921411 -0.919864
40 80 60 -0.171933 0.449942 0.876351 0.508806
40 80 70 -0.197018 0.483037 0.853147 -0.992177
40 80 80 -0.0702046 -0.0901305 -0.993452 0.249655
40 80 90 -0.858148 -0.380295 0.344903 -0.809137
40 90 0 -0.95921 -0.111218 0.259896 -0.56449
40 90 10 -0.686259 0.409679 0.601009 0.302241
40 90 20 -0.380621 -0.477808 -0.791724 -1.28783
40 90 30 -0.0477074 -0.488988 -0.870985 -0.576627
40 90 40 -0.180505 0.114825 0.976849 -0.39829
40 90 50 -0.415305 -0.293127 0.861161 -1.07531
40 90 60 -0.87116 0.353705 -0.340548 -0.422782
40 90 70 0.00767569 -0.641818 -0.766818 0.283677
40 90 80 -0.153613 0.102081 -0.982844 -1.76756
40 90 90 0.0520116 0.215172 -0.97519 -1.49309
50 0 0 -0.0927372 0.362061 -0.92753 -2.03264
50 0 10 0.756624 0.343324 -0.55646 -0.670091
50 0 20 0.851351 0.230786 0.471104 -0.986866
50 0 30 -0.515579 0.221265 0.82778 -1.07063
50 0 40 -0.48387 -0.144431 0.863139 -1.31423
50 0 50 0.12539 -0.977663 0.168676 -0.668074
50 0 60 0.0957705 -0.877426 -0.470054 -0.794396
50 0 70 -0.981454 0.142324 0.128418 -0.302263
50 0 80 -0.400778 -0.0218833 -0.915914 -1.00021
50 0 90 -0.810845 0.41924 0.408373 0.465453
50 10 0 -0.0623589 0.14637 0.987263 -0.971619
50 10 10 -0.549056 0.451963 0.703041 -1.51133
50 10 20 0.164273 -0.193805 0.967189 -1.13591
50 10 30 -0.731265 0.680737 -0.0429916 -0.677176
50 10 40 -0.508798 0.388624 0.768177 0.291643
50 10 50 0.233038 0.79162 -0.564829 -0.312727
50 10 60 -0.217628 0.571104 -0.791504 -0.467487
50 10 70 -0.315226 -0.100377 -0.943693 -2.31672
50 10 80 -0.573455 -0.135407 0.807969 0.0221295
50 10 90 -0.88537 -0.287269 -0.365508 -0.49959
50 20 0 -0.0517731 -0.0247169 -0.998353 -1.61427
50 20 10 0.210945 0.422013 0.881707 -1.33712
50 20 20 -0.570393 0.820343 0.0410974 -0.316659
50 20 30 0.68491 0.290882 -0.668046 -0.253741
50 20 40 -0.255219 -0.942448 -0.215997 -0.471107
50 20 50 0.448067 0.318288 0.835421 -0.0368277
50 20 60 0.57875 0.659759 -0.47934 -0.679031
50 20 70 -0.938548 0.283382 -0.197033 0.464168
50 20 80 0.688415 -0.663428 0.293168 -0.880331
50 20 90 -0.209 -0.91713 0.339398 1.02904
50 30 0 0.446323 -0.44257 0.77777 -1.76964
50 30 10 0.422599 -0.567748 0.706451 1.48751
50 30 20 0.992454 -0.107565 -0.0588596 -0.40563
50 30 30 0.273171 0.182856 -0.944426 -2.63141
50 30 40 0.947215 0.277323 -0.160859 0.496768
50 30 50 -0.384689 -0.702041 0.599294 0.836963
50 30 60 0.828467 0.206694 0.5205 0.326666
50 30 70 0.0721477 -0.353258 -0.93274 1.05127
50 30 80 -0.0625929 -0.0549618 -0.996525 -1.01684
50 30 90 0.245274 -0.59689 0.763913 -0.0478379
50 40 0 -0.182722 0.201877 0.962215 2.27315
50 40 10 -0.25203 -0.416215 -0.87364 -1.25442
50 40 20 -0.535682 0.309231 0.785762 1.55798
50 40 30 -0.647661 0.0957099 0.755893 -0.66011
50 40 40 0.235292 -0.958931 0.158394 -0.450217
50 40 50 0.988477 -0.0219219 0.149778 0.0673108
50 40 60 -0.915032 -0.280797 0.289604 0.439185
50 40 70 0.782031 0.559769 0.274019 0.653139
50 40 80 -0.0279064 -0.602672 -0.797501 -1.59171
50 40 90 0.674407 -0.578591 0.458702 0.583346
50 50 0 -0.322345 0.229024 -0.9185 -0.127205
50 50 10 -0.225388 0.00124698 -0.974268 -0.0842177
50 50 20 -0.12599 -0.617453 -0.776452 -0.145869
50 50 30 -0.786913 0.12051 -0.605182 -0.36264
50 50 40 0.451886 0.845939 0.283173 0.665418
50 50 50 0.649401 0.0526425 -0.758622 -1.45932
50 50 60 0.809321 0.518062 0.276787 -0.0808181
50 50 70 0.854442 -0.0793259 -0.513454 -1.1501
50 50 80 -0.0952599 -0.0125827 0.995373 -1.04037
50 50 90 0.397767 -0.219763 0.890778 -2.12497
50 60 0 -0.660392 -0.224441 0.716595 -0.76083
50 60 10 -0.0849638 -0.506123 0.858266 0.330757
50 60 20 -0.272535 -0.554412 -0.786354 -1.41682
50 60 30 0.90253 0.345352 0.257237 -0.180894
50 60 40 -0.996021 -0.089034 0.00376779 -0.233951
50 60 50 0.467854 0.148646 -0.871216 -1.02981
50 60 60 0.235717 -0.291788 0.926983 -0.62172
50 60 70 0.0523423 -0.915326 -0.399298 0.941964
50 60 80 -0.349081 0.546043 0.761564 -1.8534
50 60 90 0.0209593 -0.04925 0.998567 -1.25436
50 70 0 0.112852 0.819708 0.561555 0.340209
50 70 10 0.371982 0.354227 0.857994 2.16218
50 70 20 0.18627 0.833119 0.520785 1.3515
50 70 30 0.0958338 -0.119044 -0.988253 0.417689
50 70 40 -0.797879 -0.369606 -0.476214 0.193534
50 70 50 0.233665 0.0512706 -0.970964 0.656824
50 70 60 -0.287329 -0.385355 -0.876895 0.176355
50 70 70 0.0650826 0.0759106 0.994988 -0.779179
50 70 80 0.90959 0.173097 0.377736 -0.716499
50 70 90 0.185641 0.385974 -0.903638 -1.72504
50 80 0 0.265692 -0.805758 0.529303 0.0554397
50 80 10 -0.0744508 -0.863221 -0.499305 -0.452684
50 80 20 0.0441565 -0.625984 -0.778584 -0.599402
50 80 30 -0.153812 -0.0271284 0.987728 -0.549454
50 80 40 0.879462 -0.21795 0.423136 -0.949149
50 80 50 -0.33648 0.317608 0.886513 0.790252
50 80 60 0.285858 0.952385 -0.10606 -0.463112
50 80 70 0.542277 0.671934 0.50442 -0.995047
50 80 80 0.69394 0.374862 -0.614756 -0.438671
50 80 90 0.135048 0.282396 -0.949744 -0.685143
50 90 0 0.42993 -0.895975 -0.111303 -0.0833766
50 90 10 0.0474028 0.946049 -0.320536 0.691475
50 90 20 0.179243 -0.890815 -0.417517 -0.33552
50 90 30 0.162726 -0.213498 0.963296 -0.710348
50 90 40 0.900087 0.291973 0.323412 -1.36011
50 90 50 0.721995 0.536189 -0.437291 -1.16425
50 90 60 -0.00633155 -0.0370846 -0.999292 -1.12797
50 90 70 0.402172 0.0219816 0.9153 0.510391
50 90 80 -0.588628 0.640463 0.493279 0.365431
50 90 90 -0.129517 -0.2084 0.96943 -2.16089
60 0 0 -0.217946 -0.889764 0.401023 -0.698377
60 0 10 0.0560029 0.194291 -0.979344 -0.603743
60 0 20 0.517486 -0.170456 -0.838542 -0.287763
60 0 30 0.284023 0.0247748 0.958497 1.1107
60 0 40 -0.735648 0.354303 -0.577314 -0.617027
60 0 50 0.92174 -0.381862 0.0676545 0.0717946
60 0 60 -0.634204 -0.772431 0.0336985 0.346924
60 0 70 0.690656 -0.0294224 0.722584 -0.588057
60 0 80 -0.321116 -0.126588 0.938541 -1.45264
60 0 90 0.546172 0.500433 -0.671761 -0.472538
60 10 0 0.217113 -0.0472362 -0.975003 -1.18132
60 10 10 0.174849 0.179448 0.968105 2.10634
60 10 20 0.71394 0.0849074 -0.69504 -1.62176
60 10 30 -0.282719 0.135115 -0.949639 -1.92519
60 10 40 -0.876059 -0.322463 0.358522 0.430443
60 10 50 -0.134602 -0.192545 0.972013 -1.1271
60 10 60 0.38785 -0.148807 -0.909631 1.63167
60 10 70 0.204574 0.139754 -0.968823 -0.0433068
60 10 80 -0.149312 -0.581654 -0.799615 -0.90837
60 10 90 -0.822136 0.530213 0.207284 1.89529
60 20 0 -0.168482 -0.043194 -0.984758 -1.94053
60 20 10 0.835948 -0.341957 0.429252 0.349417
60 20 20 0.0936619 0.170539 -0.980889 -0.705079
60 20 30 -0.553053 -0.478587 0.681973 -0.928638
60 20 40 0.650553 0.375231 0.66029 -1.81436
60 20 50 0.0201273 0.936449 0.350225 -0.812965
60 20 60 -0.587205 -0.348416 -0.730614 -0.74396
60 20 70 -0.495737 0.49816 -0.711394 -0.728823
60 20 80 0.0338025 -0.0525523 0.998046 -0.198886
60 20 90 0.56439 0.043727 -0.82435 -0.194181
60 30 0 -0.557876 0.825994 0.0806683 -0.400673
60 30 10 -0.149195 -0.118536 0.981677 -0.0522407
60 30 20 -0.0534238 -0.108518 0.992658 -1.70764
60 30 30 -0.157739 0.1835 -0.970282 1.30701
60 30 40 -0.0632826 0.0564492 -0.996398 -0.677803
60 30 50 0.293651 -0.258151 -0.920395 -1.19547
60 30 60 0.241913 0.624134 -0.742923 -0.391506
60 30 70 -0.249647 -0.360948 0.898551 -0.420528
60 30 80 0.0852562 -0.0846629 0.992756 0.0939134
60 30 90 0.171096 0.558502 0.811666 -0.432476
60 40 0 -0.959697 -0.245754 0.136333 -0.296025
60 40 10 0.640672 0.767475 0.0228566 -0.675429
60 40 20 0.429276 0.315225 -0.846378 -0.885243
60 40 30 0.0214237 -0.0384704 -0.99903 -0.859834
60 40 40 -0.693042 -0.311282 -0.650228 0.737746
60 40 50 0.879662 -0.471738 0.0604747 0.233329
60 40 60 -0.0521673 0.375699 0.925272 -1.65316
60 40 70 0.201557 -0.284768 -0.937167 -1.75156
60 40 80 0.259496 -0.764503 -0.590082 -1.08883
60 40 90 0.0222322 0.0360997 -0.999101 0.217622
60 50 0 0.468698 0.782225 0.410422 -1.08821
60 50 10 -0.611629 0.168627 0.772965 -0.700761
60 50 20 0.828645 0.494233 -0.262832 -0.881295
60 50 30 0.0853379 -0.0691307 0.993951 -1.55077
60 50 40 -0.798978 0.518635 0.304388 -0.861952
60 50 50 0.484662 -0.0736838 0.871592 -1.20722
60 50 60 -0.403295 -0.491082 0.772134 -0.395351
60 50 70 0.197385 0.919573 -0.339742 -0.926912
60 50 80 -0.68178 -0.249154 -0.687822 -0.249346
60 50 90 0.917107 -0.163641 0.363507 -0.82452
60 60 0 -0.532151 -0.643952 -0.549673 0.448213
60 60 10 -0.793896 0.50183 -0.343359 -0.0941767
60 60 20 0.102869 0.132651 -0.98581 0.406622
60 60 30 0.442817 -0.876484 0.188917 -0.773263
60 60 40 -0.310124 0.473709 0.824271 -0.48749
60 60 50 -0.158136 0.181732 -0.97055 -0.120288
60 60 60 0.287272 0.955785 -0.0628411 -0.583873
60 60 70 -0.450498 -0.223905 -0.864244 -1.46929
60 60 80 -0.0160128 0.980122 -0.19775 -0.120873
60 60 90 0.0530114 -0.0572522 -0.996951 -1.15975
60 70 0 -0.347646 -0.917206 0.194618 -0.310809
60 70 10 -0.272115 0.10228 -0.956814 0.218047
60 70 20 -0.182285 -0.0170609 0.983098 -1.71136
60 70 30 0.0050844 0.013656 -0.999894 0.141178
60 70 40 -0.865155 -0.0760585 -0.495703 -0.176678
60 70 50 0.232424 -0.509529 -0.828468 -1.21936
60 70 60 -0.227836 0.129959 -0.964988 -1.79558
60 70 70 -0.0554465 -0.232798 -0.970943 -2.31496
60 70 80 -0.316113 -0.524414 -0.790609 -1.56926
60 70 90 -0.965733 0.0927342 0.242404 -0.901111
60 80 0 0.574184 0.805549 -0.146302 -0.590774
60 80 10 0.68743 0.337742 -0.642938 0.930228
60 80 20 -0.0194286 -0.0125324 -0.999733 -1.49551
60 80 30 0.616195 -0.681921 -0.394065 -0.646478
60 80 40 -0.564141 0.571712 -0.595727 0.340375
60 80 50 -0.212423 -0.518271 0.828415 1.15502
60 80 60 0.629409 0.404194 0.663681 0.130125
60 80 70 0.625938 0.742914 0.237235 0.251032
60 80 80 0.0393688 0.0522215 -0.997859 1.22507
60 80 90 -0.21367 0.354575 0.910287 -0.787955
60 90 0 0.00699418 -0.00106358 -0.999975 -0.511263
60 90 10 -0.0734846 -0.133598 -0.988307 -0.471304
60 90 20 -0.109697 -0.0272719 -0.993591 -0.303402
60 90 30 0.303527 0.443009 0.843572 0.163184
60 90 40 -0.131339 -0.236844 -0.962629 -1.36812
60 90 50 -0.377363 0.381867 0.843667 -0.545911
60 90 60 -0.689149 -0.423553 0.587943 -0.654631
60 90 70 0.207562 -0.96333 0.170042 -0.566277
60 90 80 0.00402874 0.1185 -0.992946 0.639653
60 90 90 -0.0271074 -0.0841605 -0.996083 0.593799
70 0 0 0.371146 0.330398 -0.867807 1.75624
70 0 10 -0.0676772 0.479363 -0.875003 0.0509324
70 0 20 -0.101076 -0.114872 0.988225 -0.360989
70 0 30 0.744409 -0.638604 0.195038 0.286769
70 0 40 0.00395237 -0.313467 0.949591 -0.187718
70 0 50 -0.132713 -0.107025 -0.985359 1.02824
70 0 60 -0.575317 0.515295 -0.635202 -0.1343
70 0 70 -0.163708 -0.185628 0.968887 0.30902
70 0 80 0.256949 0.503661 0.824805 -1.6692
70 0 90 0.350167 -0.290145 0.890617 -1.21736
70 10 0 0.140162 -0.110867 0.983902 0.256016
70 10 10 0.0420907 0.00623153 -0.999094 0.00731241
70 10 20 -0.437873 -0.85997 -0.262143 0.391022
70 10 30 0.201319 -0.851647 -0.483909 1.44737
70 10 40 -0.569314 -0.0629689 -0.819705 0.265357
70 10 50 0.934129 0.323345 -0.151164 -1.38647
70 10 60 0.53605 0.722652 -0.436378 -0.424373
70 10 70 0.247741 0.0380154 0.96808 -0.852601
70 10 80 0.227463 -0.434145 0.871653 -1.78715
70 10 90 -0.492111 -0.163983 0.854948 -0.0549471
70 20 0 -0.907722 -0.380791 -0.17618 0.647387
70 20 10 -0.0521713 0.0633681 -0.996626 -0.530822
70 20 20 0.357589 0.154503 -0.92101 -1.14293
70 20 30 0.211817 0.148644 0.965939 -0.654802
70 20 40 0.71764 0.676271 -0.166282 -0.768968
70 20 50 0.321856 -0.829504 0.456434 -0.485756
70 20 60 0.694211 0.68069 -0.233948 0.594427
70 20 70 -0.654171 0.289216 -0.698867 -0.496729
70 20 80 -0.260334 -0.142167 -0.954995 -0.28427
