Position_x Position_y Position_z Spin_x Spin_y Spin_z Spin_energy Temperature n_spins
0 0 0 -0.627594 0.720787 0.294265 0.706722 0.801 729
0 0 10 -0.0261797 0.154423 -0.987658 -2.0426
0 0 20 -0.137716 -0.47132 -0.871144 -2.44247
0 0 30 0.0737504 0.0724233 -0.994644 -1.95154
0 0 40 -0.0379648 -0.982341 -0.183209 -1.33356
0 0 50 -0.576898 -0.347865 -0.739039 -2.16386
0 0 60 -0.284191 -0.0314434 -0.958252 -2.35039
0 0 70 0.641354 0.509556 -0.573601 -0.869125
0 0 80 0.654362 -0.754751 0.0464757 0.418987
0 0 90 0.0406348 -0.352898 -0.934779 -2.29711
0 10 0 -0.0696999 -0.448248 -0.891188 -1.69979
0 10 10 0.516433 0.423903 -0.744045 -1.82654
0 10 20 0.562636 -0.106466 -0.819821 -2.02328
0 10 30 0.0674304 0.0504261 -0.996449 -2.59579
0 10 40 -0.0880288 0.743119 -0.663343 -1.62437
0 10 50 0.773128 -0.318394 0.548542 0.567199
0 10 60 0.769999 0.58231 -0.2608 -0.417046
0 10 70 0.554901 0.40463 -0.726883 -2.09272
0 10 80 -0.293495 0.280859 -0.913772 -2.34438
0 10 90 0.0890681 0.252908 -0.963382 -2.26071
0 20 0 -0.378258 0.22677 -0.897494 -2.20401
0 20 10 0.000109526 0.000561793 -1 -2.33707
0 20 20 0.429999 0.64972 -0.62687 -1.6279
0 20 30 0.0343935 -0.0386309 -0.998661 -0.986235
0 20 40 0.169464 -0.830501 -0.530613 -1.54716
0 20 50 0.820791 -0.175255 -0.543679 -1.05322
0 20 60 -0.925143 -0.132842 -0.355616 -0.647972
0 20 70 -0.175438 -0.0257974 -0.984152 -2.29346
0 20 80 -0.106928 0.399305 -0.910562 -2.21936
0 20 90 -0.0021136 0.000731229 -0.999997 -2.2422
0 30 0 -0.541578 -0.406781 -0.735678 -1.74938
0 30 10 -0.966194 -0.13127 0.221897 0.15065
0 30 20 -0.570367 -0.608784 -0.55142 -1.82955
0 30 30 -0.24475 0.175977 -0.953483 -1.73401
0 30 40 -0.133739 -0.0827618 -0.987555 -2.59987
0 30 50 0.0532513 0.234076 -0.970759 -1.74907
0 30 60 0.564018 0.820748 -0.0908709 -1.18247
0 30 70 0.457627 0.779673 -0.42742 -0.992232
0 30 80 -0.0272174 -0.456 -0.889563 -1.99072
0 30 90 -0.0091693 -0.83664 -0.547677 -1.58828
0 40 0 0.572619 -0.546656 -0.610962 -1.36669
0 40 10 0.487971 -0.0739409 -0.869722 -2.45104
0 40 20 -0.0827411 0.0488018 -0.995375 -2.095
0 40 30 -0.397603 -0.904109 -0.15652 -0.0841044
0 40 40 0.240243 0.0428056 -0.969769 -1.79567
0 40 50 -0.453265 -0.36595 -0.812793 -1.33602
0 40 60 -0.0024278 -0.0304039 -0.999535 -2.10834
0 40 70 0.0264842 0.0232809 -0.999378 -2.42096
0 40 80 -0.189869 -0.154065 0.969646 2.07907
0 40 90 -0.0926656 0.0972859 -0.990933 -0.714183
0 50 0 0.0898073 0.710257 -0.69819 -2.38863
0 50 10 -0.00707116 0.13674 -0.990582 -2.24507
0 50 20 -0.184084 -0.0208836 -0.982689 -2.27934
0 50 30 -0.850494 0.509733 -0.12974 -0.560592
0 50 40 0.752868 0.544555 0.369662 1.43303
0 50 50 0.215357 -0.212286 -0.953182 -1.28932
0 50 60 0.201515 0.952811 -0.22703 -0.0344202
0 50 70 0.154755 0.515423 -0.842846 -2.46513
0 50 80 -0.000830529 0.145678 -0.989332 -2.68127
0 50 90 -0.366332 0.231153 -0.901315 -2.56604
0 60 0 -0.738583 -0.327862 -0.589068 -2.02727
0 60 10 -0.733279 0.0752414 -0.675751 -2.42918
0 60 20 -0.810696 0.188112 -0.554423 -1.3948
0 60 30 -0.000776046 0.0255377 -0.999674 -2.16417
0 60 40 -0.732036 0.181713 -0.656585 -1.47201
0 60 50 -0.0158062 -0.0922721 -0.995608 -2.62056
0 60 60 0.0613256 -0.0409154 -0.997279 -2.81757
0 60 70 0.109662 -0.421474 -0.900185 -2.65641
0 60 80 0.230065 -0.206507 -0.951013 -1.74407
0 60 90 -0.0587848 -0.0946406 -0.993774 -2.72011
0 70 0 -0.204849 -0.0240505 -0.978498 -2.54943
0 70 10 0.278476 -0.783368 -0.555686 -1.26645
0 70 20 0.0206169 -0.551141 -0.834157 -1.98415
0 70 30 0.0770067 -0.0602921 -0.995206 -2.67595
0 70 40 -0.0121807 -0.00447977 -0.999916 -2.79906
0 70 50 0.310469 -0.125275 -0.942292 -2.342
0 70 60 0.322653 0.244507 -0.914391 -2.69511
0 70 70 -0.0585308 -0.107137 -0.99252 -2.90361
0 70 80 -0.0297608 0.110326 -0.99345 -2.73427
0 70 90 0.325944 -0.380764 -0.86532 -2.06346
0 80 0 0.0423784 0.128903 -0.990751 -2.0843
0 80 10 0.80257 -0.377386 -0.462018 -1.37882
0 80 20 -0.395926 0.0819509 -0.914618 -1.59837
0 80 30 0.754264 0.65589 -0.0298947 -0.518302
0 80 40 0.648284 0.495628 -0.577997 -2.00144
0 80 50 -0.0509622 -0.060473 -0.996868 -2.40683
0 80 60 0.0443769 -0.112987 -0.992605 -2.69017
0 80 70 -0.0967251 0.199432 -0.975126 -2.68533
0 80 80 0.555324 -0.0692643 -0.828745 -2.16671
0 80 90 0.0240251 -0.0599861 -0.99791 -2.25974
0 90 0 0.332531 0.589636 -0.736039 -1.63841
0 90 10 -0.206962 0.168582 -0.963715 -1.88613
0 90 20 0.118209 0.414259 -0.90245 -2.06316
0 90 30 0.610217 0.65896 -0.43978 -0.829032
0 90 40 -0.00893121 0.0970598 -0.995238 -2.56619
0 90 50 0.0575907 0.121392 -0.990933 -2.18516
0 90 60 0.230083 -0.267575 -0.935663 -2.41546
0 90 70 -0.0432299 0.00898338 -0.999025 -2.92952
0 90 80 -0.106582 -0.111103 -0.988077 -2.5581
0 90 90 0.401191 -0.703881 -0.586172 -1.6735
10 0 0 0.26498 -0.0950535 -0.959557 -2.30397
10 0 10 0.0371653 -0.0136611 -0.999216 -2.25073
10 0 20 -0.117519 -0.136346 -0.983666 -2.81394
10 0 30 0.032783 0.0209732 -0.999242 -2.71024
10 0 40 -0.391611 -0.793642 -0.465589 -1.43051
10 0 50 -0.0390015 0.120917 -0.991896 -2.27455
10 0 60 -0.340174 -0.323124 -0.883104 -2.28827
10 0 70 -0.0578249 0.304259 -0.950833 -1.45683
10 0 80 0.416709 -0.18911 -0.889152 -2.57061
10 0 90 0.186193 0.55164 -0.813034 -2.28372
10 10 0 -0.140484 0.154337 -0.97798 -2.32806
10 10 10 -0.00599798 0.00202128 -0.99998 -2.50333
10 10 20 -0.552448 0.0705726 -0.830554 -1.64761
10 10 30 -0.673629 -0.449854 -0.586392 -1.43334
10 10 40 -0.065334 0.0674622 -0.99558 -2.41634
10 10 50 0.523248 0.448487 -0.724618 -2.08483
10 10 60 -0.0557737 -0.177109 -0.98261 -2.56948
10 10 70 0.000172734 0.41846 -0.908235 -2.47608
10 10 80 -0.181511 0.135673 -0.973985 -1.94648
10 10 90 -0.118572 -0.285228 -0.951097 -2.52405
10 20 0 -0.343604 -0.338418 -0.876019 -1.63355
10 20 10 0.817713 0.194751 -0.54168 -1.09846
10 20 20 0.0715858 0.175142 -0.981937 -2.75575
10 20 30 0.0816068 0.00883158 -0.996625 -2.72308
10 20 40 -0.313263 0.0430609 -0.94869 -2.64493
10 20 50 -0.0148983 0.129112 -0.991518 -2.72542
10 20 60 -0.285135 -0.248067 -0.92583 -2.49042
10 20 70 0.0054165 0.143013 -0.989706 -2.30054
10 20 80 0.0359867 -0.00115217 -0.999352 -2.56767
10 20 90 -0.370208 0.323224 -0.870903 -1.96747
10 30 0 4.79476e-05 -0.541012 -0.841015 -1.89444
10 30 10 -0.0942264 -0.157724 -0.982977 -1.94094
10 30 20 0.736753 0.646963 0.196553 0.321949
10 30 30 -0.0734544 0.0170365 -0.997153 -2.27895
10 30 40 -0.307194 -0.368323 -0.877479 -2.7285
10 30 50 0.160161 0.10783 -0.981184 -2.56751
10 30 60 -0.523223 0.125894 -0.842846 -2.19504
10 30 70 0.111319 -0.0114571 -0.993719 -2.52361
10 30 80 -0.498083 0.172238 -0.849852 -2.37723
10 30 90 -0.148642 -0.0437314 -0.987924 -2.65597
10 40 0 0.0142856 0.103009 -0.994578 -2.37916
10 40 10 0.0761012 -0.0733306 -0.9944 -2.83106
10 40 20 0.00913953 0.000694502 -0.999958 -2.66017
10 40 30 0.0204351 -0.0106357 -0.999735 -2.34554
10 40 40 0.337745 -0.010707 -0.941177 -2.49822
10 40 50 0.128287 -0.00981539 -0.991689 -2.68085
10 40 60 0.131299 0.149962 -0.979935 -2.54327
10 40 70 0.0078482 -0.0583481 -0.998265 -2.26205
10 40 80 0.0504777 4.59977e-05 -0.998725 -2.26212
10 40 90 -0.339126 -0.215029 -0.915836 -2.20848
10 50 0 -0.327888 -0.0685647 -0.942225 -2.78222
10 50 10 -0.719605 0.201024 -0.664649 -1.68383
10 50 20 -0.275277 0.637264 -0.719804 -1.62933
10 50 30 0.236732 -0.439478 -0.866497 -2.0734
10 50 40 -0.389614 0.537782 -0.747657 -2.04662
10 50 50 -0.748169 0.24508 -0.616586 -2.07669
10 50 60 -0.950146 -0.301824 -0.0782619 -0.495303
10 50 70 -0.754128 -0.64782 -0.1078 -0.784072
10 50 80 0.0557527 0.106041 -0.992798 -2.32515
10 50 90 0.371338 -0.332734 -0.866831 -1.9424
10 60 0 0.0200402 -0.184122 -0.982699 -2.65238
10 60 10 0.0653033 0.0714977 -0.995301 -2.60538
10 60 20 -0.0424603 -0.437648 -0.898143 -2.11245
10 60 30 0.298147 -0.352843 -0.886911 -1.83832
10 60 40 0.391708 0.313189 -0.865146 -1.73259
10 60 50 -0.163356 -0.49613 -0.852742 -2.00431
10 60 60 0.460471 0.0708526 -0.884843 -1.96557
10 60 70 0.199081 0.0783015 -0.97685 -2.66761
10 60 80 -0.0151633 0.0328476 -0.999345 -2.60751
10 60 90 0.0414696 -0.227452 -0.972906 -2.22012
10 70 0 -0.763688 -0.602464 0.231985 -0.233832
10 70 10 -0.152781 -0.760922 -0.6306 -1.80154
10 70 20 -0.0478049 0.0333164 -0.998301 -2.53104
10 70 30 0.0538673 0.0761261 -0.995642 -2.31942
10 70 40 0.34487 -0.934528 -0.0878783 -0.20828
10 70 50 0.767046 0.179578 -0.615948 -1.04423
10 70 60 -0.145336 0.114902 -0.982688 -2.64117
10 70 70 0.0347808 -0.11213 -0.993085 -2.57168
10 70 80 -0.442287 -0.0565638 -0.895088 -2.15351
10 70 90 -0.193049 -0.193322 -0.961956 -2.55608
10 80 0 -0.247827 -0.514215 -0.821075 -2.56254
10 80 10 0.0200814 0.0771832 -0.996815 -2.54931
10 80 20 0.717097 0.205216 -0.666077 -0.505671
10 80 30 -0.665338 -0.706049 -0.24253 -0.514168
10 80 40 0.205657 0.195703 -0.958856 -2.24658
10 80 50 0.0388401 0.0031978 -0.99924 -2.62902
10 80 60 0.30576 0.390989 -0.868123 -2.11656
10 80 70 0.0237668 -0.00563175 -0.999702 -2.34669
10 80 80 0.101824 -0.218906 -0.970418 -2.19119
10 80 90 -0.0212706 -0.00786838 -0.999743 -2.6059
10 90 0 -0.730566 -0.622021 -0.281714 -1.33185
10 90 10 -0.799211 -0.0838893 -0.595167 -1.50685
10 90 20 0.239311 0.104285 -0.965326 -1.6738
10 90 30 -0.425867 -0.529847 -0.733416 -1.72692
10 90 40 -0.225586 0.757232 -0.612952 -1.37602
10 90 50 0.719273 0.395927 -0.570866 -1.95957
10 90 60 0.583032 0.489278 -0.648599 -1.86188
10 90 70 0.22892 -0.173568 -0.957846 -2.32016
10 90 80 -0.305077 -0.302941 -0.902859 -2.20219
10 90 90 -0.256208 -0.0483712 -0.965411 -2.52066
20 0 0 -0.471302 -0.502807 -0.72461 -1.86382
20 0 10 0.483106 -0.631513 -0.606465 -1.79942
20 0 20 -0.103188 -0.331165 -0.937914 -1.83082
20 0 30 0.627139 -0.441448 -0.641732 -1.91415
20 0 40 0.090477 0.255922 -0.962454 -2.49376
20 0 50 -0.234343 0.445352 -0.864144 -1.8329
20 0 60 0.126564 0.846569 -0.517013 -1.06758
20 0 70 -0.904607 -0.210796 -0.370475 -1.50011
20 0 80 -0.0223491 -0.0188999 -0.999572 -2.40037
20 0 90 0.294144 0.286711 -0.911743 -1.86255
20 10 0 0.450597 0.690768 -0.565511 -1.94553
20 10 10 0.0374835 0.159479 -0.986489 -1.98302
20 10 20 -0.0452159 0.0262141 -0.998633 -2.52555
20 10 30 0.493666 -0.847652 -0.194371 -0.796657
20 10 40 -0.0155233 -0.077006 -0.99691 -2.10146
20 10 50 -0.204646 -0.664471 -0.718748 -2.00642
20 10 60 0.145311 -0.0871113 -0.985544 -2.5249
20 10 70 -0.143335 -0.599297 -0.78759 -2.16226
20 10 80 -0.0839646 0.435475 -0.896277 -2.33491
20 10 90 -0.543643 0.385763 -0.745412 -2.52894
20 20 0 0.162495 0.00773804 -0.986679 -2.11596
20 20 10 -0.180914 -0.347503 -0.920061 -2.19455
20 20 20 -0.0178748 -0.0256495 -0.999511 -2.81594
20 20 30 -0.283685 -0.0912338 -0.954567 -2.41643
20 20 40 0.483238 -0.191842 -0.854212 -1.95987
20 20 50 -0.681804 -0.312806 -0.661283 -1.85451
20 20 60 -0.323083 -0.265141 -0.90847 -2.12918
20 20 70 -0.526236 0.679131 -0.511719 -1.6692
20 20 80 -0.209541 0.427094 -0.879593 -2.50031
20 20 90 0.194683 0.248131 -0.948962 -2.44911
20 30 0 -0.593017 0.157775 -0.789581 -1.37506
20 30 10 0.395668 -0.521028 -0.756292 -2.07291
20 30 20 0.388642 -0.26821 -0.881488 -2.6122
20 30 30 -0.150312 0.496483 -0.854933 -0.89474
20 30 40 0.622509 -0.46364 -0.630492 -1.17727
20 30 50 -0.0599979 0.0236707 -0.997918 -2.26987
20 30 60 -0.358983 0.240377 -0.901859 -2.57721
20 30 70 0.35905 -0.0225838 -0.933045 -2.57871
20 30 80 0.502862 0.207628 -0.839059 -1.85985
20 30 90 -0.187307 -0.119562 -0.974998 -2.04542
20 40 0 0.000851885 -0.00049854 -1 -2.29186
20 40 10 -0.461703 -0.587574 -0.66452 -1.74969
20 40 20 -0.110225 -0.634068 -0.765381 -2.37295
20 40 30 -0.0186345 -0.00853002 -0.99979 -2.28258
20 40 40 0.317278 -0.260417 -0.911876 -2.33705
20 40 50 0.656894 0.367045 -0.658611 -2.12069
20 40 60 -0.120398 0.0313999 -0.992229 -2.31394
20 40 70 -0.0988537 -0.250764 -0.962988 -2.37957
20 40 80 0.156225 0.442237 -0.883188 -2.54345
20 40 90 -0.11379 -0.0512509 -0.992182 -2.42075
20 50 0 -0.59246 -0.231038 -0.771759 -1.68723
20 50 10 -0.598766 0.79765 0.0723412 -0.0396868
20 50 20 -0.233316 -0.352922 -0.906096 -1.83722
20 50 30 -0.294609 0.100238 -0.950346 -2.5175
20 50 40 -0.485557 -0.162229 -0.85902 -2.14363
20 50 50 0.300641 0.728295 -0.615793 -1.39678
20 50 60 -0.612056 0.790632 0.016999 -0.584494
20 50 70 -0.421287 -0.00118961 -0.906927 -2.30585
20 50 80 0.0818148 0.550767 -0.830639 -2.38542
20 50 90 0.235319 0.192051 -0.952755 -2.06259
20 60 0 -0.415214 -0.429262 -0.80208 -1.78065
20 60 10 0.729511 -0.627411 -0.272341 -0.48323
20 60 20 0.34987 -0.0681745 -0.934314 -2.16088
20 60 30 -0.51701 0.196449 -0.833132 -2.18369
20 60 40 -0.621527 -0.635875 0.457566 0.283502
20 60 50 -0.0592008 -0.0213435 -0.998018 -1.57076
20 60 60 0.215712 0.0987345 -0.971452 -2.66481
20 60 70 0.247953 -0.0407646 -0.967914 -2.05841
20 60 80 -0.311332 -0.320602 -0.894588 -2.57568
20 60 90 0.110235 -0.13166 -0.985147 -2.22597
20 70 0 0.0304954 -0.238588 -0.970642 -2.38054
20 70 10 -0.538591 0.175179 -0.824155 -1.66827
20 70 20 -0.30467 -0.466672 -0.830297 -1.80881
20 70 30 -0.824002 0.554588 -0.115984 0.134471
20 70 40 0.504814 -0.132851 -0.852944 -0.871599
20 70 50 -0.666068 0.73288 0.138709 0.674904
20 70 60 0.139329 0.135012 -0.980999 -1.8544
20 70 70 0.348936 -0.791388 -0.501945 -1.83855
20 70 80 -0.50918 -0.43042 -0.745302 -2.23931
20 70 90 -0.844594 -0.515804 -0.14355 -1.81121
20 80 0 -0.0420886 -0.0117696 -0.999045 -2.23753
20 80 10 0.382616 -0.387659 -0.838645 -1.95871
20 80 20 0.0166635 0.00839361 -0.999826 -2.38565
20 80 30 -0.470463 -0.124058 -0.873656 -2.20749
20 80 40 -0.0487463 -0.114037 -0.99228 -2.45573
20 80 50 -0.130356 -0.191456 -0.972806 -2.72704
20 80 60 -0.0283502 -0.318866 -0.947376 -2.19671
20 80 70 0.247785 -0.535211 -0.807559 -2.19011
20 80 80 -0.718478 0.313501 -0.620892 -1.27078
20 80 90 0.140913 -0.158751 -0.977211 -1.74797
20 90 0 -0.736914 -0.557348 -0.38252 -1.45193
20 90 10 0.0094056 -0.0273298 -0.999582 -1.80093
20 90 20 -0.765287 0.595652 -0.243998 -0.999856
20 90 30 -0.0213641 0.137304 -0.990299 -2.3094
20 90 40 0.577795 0.629019 -0.520085 -1.38191
20 90 50 -0.0210426 -0.0415298 -0.998916 -2.06896
20 90 60 0.289934 -0.0211804 -0.956812 -1.68867
20 90 70 0.375917 -0.925296 0.0501411 -0.356898
20 90 80 0.133129 0.0202517 -0.990892 -1.81963
20 90 90 -0.524953 0.231535 -0.819033 -2.3399
30 0 0 -0.525869 0.124327 -0.84143 -2.46831
30 0 10 0.264093 0.640591 -0.72104 -2.2239
30 0 20 0.857189 0.326142 -0.398571 -2.3425
30 0 30 0.615256 -0.627812 -0.476773 -1.32729
30 0 40 0.501998 -0.842368 -0.195995 -1.38181
30 0 50 0.5828 -0.799806 0.143716 -0.971899
30 0 60 -0.143622 0.0191001 -0.989448 -1.98708
30 0 70 -0.119441 0.117866 -0.98582 -1.63037
30 0 80 -0.257128 0.12761 -0.957915 -2.70049
30 0 90 0.445481 0.165059 -0.879944 -2.69665
30 10 0 0.473417 0.0488416 -0.879483 -1.99924
30 10 10 -0.21876 -0.216229 -0.951519 -1.97025
30 10 20 -0.350362 -0.0640632 -0.934421 -1.61564
30 10 30 -0.353782 -0.753593 -0.554018 -1.31632
30 10 40 -0.176502 -0.731081 -0.659065 -1.23443
30 10 50 -0.364672 0.255951 0.895267 1.87027
30 10 60 -0.05268 -0.0428449 -0.997692 -1.84359
30 10 70 0.00203407 -0.0230507 -0.999732 -2.18876
30 10 80 -0.12475 0.744618 -0.655729 -1.91855
30 10 90 -0.321775 0.325405 -0.889142 -2.20065
30 20 0 -0.559556 0.219113 -0.799304 -2.50908
30 20 10 -0.49635 0.350768 -0.794102 -1.74229
30 20 20 0.148395 0.0994126 -0.983919 -2.38643
30 20 30 -0.146954 0.0745356 -0.986331 -1.94944
30 20 40 0.203337 -0.17982 -0.962454 -2.28087
30 20 50 -0.312041 0.907178 -0.282239 -0.182806
30 20 60 -0.0465832 -0.443757 -0.894935 -1.48208
30 20 70 -0.162095 0.473086 -0.865976 -2.39275
30 20 80 -0.282069 -0.0234276 -0.959108 -2.05648
30 20 90 -0.0628737 0.37157 -0.926273 -2.2783
30 30 0 0.804125 0.239279 -0.544177 -1.51152
30 30 10 -0.10631 0.275178 -0.955497 -2.55565
30 30 20 -0.129498 -0.02228 -0.991329 -2.78459
30 30 30 -0.572207 0.0517027 -0.818478 -1.98862
30 30 40 0.211787 -0.156905 -0.964638 -2.70691
30 30 50 0.282669 -0.373279 -0.883607 -1.75986
30 30 60 -0.290951 -0.685062 -0.66786 -2.06431
30 30 70 -0.0147199 0.303906 -0.952588 -2.14961
30 30 80 -0.547313 0.423251 -0.722016 -1.40484
30 30 90 0.0530786 -0.311155 -0.948876 -1.84842
30 40 0 -0.583222 -0.137686 -0.800559 -2.46718
30 40 10 0.176598 0.0274674 -0.9839 -2.32188
30 40 20 -0.000706905 0.0350594 -0.999385 -2.19246
30 40 30 -0.665851 -0.719707 -0.19663 -1.59406
30 40 40 0.085659 0.0558637 -0.994757 -2.05682
30 40 50 -0.00414113 -0.263196 -0.964733 -2.79452
30 40 60 0.337061 -0.0971945 -0.936452 -2.48246
30 40 70 0.129758 -0.160317 -0.9785 -2.71631
30 40 80 -0.379588 -0.428443 -0.819969 -2.46958
30 40 90 -0.37545 -0.328762 -0.866575 -2.25791
30 50 0 0.519996 0.584277 -0.623077 -1.03525
30 50 10 -0.114843 -0.286652 -0.951126 -2.23009
30 50 20 -0.65701 -0.343192 -0.671235 -2.31612
30 50 30 0.0574215 -0.132883 -0.989467 -2.49156
30 50 40 -0.30724 -0.417609 -0.855106 -1.80077
30 50 50 0.552985 0.136313 -0.821965 -2.31126
30 50 60 0.466522 0.0997818 -0.878864 -1.96966
30 50 70 0.0847781 0.276838 -0.957169 -2.68575
30 50 80 -0.0599546 -0.207305 -0.976437 -2.06364
30 50 90 -0.322861 -0.00785673 -0.946414 -2.77968
30 60 0 -0.438807 -0.39285 -0.808157 -2.34835
30 60 10 -0.775066 -0.440086 -0.453427 -1.6361
30 60 20 -0.0380265 -0.0653226 -0.997139 -2.4316
30 60 30 0.204956 -0.607509 -0.767415 -1.72981
30 60 40 -0.0538878 -0.333746 -0.941121 -2.42575
30 60 50 0.398719 0.00590456 -0.917054 -2.60367
30 60 60 0.746827 0.106245 -0.656477 -1.41272
30 60 70 -0.470903 0.00903801 -0.882139 -1.95598
30 60 80 0.539042 0.174227 -0.824062 -1.49285
30 60 90 -0.000415335 -0.00271597 -0.999996 -0.964437
30 70 0 -0.653648 -0.0994796 -0.750232 -1.63974
30 70 10 0.540333 -0.76068 -0.359731 -0.769185
30 70 20 -0.0810328 0.0656592 -0.994546 -2.42447
30 70 30 0.309546 0.066871 -0.94853 -2.12334
30 70 40 -0.457486 -0.768419 -0.447481 -0.762912
30 70 50 -0.622234 0.429595 -0.654426 -1.28084
30 70 60 -0.345547 0.741951 -0.574549 -1.49576
30 70 70 -0.34172 0.364451 0.866258 1.84562
30 70 80 0.456228 -0.182946 -0.870854 -1.37218
30 70 90 0.0677978 -0.0595582 -0.99592 -1.62902
30 80 0 0.258391 -0.489773 -0.83268 -2.12913
30 80 10 -0.544527 0.539059 -0.642577 -1.88789
30 80 20 -0.735978 0.560441 -0.379792 -0.875534
30 80 30 0.700534 -0.461666 -0.544166 0.15835
30 80 40 0.164332 0.399618 -0.901832 -1.38629
30 80 50 -0.304369 -0.893525 0.330111 0.371332
30 80 60 0.0634632 -0.163174 -0.984554 -2.25205
30 80 70 0.119621 -0.100691 -0.9877 -2.7647
30 80 80 -0.0192725 0.00783682 -0.999784 -2.65446
30 80 90 0.404543 0.387196 -0.828507 -1.76301
30 90 0 -0.44788 0.471365 -0.759749 -2.07005
30 90 10 0.180896 0.675444 -0.714879 -2.20316
30 90 20 -0.411886 0.280938 -0.866847 -2.37238
30 90 30 -0.211938 -0.757889 -0.616998 -1.47765
30 90 40 -0.0387321 0.0409772 -0.998409 -2.49551
30 90 50 0.110258 0.21993 -0.969265 -2.82622
30 90 60 -0.00650142 0.0148566 -0.999868 -2.79105
30 90 70 0.144953 -0.593839 -0.791419 -2.07011
30 90 80 -0.134147 -0.348512 -0.927655 -2.36287
30 90 90 -0.181064 0.548989 -0.815982 -1.93274
40 0 0 -0.033571 0.0667578 -0.997204 -2.62176
40 0 10 -0.101152 -0.0949014 -0.990334 -2.73428
40 0 20 0.0580011 -0.0369117 -0.997634 -2.72668
40 0 30 0.146044 -0.330576 -0.932411 -2.73792
40 0 40 -0.452404 -0.193648 -0.870535 -2.01179
40 0 50 0.294924 0.267264 -0.917382 -2.38948
40 0 60 0.439758 0.0196303 -0.897902 -2.16745
40 0 70 0.187839 -0.69669 -0.692343 -1.66467
40 0 80 0.0521377 -0.40937 -0.910878 -2.73542
40 0 90 -0.0648089 -0.069436 -0.995479 -2.64177
40 10 0 0.116522 -0.390914 -0.913022 -2.29267
40 10 10 -0.000801959 -0.0247855 -0.999692 -2.86254
40 10 20 -0.0448076 0.0685974 -0.996638 -2.67744
40 10 30 -0.372337 0.0391987 -0.927269 -2.40043
40 10 40 -0.8134 0.307145 -0.494007 -1.01219
40 10 50 -0.0857819 0.217796 -0.972217 -2.3265
40 10 60 -0.149225 -0.694434 -0.703913 -2.22201
40 10 70 0.258848 -0.141946 -0.955431 -1.98062
40 10 80 0.697188 0.624584 -0.351886 -0.899282
40 10 90 0.0288811 0.439204 -0.897923 -2.08938
40 20 0 0.420582 -0.438299 -0.794358 -1.79039
40 20 10 0.229698 0.207033 -0.950987 -2.67152
40 20 20 -0.2008 0.11866 -0.972419 -2.69552
40 20 30 0.152463 -0.0494828 -0.98707 -2.42514
40 20 40 -0.36203 -0.0386593 -0.931365 -2.40031
40 20 50 -0.668444 -0.741303 -0.0604407 -0.546267
40 20 60 -0.162839 0.35039 -0.92234 -1.81783
40 20 70 -0.860784 0.376255 -0.342759 -0.711519
40 20 80 -0.107425 -0.936669 -0.333335 -1.20361
40 20 90 -0.228937 0.160727 -0.960081 -1.91656
40 30 0 -0.372322 -0.108617 -0.921726 -2.32603
40 30 10 -0.629628 0.55466 -0.543986 -1.9306
40 30 20 -0.314764 0.092026 -0.944698 -2.51079
40 30 30 -0.337737 0.243459 -0.909209 -2.02288
40 30 40 0.272349 -0.0793474 -0.958921 -2.17574
40 30 50 -0.65515 0.157018 -0.739002 -1.66559
40 30 60 0.0572783 -0.018866 -0.99818 -2.1699
40 30 70 0.663966 -0.559812 -0.495741 -1.42992
40 30 80 -0.255295 -0.728631 -0.635548 -1.87543
40 30 90 -0.108777 0.144952 -0.983441 -2.42465
40 40 0 0.267047 -0.143277 -0.952973 -2.13801
40 40 10 0.350698 0.391853 -0.850565 -0.713266
40 40 20 0.470368 -0.570401 -0.673347 -2.34111
40 40 30 0.0202951 0.0104046 -0.99974 -2.60654
40 40 40 -0.448127 -0.165353 -0.878544 -2.53349
40 40 50 0.0359586 0.293149 -0.95539 -2.36663
40 40 60 -0.00165491 0.0566647 -0.998392 -2.34728
40 40 70 0.00931063 -0.00623458 -0.999937 -2.50395
40 40 80 -0.509072 0.465054 -0.724272 -1.89745
40 40 90 -0.0612143 -0.310372 -0.948642 -1.91122
40 50 0 -0.444624 -0.285836 -0.848886 -2.5497
40 50 10 -0.329322 -0.703729 -0.629534 -2.01601
40 50 20 0.416071 -0.538335 -0.732858 -2.1027
40 50 30 -0.14062 -0.301647 -0.942993 -2.4914
40 50 40 0.0357416 0.0238241 -0.999077 -2.80746
40 50 50 0.123776 -0.118185 -0.985247 -2.39251
40 50 60 -0.184811 0.0307976 -0.982291 -2.22063
40 50 70 -0.308164 0.287163 -0.906958 -2.24426
40 50 80 -0.296613 -0.193393 -0.935211 -2.82076
40 50 90 -0.213118 0.0794066 -0.973794 -2.44754
40 60 0 -0.0939085 -0.225778 -0.969642 -2.15095
40 60 10 -0.408348 -0.323337 -0.853642 -2.62194
40 60 20 0.0238703 -0.0032829 -0.99971 -2.55846
40 60 30 0.155828 0.0509432 -0.98647 -2.1205
40 60 40 0.0273439 0.00426452 -0.999617 -2.58865
40 60 50 0.380413 -0.0172361 -0.924656 -2.4525
40 60 60 -0.29086 0.153605 -0.944355 -2.64655
40 60 70 0.426933 -0.0965791 -0.899111 -2.13281
40 60 80 0.11583 0.98503 -0.127668 -0.128372
40 60 90 -0.00743153 -0.101125 -0.994846 -2.10957
40 70 0 0.71074 0.169384 -0.682757 -2.4605
40 70 10 0.316877 -0.189526 -0.929338 -2.70445
40 70 20 -0.0549516 -0.0577588 -0.996817 -2.45433
40 70 30 0.677363 -0.529612 -0.510579 -1.67948
40 70 40 -0.49258 0.0599733 -0.868198 -2.1307
40 70 50 -8.29175e-05 0.0183495 -0.999832 -2.7745
40 70 60 0.0104302 -0.0206986 -0.999731 -2.19877
40 70 70 0.461295 0.349433 -0.815539 -2.44974
40 70 80 0.733306 0.397944 -0.551274 -1.22221
40 70 90 -0.110432 -0.152899 -0.982052 -2.06576
40 80 0 0.0240943 -0.00360305 -0.999703 -2.55094
40 80 10 -0.109531 -0.43435 -0.89406 -2.44287
40 80 20 -0.0108302 0.00274907 -0.999938 -2.42185
40 80 30 -0.435447 0.425766 -0.793164 -2.31754
40 80 40 -0.784513 0.179241 -0.593643 -1.14476
40 80 50 0.339487 0.189077 -0.921411 -2.27165
40 80 60 -0.163105 0.259252 -0.951938 -2.46382
40 80 70 -0.0143715 -0.0685037 -0.997547 -2.74634
40 80 80 -0.0702046 -0.0901305 -0.993452 -2.74253
40 80 90 0.0412534 0.179425 -0.982906 -2.06012
40 90 0 -0.187875 0.286283 -0.939545 -2.76118
40 90 10 0.579425 0.0477257 -0.813627 -0.984578
40 90 20 -0.380621 -0.477808 -0.791724 -2.01503
40 90 30 -0.0477074 -0.488988 -0.870985 -2.42439
40 90 40 -0.26322 -0.194269 -0.944974 -2.74573
40 90 50 0.0258102 0.127248 -0.991535 -2.63072
40 90 60 0.0479514 -0.311779 -0.948944 -1.69125
40 90 70 0.00767569 -0.641818 -0.766818 -2.16202
40 90 80 -0.153613 0.102081 -0.982844 -2.47556
40 90 90 0.0520116 0.215172 -0.97519 -2.68722
50 0 0 -0.0927372 0.362061 -0.92753 -2.57595
50 0 10 0.416468 0.267863 -0.868794 -1.82491
50 0 20 -0.0854514 0.374757 -0.923177 -1.7389
50 0 30 -0.544509 0.223853 -0.808331 -2.42531
50 0 40 -0.563111 0.295877 -0.771598 -2.12661
50 0 50 -0.0827026 -0.119957 -0.989328 -2.45882
50 0 60 0.431897 -0.424012 -0.79604 -2.32432
50 0 70 -0.0445983 -0.274944 -0.960425 -2.61408
50 0 80 -0.400778 -0.0218833 -0.915914 -2.53083
50 0 90 -0.0866669 0.156504 -0.983868 -2.65415
50 10 0 -0.0943069 -0.290462 -0.952228 -2.4474
50 10 10 -0.569928 0.122817 -0.812464 -2.554
50 10 20 -0.0521239 -0.0612443 -0.996761 -1.64289
50 10 30 -0.731265 0.680737 -0.0429916 -0.146428
50 10 40 -0.142305 -0.057682 -0.988141 -2.87107
50 10 50 0.233038 0.79162 -0.564829 -0.10487
50 10 60 -0.436753 0.0209668 -0.899337 -1.81989
50 10 70 -0.315226 -0.100377 -0.943693 -2.5165
50 10 80 0.233255 -0.293802 -0.92697 -2.134
50 10 90 0.34389 0.614862 -0.709708 -0.863419
50 20 0 -0.0517731 -0.0247169 -0.998353 -1.61427
50 20 10 -0.417503 -0.125945 -0.899905 -1.84952
50 20 20 -0.570393 0.820343 0.0410974 0.188926
50 20 30 0.68491 0.290882 -0.668046 -2.08343
50 20 40 -0.255219 -0.942448 -0.215997 -0.581279
50 20 50 0.0116122 0.238002 -0.971195 -2.44109
50 20 60 0.57875 0.659759 -0.47934 -1.39955
50 20 70 0.583608 0.211693 -0.783957 -2.10068
50 20 80 0.146132 0.0722524 -0.986623 -1.42166
50 20 90 0.203744 -0.0258943 -0.978682 -2.23437
50 30 0 -0.0327102 -0.33655 -0.941097 -2.22124
50 30 10 0.532089 -0.412518 -0.739399 -1.57607
50 30 20 0.355035 -0.26185 -0.897432 -1.94108
50 30 30 0.273171 0.182856 -0.944426 -2.68114
50 30 40 0.232583 0.0178742 -0.972412 -2.48832
50 30 50 0.774849 -0.406223 -0.484347 -0.804083
50 30 60 -0.392689 -0.283441 -0.874904 -1.57531
50 30 70 0.0721477 -0.353258 -0.93274 -2.08147
50 30 80 -0.0625929 -0.0549618 -0.996525 -2.48836
50 30 90 0.125681 0.12795 -0.983785 -2.5313
50 40 0 0.245884 0.935281 -0.254539 -1.29941
50 40 10 -0.25203 -0.416215 -0.87364 -1.40933
50 40 20 -0.392899 0.354131 -0.848659 -1.6975
50 40 30 0.103358 -0.0467095 -0.993547 -2.40678
50 40 40 -0.00175527 -0.00197411 -0.999997 -1.90603
50 40 50 0.988477 -0.0219219 0.149778 0.124555
50 40 60 -0.356678 -0.286062 -0.889353 -2.54415
50 40 70 0.0753813 -0.239703 -0.967915 -1.79115
50 40 80 -0.214655 0.271488 -0.938199 -2.46223
50 40 90 0.159519 -0.104792 -0.981617 -2.34097
50 50 0 -0.322345 0.229024 -0.9185 -2.15175
50 50 10 -0.225388 0.00124698 -0.974268 -2.2238
50 50 20 -0.12599 -0.617453 -0.776452 -1.79064
50 50 30 0.165446 -0.315199 -0.934493 -2.58266
50 50 40 -0.00955947 0.00356665 -0.999948 -2.26881
50 50 50 0.649401 0.0526425 -0.758622 -2.41557
50 50 60 -0.222 0.331309 -0.917033 -1.5673
50 50 70 0.854442 -0.0793259 -0.513454 -1.01975
50 50 80 0.192154 -0.155218 -0.969012 -2.07433
50 50 90 0.747913 -0.657037 -0.0944942 -1.03054
50 60 0 0.465234 -0.606998 -0.644291 -1.44506
50 60 10 0.580732 0.430903 -0.690704 -0.908974
50 60 20 -0.272535 -0.554412 -0.786354 -2.22633
50 60 30 -0.363615 -0.862048 -0.353069 -0.541866
50 60 40 0.179601 0.475233 -0.861334 -1.97119
50 60 50 0.201862 0.167908 -0.964914 -1.92814
50 60 60 -0.875307 0.238652 -0.420573 -1.81934
50 60 70 0.0195287 -0.0849797 -0.996191 -1.18819
50 60 80 0.471456 0.740397 -0.479104 -0.509241
50 60 90 0.013915 -0.00449379 -0.999893 -2.36521
50 70 0 -0.531678 -0.329989 -0.780017 -1.79931
50 70 10 -0.297713 -0.177847 -0.937943 -2.70494
50 70 20 -0.43484 -0.303307 -0.847891 -2.49842
50 70 30 0.0958338 -0.119044 -0.988253 -1.80459
50 70 40 0.163518 -0.0534132 -0.985093 -1.98543
50 70 50 0.233665 0.0512706 -0.970964 -2.00218
50 70 60 -0.287329 -0.385355 -0.876895 -1.50151
50 70 70 0.420624 -0.365238 -0.830468 -1.84996
50 70 80 -0.147665 -0.119333 -0.981812 -2.83453
50 70 90 0.185641 0.385974 -0.903638 -2.58296
50 80 0 0.0937186 -0.482347 -0.870953 -1.71478
50 80 10 -0.177356 -0.0734476 -0.981402 -2.76483
50 80 20 0.0441565 -0.625984 -0.778584 -2.20017
50 80 30 -0.313926 0.671387 -0.671334 -1.80789
50 80 40 0.0895911 -0.151997 -0.984312 -2.04517
50 80 50 -0.344613 0.558047 -0.754868 -1.41934
50 80 60 0.493057 0.0465694 -0.86875 -2.29161
50 80 70 0.181435 -0.398592 -0.899003 -2.02666
50 80 80 -0.404849 -0.298747 -0.864203 -1.92719
50 80 90 0.125852 -0.345098 -0.930091 -2.72885
50 90 0 0.42993 -0.895975 -0.111303 -0.258428
50 90 10 -0.547681 0.0269316 -0.836254 -1.3101
50 90 20 0.179243 -0.890815 -0.417517 -1.48662
50 90 30 -0.663337 0.0558363 -0.746235 -1.96653
50 90 40 -0.176035 0.130463 -0.9757 -1.9442
50 90 50 -0.237828 0.336306 -0.911228 -2.52549
50 90 60 -0.00633155 -0.0370846 -0.999292 -2.33819
50 90 70 -0.678554 -0.385312 -0.625379 -1.09217
50 90 80 0.133031 0.0863878 -0.98734 -2.76434
50 90 90 0.213121 -0.444239 -0.87019 -2.3894
60 0 0 0.0765897 -0.0168508 -0.99692 -2.57222
60 0 10 0.0560029 0.194291 -0.979344 -2.20297
60 0 20 0.517486 -0.170456 -0.838542 -1.52395
60 0 30 -0.0466761 0.378671 -0.924353 -1.9884
60 0 40 -0.735648 0.354303 -0.577314 -1.27379
60 0 50 -0.0118421 -0.028985 -0.99951 -2.50651
60 0 60 0.127676 0.34458 -0.930034 -2.4347
60 0 70 -0.0489128 -0.153488 -0.986939 -2.21194
60 0 80 -0.3189 -0.249343 -0.914402 -2.45252
60 0 90 0.629886 0.151124 -0.761843 -2.20544
60 10 0 0.217113 -0.0472362 -0.975003 -2.52271
60 10 10 -0.769653 0.533847 -0.350202 -0.946748
60 10 20 0.71394 0.0849074 -0.69504 -2.22164
60 10 30 -0.282719 0.135115 -0.949639 -2.03567
60 10 40 -0.287051 -0.406926 -0.867187 -2.46641
60 10 50 0.00218128 0.433803 -0.901005 -2.22344
60 10 60 0.38785 -0.148807 -0.909631 -2.52801
60 10 70 0.204574 0.139754 -0.968823 -2.08998
60 10 80 -0.149312 -0.581654 -0.799615 -2.00832
60 10 90 -0.228801 0.198076 -0.953109 -1.55187
60 20 0 -0.168482 -0.043194 -0.984758 -2.73491
60 20 10 0.0184067 0.0604245 -0.998003 -2.78757
60 20 20 0.0936619 0.170539 -0.980889 -2.35796
60 20 30 0.313329 -0.281401 -0.906994 -2.39778
60 20 40 0.656443 0.64038 -0.398743 0.506454
60 20 50 0.231613 -0.527013 -0.817687 -2.08104
60 20 60 -0.00623801 0.000145359 -0.999981 -2.38706
60 20 70 -0.495737 0.49816 -0.711394 -2.20116
60 20 80 -0.0485115 0.635005 -0.770983 -2.08752
60 20 90 0.56439 0.043727 -0.82435 -1.78844
60 30 0 0.00151651 0.00796423 -0.999967 -2.03356
60 30 10 0.316636 0.761989 -0.564902 -1.00584
60 30 20 0.517351 0.415725 0.748011 1.33175
60 30 30 -0.157739 0.1835 -0.970282 -2.60596
60 30 40 -0.0632826 0.0564492 -0.996398 -2.66827
60 30 50 0.293651 -0.258151 -0.920395 -2.45743
60 30 60 0.241913 0.624134 -0.742923 -1.74091
60 30 70 -0.705487 0.354152 -0.613893 -2.20437
60 30 80 0.425252 -0.136549 -0.894715 -1.72537
60 30 90 0.240175 -0.39628 -0.886159 -2.35976
60 40 0 -0.356049 0.645393 -0.675793 -2.23867
60 40 10 0.358299 -0.0168122 -0.933456 -2.48456
60 40 20 -0.00551104 -0.774208 -0.632907 -1.20299
60 40 30 0.0214237 -0.0384704 -0.99903 -2.06322
60 40 40 0.431099 -0.183296 -0.883491 -2.48803
60 40 50 0.149781 -0.00872311 -0.988681 -2.3323
60 40 60 0.181498 -0.148266 -0.97215 -2.78205
60 40 70 0.201557 -0.284768 -0.937167 -2.65413
60 40 80 -0.174043 -0.355128 -0.918473 -2.66916
60 40 90 0.0222322 0.0360997 -0.999101 -2.5669
60 50 0 0.405043 0.6052 -0.685327 -1.72611
60 50 10 0.0485664 -0.225766 -0.97297 -2.69795
60 50 20 0.0545665 -0.010556 -0.998454 -2.3524
60 50 30 -0.14496 0.532054 -0.83421 -2.51859
60 50 40 0.0426228 0.144842 -0.988536 -2.6538
60 50 50 0.0337794 0.0558657 -0.997867 -2.32491
60 50 60 0.289603 0.792942 -0.536072 -1.73298
60 50 70 -0.464223 0.116028 -0.878086 -1.79575
60 50 80 -0.163395 0.358299 -0.919198 -2.63941
60 50 90 -0.627288 0.338346 -0.701449 -1.7865
60 60 0 -0.532151 -0.643952 -0.549673 -1.41494
60 60 10 -0.0509475 0.0877396 -0.99484 -2.04485
60 60 20 0.102869 0.132651 -0.98581 -2.68583
60 60 30 0.133437 0.249196 -0.959216 -2.507
60 60 40 0.00215211 -0.000543831 -0.999998 -2.63543
60 60 50 -0.158136 0.181732 -0.97055 -2.64198
60 60 60 0.089882 -0.64741 -0.756823 -1.70599
60 60 70 -0.450498 -0.223905 -0.864244 -2.26956
60 60 80 -0.116756 -0.0443719 -0.992169 -2.25929
60 60 90 0.0530114 -0.0572522 -0.996951 -2.08474
60 70 0 -0.502159 -0.499061 -0.70624 -1.98956
60 70 10 -0.272115 0.10228 -0.956814 -2.72066
60 70 20 0.0767674 -0.055322 -0.995513 -2.70792
60 70 30 0.0050844 0.013656 -0.999894 -2.67792
60 70 40 -0.865155 -0.0760585 -0.495703 -1.61938
60 70 50 0.232424 -0.509529 -0.828468 -1.79261
60 70 60 -0.227836 0.129959 -0.964988 -2.28716
60 70 70 -0.0554465 -0.232798 -0.970943 -2.31496
60 70 80 -0.316113 -0.524414 -0.790609 -2.21593
60 70 90 -0.000303915 0.000549518 -1 -2.55241
60 80 0 0.0350755 0.375918 -0.925989 -2.19772
60 80 10 0.68743 0.337742 -0.642938 -1.18242
60 80 20 -0.0194286 -0.0125324 -0.999733 -2.47178
60 80 30 0.616195 -0.681921 -0.394065 -0.913771
60 80 40 -0.564141 0.571712 -0.595727 -1.25261
60 80 50 -0.00561099 -0.00165018 -0.999983 -2.33956
60 80 60 0.103562 -0.591948 -0.799295 -1.84779
60 80 70 -0.0330012 -0.0137037 -0.999361 -2.15615
60 80 80 0.0393688 0.0522215 -0.997859 -2.71135
60 80 90 0.760472 -0.385191 -0.522791 -0.940501
60 90 0 0.00699418 -0.00106358 -0.999975 -2.17382
60 90 10 -0.0734846 -0.133598 -0.988307 -2.57729
60 90 20 -0.109697 -0.0272719 -0.993591 -2.89459
60 90 30 -0.343897 0.451053 -0.823581 -2.00287
60 90 40 -0.131339 -0.236844 -0.962629 -2.04732
60 90 50 -0.619892 0.139125 -0.772256 -1.73515
60 90 60 0.000567177 0.323174 -0.946339 -2.27914
60 90 70 0.118608 0.167813 -0.978658 -2.68782
60 90 80 0.00402874 0.1185 -0.992946 -2.68434
60 90 90 -0.0271074 -0.0841605 -0.996083 -2.32363
70 0 0 0.371146 0.330398 -0.867807 -1.90162
70 0 10 -0.397049 -0.306119 -0.865242 -2.52047
70 0 20 0.142769 0.33121 -0.932693 -2.10149
70 0 30 -0.337893 0.264564 -0.903235 -1.94004
70 0 40 0.638306 -0.41378 -0.649116 -0.663968
70 0 50 -0.132713 -0.107025 -0.985359 -2.43185
70 0 60 -0.575317 0.515295 -0.635202 -1.33596
70 0 70 -0.0449013 -0.408469 -0.911667 -2.00956
70 0 80 0.433999 0.506743 -0.744887 -1.95291
70 0 90 0.251455 0.475849 -0.842815 -2.06272
70 10 0 -0.325733 -0.104817 -0.939634 -2.24865
70 10 10 0.0420907 0.00623153 -0.999094 -2.27663
70 10 20 0.0079448 -0.0334099 -0.99941 -1.97554
70 10 30 -0.254364 0.0396579 -0.966295 -2.62158
70 10 40 -0.569314 -0.0629689 -0.819705 -1.42099
70 10 50 -0.338837 0.0885183 -0.936672 -2.41
70 10 60 0.53605 0.722652 -0.436378 -1.37903
70 10 70 -0.0172776 -0.782149 -0.622852 -1.47471
70 10 80 0.347813 0.00778769 -0.937531 -2.14462
70 10 90 -0.0596402 0.0476976 -0.99708 -2.4025
70 20 0 -0.243641 -0.527848 -0.813643 -2.30974
70 20 10 -0.0521713 0.0633681 -0.996626 -2.02421
70 20 20 0.357589 0.154503 -0.92101 -2.74626
70 20 30 0.0933647 0.78116 -0.617311 -1.69008
70 20 40 0.473011 -0.677341 -0.563445 -1.76789
70 20 50 -0.38149 -0.34303 -0.858368 -2.48416
70 20 60 0.694211 0.68069 -0.233948 0.0759764
70 20 70 -0.654171 0.289216 -0.698867 -2.25269
70 20 80 -0.260334 -0.142167 -0.954995 -2.51216
