Position_x Position_y Position_z Spin_x Spin_y Spin_z Spin_energy Temperature n_spins
0 0 0 0.22049 0.759413 0.612108 -0.111203 1.901 729
1 0 0 -0.664381 0.727476 0.171395 -0.790308
2 0 0 0.106764 0.41514 -0.903471 -0.780794
0 1 0 0.102015 -0.00330479 0.994777 -0.573926
1 1 0 0.647095 0.388658 0.655906 -1.49898
2 1 0 -0.239463 -0.270636 0.932423 -0.866821
0 2 0 -0.751561 0.358981 -0.553433 0.0603174
1 2 0 0.0210494 0.427594 0.903726 -0.785851
2 2 0 0.211919 0.290306 0.933173 -1.42904
0 0 1 -0.556476 0.250716 -0.792134 0.326476
1 0 1 0.0207724 0.0334322 0.999225 -0.938518
2 0 1 -0.831399 0.416192 -0.368185 0.222076
0 1 1 -0.650372 0.403989 -0.64328 -0.127829
1 1 1 -0.0959759 -0.00539955 0.995369 -0.921685
2 1 1 0.803908 0.226151 0.55008 -0.163772
0 2 1 0.46776 0.830456 0.302562 0.38434
1 2 1 -0.784222 -0.165052 -0.598126 1.90362
2 2 1 0.0578342 -0.285524 0.956625 -0.252506
0 0 2 -0.149836 0.773253 -0.61614 -0.480093
1 0 2 0.00184148 -0.110313 0.993895 -0.447442
2 0 2 0.0326592 -0.906835 -0.420218 -0.506636
0 1 2 0.230128 0.0470486 -0.972022 0.219437
1 1 2 0.0300637 -0.0212537 0.999322 -1.02898
2 1 2 -0.377185 -0.876731 0.298454 -0.349361
0 2 2 -0.423378 0.0871109 -0.901755 0.1174
1 2 2 0.63562 0.600727 0.484885 0.0193728
2 2 2 0.0214567 0.0267744 0.999411 -1.27938
3 0 0 -0.366463 0.0454045 -0.929324 -0.930948
4 0 0 0.96064 0.218621 0.171395 0.123066
5 0 0 0.0795589 -0.207767 -0.974938 -0.859472
3 1 0 -0.0241917 0.0991603 0.994777 -0.506152
4 1 0 0.738004 -0.158548 0.655906 -1.23752
5 1 0 -0.322576 -0.162884 0.932423 -0.429638
3 2 0 0.024462 -0.708227 0.705561 0.0537741
4 2 0 0.106475 -0.41466 0.903726 -1.8494
5 2 0 0.293148 0.20797 0.933173 -1.06811
3 0 1 -0.317779 0.17259 -0.932325 -0.481721
4 0 1 -0.0287646 -0.0268664 0.999225 -0.0818597
5 0 1 0.549162 0.75024 -0.368185 0.226473
3 1 1 0.700917 0.267255 -0.661279 -0.0808287
4 1 1 -0.303091 -0.778722 -0.549297 0.744055
5 1 1 0.744999 0.000689495 0.667065 -0.238867
3 2 1 0.251432 0.551611 -0.795304 -0.432755
4 2 1 0.556345 -0.576824 -0.598126 0.310449
5 2 1 -0.201563 0.210336 0.956625 -0.495515
3 0 2 0.488493 -0.617856 -0.61614 0.492698
4 0 2 -0.0376031 0.103723 0.993895 -1.78265
5 0 2 0.484026 -0.0845258 0.870961 -0.445017
3 1 2 -0.857469 0.359335 0.368273 0.486119
4 1 2 -0.0288035 -0.0229326 0.999322 -1.16051
5 1 2 0.0654759 0.537925 0.840446 -1.38921
3 2 2 0.027994 0.431339 -0.901755 -0.533601
4 2 2 0.85326 0.191921 0.484885 -0.0587762
5 2 2 0.0292642 0.0179127 0.999411 0.152817
6 0 0 0.199693 0.310611 -0.929324 -1.0111
7 0 0 0.861714 -0.147318 0.485537 -0.535602
8 0 0 0.425552 0.0514343 -0.903471 1.75416
6 1 0 -0.0716309 0.0727119 0.994777 0.110232
7 1 0 0.474603 0.586975 0.655906 -0.949986
8 1 0 -0.102277 0.346592 0.932423 -0.656286
6 2 0 0.410602 0.72465 -0.553433 0.678904
7 2 0 -0.373167 -0.492069 -0.786521 0.55132
8 2 0 0.167225 -0.0620812 -0.983962 0.27662
6 0 1 -0.329135 -0.149803 -0.932325 -0.357725
7 0 1 0.0264295 -0.0291666 0.999225 0.875474
8 0 1 0.00572029 -0.471616 0.881785 -0.677566
6 1 1 -0.088173 0.74494 -0.661279 -0.589261
7 1 1 0.190731 0.813569 -0.549297 -0.232645
8 1 1 -0.834407 -0.0342986 0.55008 -1.05254
6 2 1 -0.963282 0.217691 -0.157156 -0.619964
7 2 1 -0.800519 0.0376088 -0.598126 -0.951122
8 2 1 -7.32165e-05 0.291323 0.956625 -0.118319
6 0 2 0.139494 0.775185 -0.61614 -0.934635
7 0 2 -0.0587002 -0.231959 -0.970953 1.34582
8 0 2 0.39263 -0.295412 0.870961 0.541384
6 1 2 -0.514825 0.774164 0.368273 -0.721252
7 1 2 -0.953752 0.189427 -0.233398 -0.891715
8 1 2 -0.868437 0.395907 0.298454 -0.537887
6 2 2 0.122462 -0.414536 -0.901755 0.555432
7 2 2 0.0328228 0.873962 0.484885 -0.47553
8 2 2 -0.0141925 0.0312383 0.999411 -1.30867
0 3 0 0.27019 0.251702 -0.929324 0.203359
1 3 0 -0.280112 -0.828125 0.485537 -0.0337322
2 3 0 0.0218424 -0.221404 -0.974938 -0.276899
0 4 0 -0.0113509 -0.101435 0.994777 0.18993
1 4 0 -0.637997 -0.40342 0.655906 -1.1481
2 4 0 0.425642 -0.728243 0.537114 -1.01167
0 5 0 0.466107 0.533209 -0.705997 0.272825
1 5 0 -0.0741883 -0.421635 0.903726 -0.787298
2 5 0 0.200611 -0.449499 -0.870463 0.429265
0 3 1 -0.340882 0.6704 -0.659063 -0.496994
1 3 1 -0.0310403 0.0242014 0.999225 0.406886
2 3 1 0.865245 -0.340282 -0.368185 -0.387781
0 4 1 0.651207 -0.402642 -0.64328 -0.420206
1 4 1 0.827244 0.118065 -0.549297 0.687436
2 4 1 0.722295 -0.419168 0.55008 -0.97006
0 5 1 0.860982 -0.408859 0.302562 -0.582818
1 5 1 0.093456 0.143105 0.985285 -1.42979
2 5 1 0.23318 -0.174631 0.956625 -0.924626
0 3 2 0.521063 -0.590647 -0.61614 0.911592
1 3 2 -0.00954915 0.109915 0.993895 -1.56188
2 3 2 0.407595 0.274394 0.870961 0.152942
0 4 2 0.917678 0.149139 0.368273 -0.911156
1 4 2 -0.0243357 0.0276282 0.999322 -1.04824
2 4 2 -0.948148 0.10927 0.298454 -0.311002
0 5 2 0.294969 0.31596 -0.901755 -0.0105112
1 5 2 -0.0915328 -0.869775 0.484885 -0.241618
2 5 2 0.0173972 -0.0295736 0.999411 -1.25767
3 3 0 -0.226236 0.291846 -0.929324 -0.0508159
4 3 0 -0.207978 -0.849116 0.485537 -0.210588
5 3 0 0.197469 -0.102482 -0.974938 -0.940353
3 4 0 -0.0743555 0.0699233 0.994777 1.11109
4 4 0 0.0193546 -0.65347 -0.756705 -0.604283
5 4 0 0.6297 0.338397 -0.699261 -0.644027
3 5 0 -0.708064 -0.0146048 -0.705997 -0.0523154
4 5 0 0.61751 0.00819912 -0.786521 -0.43459
5 5 0 -0.0868251 -0.155819 -0.983962 -0.516407
3 3 1 -0.0844315 -0.351628 -0.932325 -0.830056
4 3 1 0.0108807 0.0378261 0.999225 1.55068
5 3 1 0.923965 0.10358 -0.368185 -0.485301
3 4 1 0.723009 0.199919 -0.661279 0.578627
4 4 1 -0.606966 -0.574339 -0.549297 0.108998
5 4 1 -0.251118 0.838346 -0.483854 -0.436062
3 5 1 0.0432812 0.952147 0.302562 0.0868187
4 5 1 0.698473 0.392914 -0.598126 0.606656
5 5 1 -0.153107 0.247845 0.956625 0.515235
3 3 2 -0.227214 0.754152 -0.61614 -0.497649
4 3 2 -0.0475233 0.234504 -0.970953 -0.432735
5 3 2 0.622465 -0.432642 -0.652195 -1.30595
3 4 2 -0.929703 -0.00529289 0.368273 0.298845
4 4 2 0.692581 -0.682537 -0.233398 0.523072
5 4 2 0.683018 0.672176 -0.285772 -0.747555
3 5 2 0.0106979 0.432115 -0.901755 0.2142
4 5 2 -0.874574 0.0024896 0.484885 0.626584
5 5 2 -0.022642 -0.0257798 0.999411 -0.963374
6 3 0 0.263796 -0.258396 -0.929324 -0.960772
7 3 0 0.87137 0.0704816 0.485537 0.948666
8 3 0 0.136589 -0.175614 -0.974938 0.0227758
6 4 0 -0.0382962 0.0946119 0.994777 1.03916
7 4 0 -0.432779 0.618458 0.655906 -1.3597
8 4 0 0.198963 0.301662 0.932423 -1.08104
6 5 0 0.389569 0.591442 -0.705997 0.406591
7 5 0 -0.836353 -0.00850689 0.548125 -0.565436
8 5 0 0.0169107 0.359028 0.933173 -0.993024
6 3 1 0.0983326 0.347996 -0.932325 -1.28956
7 3 1 -0.992353 0.0732049 -0.0993836 -0.785533
8 3 1 -0.655015 0.659845 -0.368185 -1.36629
6 4 1 -0.587553 -0.46636 -0.661279 0.602657
7 4 1 -0.835433 0.0180201 -0.549297 -2.12156
8 4 1 -0.320455 0.814367 -0.483854 -0.466505
6 5 1 0.550893 -0.7778 0.302562 1.0301
7 5 1 -0.759046 -0.257089 -0.598126 0.606896
8 5 1 0.273108 0.101395 0.956625 -0.215005
6 3 2 0.786128 0.0487157 -0.61614 -0.632454
7 3 2 -0.0646539 0.0893995 0.993895 -0.542911
8 3 2 -0.306391 0.384123 0.870961 0.107215
6 4 2 0.0101274 0.929663 0.368273 0.0457899
7 4 2 -0.971357 -0.0446167 -0.233398 0.417358
8 4 2 0.757569 0.586876 -0.285772 -0.0677417
6 5 2 0.247084 0.354665 -0.901755 0.296529
7 5 2 0.231425 -0.0565631 0.971207 -0.370791
8 5 2 0.0096378 0.0329298 0.999411 -1.2547
0 6 0 0.139296 0.341984 -0.929324 -0.73844
1 6 0 -0.745129 -0.457205 0.485537 0.265236
2 6 0 -0.194166 -0.108612 -0.974938 -1.77701
0 7 0 0.101062 0.0142986 0.994777 0.834194
1 7 0 0.621428 0.203041 -0.756705 0.504191
2 7 0 -0.0307693 -0.0304965 -0.999061 -0.638671
0 8 0 0.578437 0.40863 -0.705997 0.424634
1 8 0 -0.61738 0.0150809 -0.786521 0.0941637
2 8 0 0.175164 0.0337016 -0.983962 -0.732376
0 6 1 0.360391 -0.0298211 -0.932325 -0.738405
1 6 1 -0.0183397 -0.0348262 0.999225 -0.0457593
2 6 1 0.924757 0.09625 -0.368185 0.784823
0 7 1 -0.718265 0.216346 -0.661279 1.2306
1 7 1 0.0692974 0.0666213 0.995369 -0.590905
2 7 1 -0.470337 0.690069 0.55008 0.710987
0 8 1 -0.071003 -0.950481 0.302562 0.712892
1 8 1 0.0186938 -0.169892 0.985285 -1.72877
2 8 1 -0.266825 -0.116933 0.956625 -0.674293
0 6 2 0.787583 0.00913418 -0.61614 -0.956605
1 6 2 -0.237823 0.0262829 -0.970953 1.12913
2 6 2 -0.413044 0.266121 0.870961 1.55094
0 7 2 0.22095 -0.903081 0.368273 0.704547
1 7 2 0.460655 -0.870002 0.175768 -0.568025
2 7 2 0.642213 -0.711265 -0.285772 0.446872
0 8 2 -0.233746 0.363594 -0.901755 0.900098
1 8 2 -0.182577 -0.153044 0.971207 -0.710601
2 8 2 0.0307519 0.0152178 0.999411 -0.570952
3 6 0 -0.0758768 0.361385 -0.929324 -1.65083
4 6 0 -0.841457 0.237073 0.485537 0.311907
5 6 0 -0.188693 -0.117862 -0.974938 -1.96301
3 7 0 0.283414 0.928817 0.238695 -1.28161
4 7 0 -0.22528 0.924974 0.306058 0.104774
5 7 0 -0.0378125 0.0211425 -0.999061 -0.133226
3 8 0 -0.301211 0.640968 -0.705997 -0.672938
4 8 0 0.528888 -0.318846 -0.786521 0.381886
5 8 0 0.131737 -0.120265 -0.983962 -0.755443
3 6 1 -0.34423 -0.110798 -0.932325 -0.292565
4 6 1 -0.0204723 0.0336168 0.999225 0.506361
5 6 1 -0.86498 0.340955 -0.368185 -0.209503
3 7 1 0.656237 0.363405 -0.661279 0.353583
4 7 1 -0.686284 -0.476746 -0.549297 -0.0430561
5 7 1 -0.331766 -0.809825 -0.483854 -1.04873
3 8 1 0.790628 -0.532319 0.302562 0.826041
4 8 1 -0.118988 0.122697 0.985285 -0.731309
5 8 1 0.17703 -0.231364 0.956625 -0.0595263
3 6 2 0.158113 -0.771603 -0.61614 -0.234838
4 6 2 -0.0983065 -0.0500823 0.993895 -1.09649
5 6 2 -0.00708107 -0.4913 0.870961 0.269842
3 7 2 -0.734331 -0.570205 0.368273 0.190072
4 7 2 -0.729769 -0.642622 -0.233398 -0.293171
5 7 2 0.803546 -0.522158 -0.285772 0.428063
3 8 2 -0.152031 0.404628 -0.901755 1.46974
4 8 2 0.225037 0.0781993 0.971207 -0.385159
5 8 2 -0.00693897 -0.0336022 0.999411 -1.2211
6 6 0 0.202374 0.308871 -0.929324 -1.12179
7 6 0 0.697508 0.527007 0.485537 -0.0346191
8 6 0 -0.160069 0.154514 -0.974938 0.0391417
6 7 0 -0.0298929 0.0975931 0.994777 1.23465
7 7 0 0.130982 0.942959 0.306058 0.212135
8 7 0 0.323355 0.161332 0.932423 -1.566
6 8 0 -0.322734 0.630405 -0.705997 -0.299493
7 8 0 0.526338 -0.155287 -0.835975 -0.402955
8 8 0 0.0993481 0.345423 0.933173 -0.370923
6 6 1 -0.288764 0.217684 -0.932325 -0.884835
7 6 1 0.00832126 -0.0384703 0.999225 0.518073
8 6 1 -0.557099 -0.744366 -0.368185 0.494785
6 7 1 -0.749389 0.0335626 -0.661279 -0.666715
7 7 1 0.422751 -0.720801 -0.549297 0.859996
8 7 1 -0.211903 -0.0572032 0.975615 -0.457485
6 8 1 -0.606707 0.735094 0.302562 0.137392
7 8 1 -0.440737 -0.669325 -0.598126 0.601767
8 8 1 -0.260656 0.130106 0.956625 -1.58761
6 6 2 -0.460921 0.638688 -0.61614 -0.594643
7 6 2 0.0840869 0.0714269 0.993895 -1.55449
8 6 2 -0.334777 0.359653 0.870961 -0.138642
6 7 2 -0.650673 0.617752 0.441596 0.017021
7 7 2 0.0357768 -0.00869277 0.999322 -1.14157
8 7 2 -0.950519 0.0862447 0.298454 -0.604903
6 8 2 0.394906 0.175746 -0.901755 0.753308
7 8 2 -0.0404092 0.234785 0.971207 0.717529
8 8 2 -0.0195043 -0.0282284 0.999411 -1.51535
0 0 3 0.451358 -0.335391 -0.826915 -1.16557
1 0 3 0.182971 0.327339 -0.927023 -0.192707
2 0 3 0.211587 -0.0687579 -0.974938 -0.519032
0 1 3 -0.0639473 0.0795534 0.994777 2.00735
1 1 3 0.904487 -0.297038 0.306058 -0.343812
2 1 3 0.0299124 -0.0313375 -0.999061 0.455348
0 2 3 -0.288923 -0.781175 -0.553433 0.0395182
1 2 3 0.536806 0.113949 -0.835975 0.386264
2 2 3 -0.314501 0.174001 0.933173 0.890038
0 0 4 -0.356934 -0.0580413 -0.932325 -0.967441
1 0 4 0.0392596 0.00280946 0.999225 1.21331
2 0 4 0.596002 0.713598 -0.368185 0.55953
0 1 4 -0.251759 -0.706631 -0.661279 -0.802481
1 1 4 0.445629 -0.706885 -0.549297 -0.248651
2 1 4 -0.265657 -0.833853 -0.483854 -1.05159
0 2 4 0.987031 0.0327351 -0.157156 -0.181712
1 2 4 -0.0977893 0.795414 -0.598126 0.735695
2 2 4 0.060083 -0.28506 0.956625 0.531194
0 0 5 -0.280722 -0.735912 -0.61614 -0.816664
1 0 5 0.101038 -0.0443134 0.993895 -1.15817
2 0 5 0.066213 -0.48687 0.870961 0.0397847
0 1 5 -0.245503 -0.628351 -0.738175 -0.923394
1 1 5 -0.60702 0.759639 -0.233398 1.02565
2 1 5 -0.0737195 -0.951573 0.298454 -0.797992
0 2 5 0.554071 -0.74544 -0.370573 -0.978841
1 2 5 -0.0487238 0.233201 0.971207 0.813501
2 2 5 -0.022308 0.0260694 0.999411 0.230801
3 0 3 -0.365872 0.202367 0.908397 0.0832439
4 0 3 0.0175482 0.87404 0.485537 -0.275788
5 0 3 0.0713702 -0.21072 -0.974938 0.200846
3 1 3 0.026322 0.0986162 0.994777 0.503043
4 1 3 0.913842 -0.266872 0.306058 -0.37126
5 1 3 0.0431809 0.00349217 -0.999061 -0.212483
3 2 3 -0.288285 -0.646885 -0.705997 -0.423665
4 2 3 0.44903 -0.423978 -0.786521 -1.46587
5 2 3 0.105271 0.144001 -0.983962 -0.853462
3 0 4 -0.333298 0.140297 -0.932325 0.0547776
4 0 4 -0.0389709 -0.00552022 0.999225 0.495665
5 0 4 -0.795179 0.481799 -0.368185 -0.243612
3 1 4 -0.361474 -0.657302 -0.661279 -1.24085
4 1 4 0.145159 -0.890549 -0.431105 -1.41845
5 1 4 -0.617701 -0.619944 -0.483854 -0.512025
3 2 4 -0.419691 0.437438 -0.795304 -0.887075
4 2 4 -0.469073 -0.649782 -0.598126 -0.376125
5 2 4 -0.252735 0.144893 0.956625 0.824785
3 0 5 -0.352952 0.704128 -0.61614 0.51949
4 0 5 0.388003 -0.642606 -0.660691 0.658336
5 0 5 -0.473372 0.131701 0.870961 0.769646
3 1 5 0.093213 -0.925033 0.368273 -0.561147
4 1 5 0.781327 -0.578838 -0.233398 -0.694077
5 1 5 0.0296228 0.95784 -0.285772 1.20477
3 2 5 0.37791 -0.209813 -0.901755 0.301603
4 2 5 0.215747 0.101045 0.971207 1.10417
5 2 5 0.0219029 -0.0264107 0.999411 -0.568822
6 0 3 -0.927944 0.327428 -0.178075 -0.464626
7 0 3 0.0631632 0.871931 0.485537 -0.359171
8 0 3 -0.207525 0.0801875 -0.974938 -0.0600158
6 1 3 0.0550916 -0.0859239 0.994777 1.04474
7 1 3 0.0978503 0.946971 0.306058 -1.22959
8 1 3 -0.0402032 0.0161399 -0.999061 0.438621
6 2 3 0.687535 0.169892 -0.705997 -0.494845
7 2 3 0.163295 0.820301 0.548125 -1.31547
8 2 3 -0.106322 -0.343341 0.933173 0.119947
6 0 4 -0.241619 -0.269056 -0.932325 -0.323074
7 0 4 0.170643 0.446414 0.878405 0.590646
8 0 4 -0.913024 0.175577 -0.368185 -0.206147
6 1 4 0.510331 -0.570748 -0.64328 -0.66628
7 1 4 0.548656 0.716328 -0.431105 -0.622716
8 1 4 -0.464165 0.741914 -0.483854 -1.17156
6 2 4 0.815626 -0.493164 0.302562 0.324147
7 2 4 -0.345484 0.723109 -0.598126 0.0309299
8 2 4 -0.152806 0.248031 0.956625 -0.382534
6 0 5 -0.0900787 -0.782468 -0.61614 -0.388037
7 0 5 -0.39632 0.637509 -0.660691 0.0883453
8 0 5 0.906523 -0.0403996 -0.420218 0.653056
6 1 5 -0.167473 -0.91451 0.368273 -0.251115
7 1 5 -0.111749 -0.965939 -0.233398 0.733545
8 1 5 -0.852738 0.437233 -0.285772 -0.0330241
6 2 5 0.428697 0.0552849 -0.901755 0.33662
7 2 5 -0.399133 0.77819 0.484885 0.622636
8 2 5 0.0216809 0.0265932 0.999411 0.354955
0 3 3 -0.93505 0.306547 -0.178075 -0.0534422
1 3 3 -0.867604 -0.107315 0.485537 -0.0688811
2 3 3 -0.14171 0.171508 -0.974938 0.0799792
0 4 3 0.000798861 0.102065 0.994777 0.775708
1 4 3 0.639174 -0.401552 0.655906 -0.300528
2 4 3 -0.0244781 -0.0357437 -0.999061 0.65105
0 5 3 0.311063 0.636245 -0.705997 -0.0913043
1 5 3 -0.424147 0.058129 0.903726 -1.20475
2 5 3 -0.0569286 0.354889 0.933173 -0.0729744
0 3 4 0.277477 0.231899 -0.932325 -0.717369
1 3 4 0.0308312 -0.0244673 0.999225 1.64748
2 3 4 0.195777 -0.323582 -0.925725 -0.735343
0 4 4 0.738883 -0.129466 -0.661279 -0.561388
1 4 4 0.754058 0.360097 -0.549297 -0.275296
2 4 4 0.466992 -0.740138 -0.483854 -0.955544
0 5 4 0.953107 -0.00667005 0.302562 -0.0779132
1 5 4 0.11089 0.130063 0.985285 -1.42992
2 5 4 0.280737 0.0778179 0.956625 -1.07631
0 3 5 0.703028 -0.355138 -0.61614 -0.462293
1 3 5 -0.496853 -0.562694 -0.660691 0.128349
2 3 5 0.757448 0.0302483 -0.652195 -0.648767
0 4 5 -0.888966 0.27224 0.368273 1.05283
1 4 5 0.534349 -0.812401 -0.233398 -0.61895
2 4 5 0.712394 -0.64096 -0.285772 -1.39301
0 5 5 -0.787155 -0.608076 0.103105 -0.663504
1 5 5 -0.237988 0.0108942 0.971207 -0.106771
2 5 5 -0.0107759 -0.0325751 0.999411 -1.11045
3 3 3 -0.0748296 -0.981168 -0.178075 -0.147394
4 3 3 -0.331658 -0.175021 -0.927023 -1.18199
5 3 3 0.204065 0.0886247 -0.974938 -2.14988
3 4 3 -0.0958749 0.0350143 0.994777 0.935667
4 4 3 -0.474839 -0.82514 0.306058 -0.535379
5 4 3 0.0252165 0.0352267 -0.999061 0.716384
3 5 3 0.573799 0.415118 -0.705997 0.168838
4 5 3 -0.223914 -0.501007 -0.835975 0.292736
5 5 3 0.245391 0.262622 0.933173 0.745067
3 3 4 -0.256378 0.255032 -0.932325 -1.68045
4 3 4 -0.122056 0.923474 0.363727 1.22946
5 3 4 0.856759 -0.361114 -0.368185 0.713098
3 4 4 -0.258465 0.704206 -0.661279 0.20852
4 4 4 -0.176942 -0.884782 -0.431105 -0.122124
5 4 4 -0.694844 -0.463253 0.55008 0.0721037
3 5 4 0.659828 -0.687811 0.302562 -0.242496
4 5 4 0.799896 0.049107 -0.598126 -0.0303909
5 5 4 0.286469 0.0529566 0.956625 -0.868953
3 3 5 -0.671409 0.411803 -0.61614 -1.03406
4 3 5 0.227093 0.715484 -0.660691 0.252799
5 3 5 -0.630851 -0.652261 -0.420218 -0.156037
3 4 5 -0.231122 0.0418917 -0.972022 -0.313339
4 4 5 -0.920914 -0.347883 0.175768 -0.25865
5 4 5 -0.654146 -0.700305 -0.285772 -1.44044
3 5 5 0.0108446 -0.994611 0.103105 -0.517712
4 5 5 0.0213209 -0.0275949 -0.999392 -0.484609
5 5 5 -0.0327106 -0.0103575 0.999411 0.969735
6 3 3 -0.367465 0.91283 -0.178075 -0.493102
7 3 3 -0.786328 0.382023 0.485537 -0.593042
8 3 3 0.212323 0.0664497 -0.974938 0.547202
6 4 3 -0.0886309 0.0506219 0.994777 0.888935
7 4 3 0.31996 -0.896635 0.306058 0.365673
8 4 3 -0.0395639 0.017649 -0.999061 0.218032
6 5 3 -0.234764 0.668172 -0.705997 0.187529
7 5 3 0.252731 0.345553 0.903726 -1.05333
8 5 3 -0.0249599 0.358559 0.933173 -0.304743
6 3 4 -0.316064 0.175711 -0.932325 -0.627787
7 3 4 -0.865284 -0.344944 0.363727 0.602159
8 3 4 -0.500974 0.78324 -0.368185 -1.13482
6 4 4 -0.643436 0.385617 -0.661279 0.548331
7 4 4 0.554183 -0.234293 -0.798741 0.622976
8 4 4 0.37215 0.792079 -0.483854 -1.36846
6 5 4 0.941424 0.14892 0.302562 0.0898807
7 5 4 -0.168979 -0.0256706 0.985285 -0.963872
8 5 4 -0.0878505 0.277761 0.956625 -1.85676
6 3 5 0.379248 0.69032 -0.61614 -0.180961
7 3 5 0.707359 0.251259 -0.660691 0.576482
8 3 5 -0.628617 0.654414 -0.420218 -0.424191
6 4 5 0.172341 -0.913605 0.368273 1.27749
7 4 5 -0.836479 0.495811 -0.233398 0.136726
8 4 5 0.516756 0.80703 -0.285772 -0.542405
6 5 5 0.406746 0.907704 0.103105 0.230584
7 5 5 -0.189887 0.853715 0.484885 -1.22235
8 5 5 0.0157387 0.0304885 0.999411 -0.177135
0 6 3 0.0938317 0.357144 -0.929324 -1.85624
1 6 3 -0.820061 -0.30291 0.485537 -0.0691288
2 6 3 0.0952603 -0.201053 -0.974938 0.322554
0 7 3 -0.118043 0.474198 -0.872469 -1.64448
1 7 3 -0.502083 0.418701 -0.756705 -1.43288
2 7 3 0.0432746 -0.00202469 -0.999061 -0.363771
0 8 3 0.166323 -0.688407 -0.705997 -0.286396
1 8 3 -0.530301 0.14116 -0.835975 -0.403852
2 8 3 0.152403 0.325516 0.933173 0.0996625
0 6 4 -0.0101599 -0.36148 -0.932325 -0.357942
1 6 4 -0.64971 -0.667518 0.363727 -0.802809
2 6 4 -0.913455 -0.17332 -0.368185 0.113866
0 7 4 -0.285163 0.693824 -0.661279 -1.63423
1 7 4 -0.388003 0.459855 -0.798741 -0.695633
2 7 4 0.867987 0.111732 -0.483854 -0.675867
0 8 4 -0.924409 0.232217 0.302562 0.50273
1 8 4 0.402241 -0.693143 -0.598126 1.30074
2 8 4 -0.174947 0.232943 0.956625 -0.140096
0 6 5 -0.181257 -0.766496 -0.61614 -0.881179
1 6 5 -0.244356 -0.709773 -0.660691 -0.501431
2 6 5 0.655823 0.45453 -0.602742 -0.363404
0 7 5 -0.609695 0.701888 0.368273 -0.043246
1 7 5 0.682764 -0.692358 -0.233398 0.279755
2 7 5 0.94535 -0.156998 -0.285772 -1.17965
0 8 5 -0.0565757 0.428528 -0.901755 0.0572383
1 8 5 -0.0142803 0.237809 0.971207 0.393846
2 8 5 -0.0292114 -0.0179987 0.999411 -1.72411
3 6 3 0.320347 -0.930412 -0.178075 -0.517083
4 6 3 -0.855077 0.181927 0.485537 0.0450455
5 6 3 -0.358842 0.234463 -0.903471 -0.0695901
3 7 3 0.013954 0.10111 0.994777 0.358946
4 7 3 0.859408 -0.409568 0.306058 0.80166
5 7 3 -0.0222821 0.0371524 -0.999061 0.257762
3 8 3 -0.650119 0.282008 0.705561 -0.56217
4 8 3 0.54479 0.0659455 -0.835975 1.75434
5 8 3 -0.272994 0.233798 0.933173 0.838797
3 6 4 -0.189789 -0.58009 -0.792134 -1.16632
4 6 4 -0.926781 0.0936953 0.363727 -0.491928
5 6 4 -0.929749 -0.0024647 -0.368185 -0.815839
3 7 4 0.748061 -0.0558067 -0.661279 -0.130341
4 7 4 -0.53817 -0.269045 -0.798741 0.404311
5 7 4 -0.500384 -0.717984 -0.483854 -1.10748
3 8 4 -0.407356 -0.861695 0.302562 0.0617995
4 8 4 -0.1632 -0.0507794 0.985285 -0.7769
5 8 4 0.106553 0.271137 0.956625 -1.04121
3 6 5 0.164307 -0.0649215 -0.98427 -0.936319
4 6 5 -0.572149 -0.485936 -0.660691 -0.104196
5 6 5 0.399108 0.690952 -0.602742 0.460668
3 7 5 0.108924 0.923315 0.368273 -0.180572
4 7 5 -0.0208508 -0.0303445 0.999322 0.0981387
5 7 5 -0.843269 0.447015 0.298454 -0.391871
3 8 5 -0.786552 0.608855 0.103105 -0.353548
4 8 5 0.0121064 0.237929 0.971207 -1.43246
5 8 5 0.0193805 -0.370101 0.928789 -1.52909
6 6 3 0.182533 0.966939 -0.178075 -0.202018
7 6 3 -0.441261 -0.754681 0.485537 -0.00230535
8 6 3 0.0505703 0.216655 -0.974938 0.50697
6 7 3 -0.0945119 -0.0385422 0.994777 0.840006
7 7 3 -0.845504 0.437552 0.306058 -0.432971
8 7 3 -0.0424652 0.00857299 -0.999061 -0.512736
6 8 3 -0.521544 -0.479124 -0.705997 0.115289
7 8 3 -0.382076 0.393908 -0.835975 -0.214761
8 8 3 -0.240912 0.266737 0.933173 0.79627
6 6 4 0.0194994 -0.361096 -0.932325 -0.68679
7 6 4 -0.673144 -0.643879 0.363727 -0.680393
8 6 4 -0.284754 0.375992 0.881785 0.643666
6 7 4 -0.584259 -0.494805 -0.64328 -0.594581
7 7 4 -0.537877 -0.269631 -0.798741 -1.16294
8 7 4 -0.79579 -0.364148 -0.483854 -0.709714
6 8 4 0.399354 0.865432 0.302562 0.186294
7 8 4 -0.189643 0.778641 -0.598126 -0.561313
8 8 4 0.106804 -0.271038 0.956625 0.250578
6 6 5 -0.430937 -0.659291 -0.61614 0.000206594
7 6 5 -0.335559 0.671482 -0.660691 -0.576161
8 6 5 -0.786664 -0.133648 -0.602742 -0.579439
6 7 5 -0.691186 0.621801 0.368273 -0.57735
7 7 5 0.578503 0.781575 -0.233398 0.271235
8 7 5 -0.888756 0.347904 0.298454 -0.926797
6 8 5 0.46225 0.880735 0.103105 -0.746756
7 8 5 -0.240898 0.840747 0.484885 -1.38246
8 8 5 -0.23045 0.708049 0.667502 -0.216261
0 0 6 0.880387 -0.439554 -0.178075 -0.342462
1 0 6 0.539928 0.687555 0.485537 -0.77129
2 0 6 -0.110091 0.19333 -0.974938 0.350571
0 1 6 0.0489574 0.089561 0.994777 1.24471
1 1 6 -0.0201695 0.0991126 0.994872 0.687387
2 1 6 0.0311326 -0.0301256 -0.999061 -0.117381
0 2 6 0.67776 -0.205449 -0.705997 -0.884297
1 2 6 -0.548663 -0.0106886 -0.835975 -0.545929
2 2 6 -0.176822 0.0234997 -0.983962 -0.932305
0 0 7 -0.327399 0.153561 -0.932325 -0.154957
1 0 7 0.894448 0.260126 0.363727 0.284991
2 0 7 -0.313241 0.875397 -0.368185 -0.398437
0 1 7 -0.248577 -0.707756 -0.661279 0.649481
1 1 7 0.367885 -0.476102 -0.798741 0.424598
2 1 7 -0.0747531 0.87195 -0.483854 -0.585757
0 2 7 0.92938 -0.211445 0.302562 0.50462
1 2 7 -0.747849 0.288042 -0.598126 0.894541
2 2 7 0.0609899 0.284867 0.956625 0.431797
0 0 8 0.747857 0.247145 -0.61614 -0.431345
1 0 8 -0.27422 0.698779 -0.660691 0.373286
2 0 8 -0.41742 -0.680046 -0.602742 -0.489732
0 1 8 -0.415094 0.831909 0.368273 -0.593966
1 1 8 0.031493 -0.0190718 0.999322 -0.364155
2 1 8 -0.0547536 -0.952852 0.298454 0.00996993
0 2 8 0.081473 0.991328 0.103105 -0.0579861
1 2 8 -0.214525 -0.103615 0.971207 -0.778726
2 2 8 0.366323 -0.0561964 0.928789 -1.16859
3 0 6 0.851666 -0.492904 -0.178075 -0.603357
4 0 6 0.722843 -0.491682 0.485537 -1.29709
5 0 6 -0.0129814 -0.2221 -0.974938 1.04677
3 1 6 0.093252 0.0414978 0.994777 0.632511
4 1 6 0.0899861 -0.0461804 0.994872 -0.301558
5 1 6 -0.288464 0.217658 0.932423 -1.14003
3 2 6 -0.640824 -0.301517 -0.705997 -0.61661
4 2 6 -0.46746 0.287448 -0.835975 0.776389
5 2 6 -0.139949 -0.331061 0.933173 -0.156685
3 0 7 0.287721 -0.21906 -0.932325 -0.773176
4 0 7 -0.0312604 -0.930981 0.363727 -0.531002
5 0 7 -0.653058 -0.661782 -0.368185 -1.23438
3 1 7 0.149254 0.735141 -0.661279 -0.592383
4 1 7 0.536045 -0.273255 -0.798741 -0.161473
5 1 7 -0.83497 0.0153773 0.55008 0.50851
3 2 7 -0.92896 -0.213285 0.302562 0.670461
4 2 7 0.574933 -0.558299 -0.598126 0.50624
5 2 7 -0.240944 0.163752 0.956625 -0.555791
3 0 8 -0.105486 -0.780541 -0.61614 -0.744779
4 0 8 -0.649641 -0.376105 -0.660691 0.117875
5 0 8 0.0127906 -0.434913 -0.900382 -0.823397
3 1 8 0.319555 0.838378 0.441596 -0.203916
4 1 8 0.905594 0.354154 -0.233398 -0.803132
5 1 8 0.915047 0.284647 -0.285772 -0.130475
3 2 8 0.870814 0.480679 0.103105 0.343301
4 2 8 -0.200963 0.127947 0.971207 0.0252394
5 2 8 -0.0101746 0.370469 0.928789 -0.735866
6 0 6 -0.391501 -0.902782 -0.178075 -0.792268
7 0 6 0.35182 -0.129815 -0.927023 -0.606099
8 0 6 0.198589 -0.100294 -0.974938 -2.16906
6 1 6 -0.00333323 -0.102014 0.994777 -0.396549
7 1 6 0.0545509 -0.0851723 0.994872 1.36018
8 1 6 0.0409084 0.0142582 -0.999061 0.0962445
6 2 6 -0.698378 0.117627 -0.705997 0.549603
7 2 6 0.429715 0.341307 -0.835975 0.685901
8 2 6 -0.0210212 0.177134 -0.983962 -0.823624
6 0 7 -0.224029 -0.283869 -0.932325 -0.765346
7 0 7 -0.0680827 -0.929014 0.363727 0.142819
8 0 7 0.109209 0.923317 -0.368185 0.101724
6 1 7 0.7333 0.158055 -0.661279 0.0084727
7 1 7 0.0514873 -0.599468 -0.798741 1.23637
8 1 7 0.16386 0.818878 0.55008 0.346446
6 2 7 0.726833 -0.616579 0.302562 0.0400531
7 2 7 -0.170332 0.0141437 0.985285 -0.382208
8 2 7 -0.203717 0.208251 0.956625 -1.13198
6 0 8 0.277379 0.737178 -0.61614 -0.372337
7 0 8 -0.0677186 -0.087101 0.993895 -0.397694
8 0 8 0.404032 -0.279615 0.870961 -0.165565
6 1 8 0.897123 0.244017 0.368273 -0.8464
7 1 8 -0.0108024 0.0351973 0.999322 -1.37804
8 1 8 -0.65191 0.378087 0.657315 -1.70097
6 2 8 -0.221029 -0.969802 0.103105 0.192865
7 2 8 0.232648 0.0512994 0.971207 -1.38967
8 2 8 0.149404 -0.339159 0.928789 -0.804529
0 3 6 -0.0829753 -0.980512 -0.178075 -0.403752
1 3 6 0.37337 -0.0349831 -0.927023 -1.49944
2 3 6 -0.174179 0.138414 -0.974938 -1.90296
0 4 6 0.0258831 0.0987323 0.994777 1.51964
1 4 6 0.427451 -0.494656 -0.756705 -1.33312
2 4 6 0.0179077 -0.0394475 -0.999061 -0.368829
0 5 6 -0.361132 -0.609222 -0.705997 -0.45667
1 5 6 0.471382 0.28097 -0.835975 0.967269
2 5 6 -0.227188 -0.278519 0.933173 0.652723
0 3 7 0.187005 0.309516 -0.932325 0.58747
1 3 7 0.930146 0.0503068 0.363727 1.07799
2 3 7 0.697858 0.614357 -0.368185 -1.13612
0 4 7 0.7459 0.386511 -0.542442 -0.402663
1 4 7 -0.469372 0.376433 -0.798741 0.1053
2 4 7 0.833411 0.267042 -0.483854 0.152538
0 5 7 -0.188741 -0.96937 -0.157156 -0.189828
1 5 7 0.085199 -0.991058 0.102688 -0.209306
2 5 7 -0.208239 -0.203729 0.956625 -1.29988
0 3 8 0.142317 -0.680693 0.718612 0.863992
1 3 8 -0.736115 0.147046 -0.660691 0.405588
2 3 8 -0.168524 0.401139 -0.900382 -0.558717
0 4 8 0.423384 -0.82772 0.368273 -0.487877
1 4 8 -0.816345 -0.528305 -0.233398 -0.999474
2 4 8 -0.269944 -0.70361 0.657315 0.0365836
0 5 8 0.713629 0.692894 0.103105 0.596182
1 5 8 -0.218826 0.0941916 0.971207 -0.454775
2 5 8 0.199388 0.312402 0.928789 -0.0952991
3 3 6 0.871252 0.457393 -0.178075 0.782101
4 3 6 -0.684147 0.54424 0.485537 0.923608
5 3 6 -0.135184 -0.176697 -0.974938 -0.619151
3 4 6 -0.0972291 0.0310566 0.994777 1.87697
4 4 6 -0.030965 -0.949689 -0.31166 -0.0121318
5 4 6 -0.0277334 0.0332814 -0.999061 -2.0044
3 5 6 -0.476848 -0.523626 -0.705997 -0.325845
4 5 6 0.321841 -0.444482 -0.835975 -2.00622
5 5 6 0.0654895 0.16592 -0.983962 -0.778113
3 3 7 -0.359347 0.0405082 -0.932325 -0.57741
4 3 7 0.8638 0.348643 0.363727 1.12595
5 3 7 0.242964 -0.897446 -0.368185 0.127139
3 4 7 -0.840075 -0.00555077 -0.542442 -0.774077
4 4 7 -0.207939 0.564601 -0.798741 -0.578411
5 4 7 -0.610072 0.627453 -0.483854 -0.294949
3 5 7 -0.881741 0.361924 0.302562 0.520659
4 5 7 0.57273 -0.560559 -0.598126 0.271111
5 5 7 0.151725 0.248694 0.956625 0.768869
3 3 8 -0.768836 0.171062 -0.61614 -1.53908
4 3 8 -0.639357 -0.393332 -0.660691 0.0496035
5 3 8 -0.43271 -0.0455534 -0.900382 -0.562938
3 4 8 -0.722989 0.584518 0.368273 0.0745218
4 4 8 0.946093 0.224573 -0.233398 0.517985
5 4 8 -0.0402227 0.752541 0.657315 0.159052
3 5 8 0.422312 -0.900567 0.103105 1.08375
4 5 8 0.176466 0.160052 0.971207 0.59372
5 5 8 -0.0956987 0.358039 0.928789 -0.234362
6 3 6 -0.349966 -0.919681 -0.178075 -0.579557
7 3 6 0.183029 -0.854841 0.485537 1.0583
8 3 6 -0.0920501 -0.202543 -0.974938 -0.730546
6 4 6 -0.317572 -0.371411 -0.872469 -1.72357
7 4 6 -0.111122 0.644244 -0.756705 -1.19535
8 4 6 0.0159144 0.0402929 -0.999061 -1.3259
6 5 6 0.539578 -0.45872 -0.705997 -0.734572
7 5 6 -0.433327 0.33671 -0.835975 -1.29338
8 5 6 -0.157924 -0.0829352 -0.983962 -0.846157
6 3 7 0.327301 0.153769 -0.932325 -0.219747
7 3 7 -0.759891 0.538765 0.363727 0.416313
8 3 7 0.458976 0.10861 0.881785 0.00851263
6 4 7 -0.243607 -0.803998 -0.542442 -1.27128
7 4 7 0.601573 -0.0110383 -0.798741 -0.139337
8 4 7 0.869776 -0.0968213 -0.483854 -0.731503
6 5 7 -0.610728 -0.731757 0.302562 -0.947294
7 5 7 -0.769969 0.222247 -0.598126 0.381669
8 5 7 0.290109 -0.0265657 0.956625 0.79203
6 3 8 0.117159 -0.778874 -0.61614 -1.25217
7 3 8 -0.06201 -0.0912533 0.993895 -1.44385
8 3 8 0.259921 0.416974 0.870961 -1.36297
6 4 8 -0.0638304 -0.927524 0.368273 -1.07499
7 4 8 0.0021041 -0.0367576 0.999322 -1.55392
8 4 8 0.0246684 -0.0157368 0.999572 -1.77938
6 5 8 0.27329 -0.95639 0.103105 -0.671017
7 5 8 -0.205863 -0.119904 0.971207 -0.705838
8 5 8 0.114178 0.352582 0.928789 -1.50151
0 6 6 0.167341 0.329171 -0.929324 0.0981341
1 6 6 -0.851349 0.19864 0.485537 0.689251
2 6 6 -0.222393 -0.00616931 -0.974938 0.222329
0 7 6 -0.0213619 0.0998082 0.994777 1.44766
1 7 6 0.54304 0.779728 -0.31166 -0.120564
2 7 6 0.0141914 -0.0409316 -0.999061 -0.101726
0 8 6 0.594092 0.583752 -0.553433 -1.34773
1 8 6 0.0997921 0.539617 -0.835975 -0.0633853
2 8 6 -0.130234 -0.335002 0.933173 0.175876
0 6 7 -0.879428 -0.42122 0.221766 -0.746147
1 6 7 -0.926959 -0.0919257 0.363727 -1.50863
2 6 7 -0.465101 0.0783317 0.881785 0.459121
0 7 7 -0.306799 -0.782069 -0.542442 -0.147206
1 7 7 -0.596529 0.0785212 -0.798741 -1.16332
2 7 7 -0.653954 0.581575 -0.483854 -0.897012
0 8 7 0.691334 0.656136 0.302562 -0.217986
1 8 7 0.23724 -0.765482 -0.598126 0.598331
2 8 7 -0.252755 -0.144859 0.956625 -0.152891
0 6 8 -0.529224 0.583346 -0.61614 -0.235774
1 6 8 -0.323909 -0.677178 -0.660691 0.078117
2 6 8 -0.0628778 0.430533 -0.900382 -0.251143
0 7 8 0.68365 -0.630077 0.368273 0.247745
1 7 8 -0.151273 0.960542 -0.233398 0.233253
2 7 8 0.0623893 0.751029 0.657315 -1.10733
0 8 8 0.925714 0.3639 0.103105 -1.61857
1 8 8 0.133778 -0.19713 0.971207 0.729615
2 8 8 0.295074 -0.224236 0.928789 -0.496569
3 6 6 0.211137 -0.961099 -0.178075 -0.671981
4 6 6 0.764383 -0.424231 0.485537 -0.371355
5 6 6 -0.171931 -0.141196 -0.974938 -1.65216
3 7 6 0.0754578 -0.0687323 0.994777 0.518959
4 7 6 0.185725 -0.931866 -0.31166 -0.568356
5 7 6 -0.0148492 -0.0406975 -0.999061 0.173736
3 8 6 0.636976 -0.310556 0.705561 -0.750507
4 8 6 0.240004 -0.354511 0.903726 -1.60189
5 8 6 0.334996 -0.13025 0.933173 0.0484777
3 6 7 0.280154 0.228658 -0.932325 -0.0881265
4 6 7 0.807103 -0.465067 0.363727 -0.0113852
5 6 7 -0.928358 -0.0509126 -0.368185 0.2159
3 7 7 -0.164904 0.747661 -0.64328 -1.13724
4 7 7 -0.0485161 -0.599715 -0.798741 -1.06415
5 7 7 0.804962 0.343396 -0.483854 0.0752827
3 8 7 -0.589354 0.792441 -0.157156 0.415656
4 8 7 0.737684 -0.313158 -0.598126 0.130566
5 8 7 -0.284998 0.0603748 0.956625 -0.00315994
3 6 8 -0.0163758 0.175908 -0.98427 -1.53745
4 6 8 -0.435497 -0.611417 -0.660691 -0.454781
5 6 8 0.202857 -0.384918 -0.900382 -0.420888
3 7 8 -0.290865 0.883047 0.368273 -1.06416
4 7 8 -0.896517 -0.37654 -0.233398 -0.541671
5 7 8 -0.023532 -0.0173903 0.999572 0.695069
3 8 8 0.790499 0.603722 0.103105 0.220495
4 8 8 -0.0449066 -0.487523 -0.871955 -0.707043
5 8 8 -0.258093 0.265967 0.928789 0.0602225
6 6 6 -0.203669 0.308019 -0.929324 -0.274429
7 6 6 0.424278 0.764357 0.485537 0.521374
8 6 6 0.222385 -0.0064681 -0.974938 -1.7014
6 7 6 -0.006614 0.101854 0.994777 1.56495
7 7 6 -0.308323 -0.89878 -0.31166 0.686606
8 7 6 -0.0312996 0.0299521 -0.999061 -0.796718
6 8 6 -0.410424 0.577165 -0.705997 0.657155
7 8 6 0.0743823 0.543703 -0.835975 -0.939434
8 8 6 0.164109 -0.0699031 -0.983962 -1.29112
6 6 7 -0.9275 -0.300938 0.221766 0.39114
7 6 7 0.699943 0.614639 0.363727 0.751626
8 6 7 0.352864 -0.86019 -0.368185 -0.263319
6 7 7 0.833827 0.102423 -0.542442 0.179535
7 7 7 0.144484 -0.584069 -0.798741 -0.375072
8 7 7 -0.866635 -0.121773 -0.483854 -0.0237063
6 8 7 0.905288 -0.298178 0.302562 0.242504
7 8 7 -0.576955 0.431253 0.693645 1.50058
8 8 7 0.951886 -0.00688104 0.306374 0.128014
6 6 8 0.660918 -0.428438 -0.61614 -0.781006
7 6 8 0.615988 -0.429007 -0.660691 -0.456564
8 6 8 -0.203719 -0.384462 -0.900382 -0.352501
6 7 8 -0.929443 -0.0226177 0.368273 0.214535
7 7 8 -0.590558 -0.772507 -0.233398 -0.344396
8 7 8 -0.0203561 0.0210192 0.999572 -0.244842
6 8 8 0.181722 -0.503164 0.844868 0.539667
7 8 8 -0.0838515 -0.482352 -0.871955 0.954682
8 8 8 0.228768 0.291574 0.928789 -1.29563
