Position_x Position_y Position_z Spin_x Spin_y Spin_z Spin_energy Temperature n_spins
0 0 0 -0.121043 -0.2572 -0.958748 -2.83771 0.201 729
1 0 0 -0.335009 -0.168518 -0.927023 -2.83967
2 0 0 0.0847433 0.179433 -0.980113 -2.84175
0 1 0 -0.0232452 -0.105971 -0.994098 -2.99238
1 1 0 0.162916 -0.104732 -0.981066 -2.89984
2 1 0 0.440342 -0.0605428 -0.895787 -2.76324
0 2 0 -0.274925 -0.261707 -0.925162 -2.66913
1 2 0 0.0313429 0.0997835 -0.994515 -2.88985
2 2 0 0.0338648 -0.0452438 -0.998402 -2.94348
0 0 1 0.334272 0.13796 -0.932325 -2.63677
1 0 1 -0.141493 -0.242012 -0.959901 -2.88593
2 0 1 -0.00020548 0.000541855 -1 -2.96036
0 1 1 -0.0949632 -0.165988 -0.981545 -2.90285
1 1 1 -0.0154602 -0.00752481 -0.999852 -2.98529
2 1 1 0.0303307 -0.128071 -0.991301 -2.96266
0 2 1 0.199118 -0.0398849 -0.979163 -2.86716
1 2 1 -0.220668 -0.139665 -0.965297 -2.90178
2 2 1 -0.0258531 0.0249499 -0.999354 -2.91669
0 0 2 -0.125546 -0.124297 -0.98427 -2.83168
1 0 2 0.0359779 -0.236551 -0.970953 -2.99498
2 0 2 0.0824597 -0.115445 -0.989885 -2.99807
0 1 2 0.230128 0.0470486 -0.972022 -2.90585
1 1 2 0.133234 -0.121993 -0.983548 -3.01214
2 1 2 0.167059 -0.0828779 -0.982457 -3.01281
0 2 2 0.0441201 0.192549 -0.980295 -2.96747
1 2 2 0.0131646 -0.0322917 -0.999392 -2.97868
2 2 2 0.0650019 0.186161 -0.980367 -2.97101
3 0 0 -0.366463 0.0454045 -0.929324 -2.64229
4 0 0 0.357518 -0.113182 -0.927023 -2.69408
5 0 0 0.0795589 -0.207767 -0.974938 -2.87239
3 1 0 0.0119642 0.107829 -0.994098 -2.91209
4 1 0 -0.0530094 -0.0165212 -0.998457 -2.95709
5 1 0 -0.333598 -0.185035 -0.924378 -2.831
3 2 0 0.368381 0.0914889 -0.925162 -2.71733
4 2 0 0.0272724 0.100972 -0.994515 -2.96301
5 2 0 0.178244 0.00687722 -0.983962 -2.72822
3 0 1 -0.317779 0.17259 -0.932325 -2.78878
4 0 1 -0.0998844 -0.123929 -0.987251 -2.93476
5 0 1 -0.000493133 0.000304383 -1 -2.99215
3 1 1 0.122694 0.146684 -0.981545 -2.88535
4 1 1 -0.0158413 0.00668544 -0.999852 -3.00134
5 1 1 -0.0947688 0.0913294 -0.991301 -2.95514
3 2 1 0.251432 0.551611 -0.795304 -2.47878
4 2 1 0.259406 -0.0301535 -0.965297 -2.77852
5 2 1 0.112875 -0.226968 -0.967339 -2.83732
3 0 2 0.168414 0.0533703 -0.98427 -2.87686
4 0 2 -0.0617958 0.0214384 -0.997859 -2.96944
5 0 2 0.0352358 0.0258451 -0.999045 -3.00718
3 1 2 0.155372 -0.176159 -0.972022 -2.87329
4 1 2 0.165693 0.071968 -0.983548 -2.95238
5 1 2 -0.10529 -0.15392 -0.982457 -2.96518
3 2 2 0.027994 0.431339 -0.901755 -2.75441
4 2 2 0.0306784 -0.0165799 -0.999392 -2.94891
5 2 2 -0.0685481 -0.184885 -0.980367 -2.88698
6 0 0 0.199693 0.310611 -0.929324 -2.62283
7 0 0 -0.284537 -0.24427 -0.927023 -2.63093
8 0 0 0.17436 -0.138185 -0.974938 -2.88115
6 1 0 -0.105069 -0.0270292 -0.994098 -2.66285
7 1 0 0.140725 0.133067 -0.981066 -2.88763
8 1 0 -0.10192 -0.0757151 -0.991907 -2.97053
6 2 0 0.410602 0.72465 -0.553433 -1.83707
7 2 0 0.104531 -0.00351536 -0.994515 -2.7532
8 2 0 0.167225 -0.0620812 -0.983962 -2.91171
6 0 1 -0.329135 -0.149803 -0.932325 -2.78861
7 0 1 -0.465407 -0.31758 -0.82616 -2.78024
8 0 1 0.000185086 -0.000549155 -1 -2.89107
6 1 1 -0.145564 0.124021 -0.981545 -2.96411
7 1 1 -0.0148234 -0.00871259 -0.999852 -2.90682
8 1 1 0.00677856 -0.131439 -0.991301 -2.99724
6 2 1 0.0269992 0.45564 -0.889755 -2.66098
7 2 1 -0.336213 0.0450049 -0.94071 -2.71272
8 2 1 0.127338 0.219181 -0.967339 -2.88155
6 0 2 -0.0131407 0.176179 -0.98427 -2.83889
7 0 2 -0.0587002 -0.231959 -0.970953 -2.87692
8 0 2 0.128385 -0.0603691 -0.989885 -2.97824
6 1 2 -0.233329 0.0270207 -0.972022 -2.859
7 1 2 0.17624 0.0396614 -0.983548 -2.89884
8 1 2 -0.0983489 -0.158445 -0.982457 -2.93016
6 2 2 0.302674 0.240134 -0.922347 -2.75693
7 2 2 -0.0137525 0.0320457 -0.999392 -2.94686
8 2 2 0.195468 -0.0259471 -0.980367 -2.94877
0 3 0 0.27019 0.251702 -0.929324 -2.58861
1 3 0 -0.404248 0.0168678 -0.914494 -2.71992
2 3 0 0.0218424 -0.221404 -0.974938 -2.7649
0 4 0 -0.0783845 -0.0750067 -0.994098 -2.93106
1 4 0 -0.157776 0.112326 -0.981066 -2.96013
2 4 0 -0.121617 -0.0364663 -0.991907 -2.93516
0 5 0 -0.042905 -0.377139 -0.925162 -2.81344
1 5 0 0.0960825 0.0413193 -0.994515 -2.94244
2 5 0 0.0900446 0.153981 -0.983962 -2.92274
0 3 1 0.292088 -0.0821759 -0.952855 -2.80997
1 3 1 -0.237589 0.148801 -0.959901 -2.88752
2 3 1 -0.000573801 8.11223e-05 -1 -2.97394
0 4 1 -0.170932 0.0857443 -0.981545 -2.91405
1 4 1 0.0170208 0.00243553 -0.999852 -2.9737
2 4 1 -0.114738 0.0644775 -0.991301 -2.996
0 5 1 0.138105 0.148883 -0.979163 -2.83444
1 5 1 -0.186766 -0.182536 -0.965297 -2.86979
2 5 1 0.0854524 -0.238649 -0.967339 -2.84992
0 3 2 -0.00374196 0.176629 -0.98427 -2.96222
1 3 2 -0.149054 0.187172 -0.970953 -2.99542
2 3 2 0.0875328 0.111647 -0.989885 -2.97221
0 4 2 0.0368663 -0.115085 -0.992671 -2.91308
1 4 2 -0.0350144 0.177222 -0.983548 -2.9931
2 4 2 -0.17958 0.0502812 -0.982457 -2.9723
0 5 2 0.294969 0.31596 -0.901755 -2.82321
1 5 2 -0.0348125 0.00203635 -0.999392 -2.94462
2 5 2 0.189865 0.053222 -0.980367 -2.92407
3 3 0 -0.226236 0.291846 -0.929324 -2.69874
4 3 0 -0.0706407 0.368292 -0.927023 -2.88336
5 3 0 0.197469 -0.102482 -0.974938 -2.82606
3 4 0 -0.115205 0.474896 -0.872469 -2.75123
4 4 0 -0.188139 0.0459788 -0.981066 -2.77435
5 4 0 -0.00909193 0.12664 -0.991907 -2.9806
3 5 0 0.379369 0.0124086 -0.925162 -2.62681
4 5 0 0.61751 0.00819912 -0.786521 -2.4784
5 5 0 -0.0868251 -0.155819 -0.983962 -2.87499
3 3 1 -0.0844315 -0.351628 -0.932325 -2.35024
4 3 1 -0.0162767 0.563201 -0.82616 -2.50197
5 3 1 -0.000520154 0.000255478 -1 -2.9013
3 4 1 -0.00376872 0.191195 -0.981545 -2.90056
4 4 1 0.000849158 0.0171732 -0.999852 -2.90628
5 4 1 -0.0813706 0.103446 -0.991301 -2.81891
3 5 1 -0.0076346 0.20293 -0.979163 -2.83217
4 5 1 0.265818 -0.210726 -0.94071 -2.83239
5 5 1 -0.0660654 -0.244726 -0.967339 -2.82652
3 3 2 -0.173563 -0.0329797 -0.98427 -2.86806
4 3 2 -0.0475233 0.234504 -0.970953 -2.90963
5 3 2 0.0882975 0.111043 -0.989885 -2.99761
3 4 2 -0.214971 -0.0946562 -0.972022 -2.84
4 4 2 0.0720844 -0.165642 -0.983548 -2.9492
5 4 2 0.182079 0.0403079 -0.982457 -2.9575
3 5 2 0.0106979 0.432115 -0.901755 -2.6533
4 5 2 -0.0334907 0.00971756 -0.999392 -2.93467
5 5 2 -0.152543 0.124947 -0.980367 -2.94245
6 3 0 0.263796 -0.258396 -0.929324 -2.54545
7 3 0 0.0974359 -0.362126 -0.927023 -2.72767
8 3 0 0.136589 -0.175614 -0.974938 -2.93902
6 4 0 -0.0646189 -0.0871466 -0.994098 -2.84244
7 4 0 0.0676141 -0.18149 -0.981066 -2.98721
8 4 0 -0.0137999 0.126214 -0.991907 -2.94711
6 5 0 -0.21127 -0.0632794 -0.975377 -2.94094
7 5 0 0.0976276 0.0375231 -0.994515 -2.96349
8 5 0 0.172804 -0.0442371 -0.983962 -2.90499
6 3 1 -0.239263 0.186605 -0.952855 -2.65171
7 3 1 -0.0351109 0.562341 -0.82616 -2.39296
8 3 1 0.000270269 0.000512624 -1 -2.90579
6 4 1 -0.587553 -0.46636 -0.661279 -2.19907
7 4 1 -0.00111359 -0.0171581 -0.999852 -2.76195
8 4 1 -0.000363246 0.00222772 -0.999997 -3.01145
6 5 1 -0.440109 -0.120999 -0.889755 -2.78143
7 5 1 0.188378 -0.180872 -0.965297 -2.87402
8 5 1 0.211835 -0.139217 -0.967339 -2.98257
6 3 2 -0.0223989 0.0847751 -0.996148 -2.92481
7 3 2 0.238949 -0.0124073 -0.970953 -2.78739
8 3 2 0.128825 -0.0594237 -0.989885 -3.01443
6 4 2 -0.100399 0.0672583 -0.992671 -2.83922
7 4 2 -0.122185 -0.133058 -0.983548 -2.96537
8 4 2 0.148323 -0.113038 -0.982457 -2.9988
6 5 2 -0.152345 -0.125748 -0.980295 -2.92813
7 5 2 0.0107001 0.0331899 -0.999392 -2.98352
8 5 2 0.194371 0.0331806 -0.980367 -2.95941
0 6 0 -0.0517653 -0.0692747 -0.996254 -2.95898
1 6 0 -0.00294151 0.00921557 -0.999953 -3.01175
2 6 0 -0.194166 -0.108612 -0.974938 -2.76897
0 7 0 -0.0950668 -0.0522728 -0.994098 -2.99832
1 7 0 -0.0508601 0.0222756 -0.998457 -2.95198
2 7 0 -0.0307693 -0.0304965 -0.999061 -3.01083
0 8 0 -0.301288 0.230868 -0.925162 -2.79442
1 8 0 -0.61738 0.0150809 -0.786521 -2.47009
2 8 0 0.175164 0.0337016 -0.983962 -2.81506
0 6 1 0.360391 -0.0298211 -0.932325 -2.88318
1 6 1 0.159125 0.00380949 -0.987251 -2.93237
2 6 1 0.376866 -0.0317191 -0.925725 -2.87851
0 7 1 -0.0166703 -0.190505 -0.981545 -2.94159
1 7 1 -0.0169346 -0.00297667 -0.999852 -3.01003
2 7 1 0.110999 0.0707209 -0.991301 -2.87441
0 8 1 -0.116715 0.166182 -0.979163 -2.88946
1 8 1 0.0644911 -0.169052 -0.983495 -2.84823
2 8 1 0.185298 -0.172973 -0.967339 -2.94948
0 6 2 0.160479 -0.0738784 -0.98427 -2.87713
1 6 2 -0.237823 0.0262829 -0.970953 -2.89189
2 6 2 0.141779 -0.0050732 -0.989885 -2.98409
0 7 2 0.0900419 -0.0805984 -0.992671 -2.84609
1 7 2 0.0217991 0.179328 -0.983548 -2.94664
2 7 2 0.180605 0.0464677 -0.982457 -2.96969
0 8 2 -0.233746 0.363594 -0.901755 -2.65722
1 8 2 -0.00525137 -0.0344744 -0.999392 -2.95327
2 8 2 -0.186067 0.0652719 -0.980367 -2.88694
3 6 0 -0.0758768 0.361385 -0.929324 -2.73788
4 6 0 0.184544 0.326455 -0.927023 -2.7241
5 6 0 -0.188693 -0.117862 -0.974938 -2.85157
3 7 0 0.0320353 -0.103653 -0.994098 -2.63434
4 7 0 0.339215 0.355284 -0.871038 -2.72635
5 7 0 -0.0378125 0.0211425 -0.999061 -2.94816
3 8 0 0.376989 0.0441995 -0.925162 -2.68146
4 8 0 0.044213 0.0947858 -0.994515 -2.87665
5 8 0 0.131737 -0.120265 -0.983962 -2.89635
3 6 1 0.294589 -0.0727004 -0.952855 -2.80502
4 6 1 0.141277 -0.0733222 -0.987251 -2.88594
5 6 1 -0.201214 0.32023 -0.925725 -2.80726
3 7 1 0.656237 0.363405 -0.661279 -2.09352
4 7 1 -0.0142423 -0.00963314 -0.999852 -2.75746
5 7 1 -0.09558 0.09048 -0.991301 -2.99244
3 8 1 0.0789208 -0.187111 -0.979163 -2.72817
4 8 1 -0.217373 -0.260411 -0.94071 -2.87769
5 8 1 0.0315334 0.0172198 -0.999354 -2.98013
3 6 2 0.164852 0.0635253 -0.98427 -2.93473
4 6 2 -0.0174393 0.238635 -0.970953 -2.96118
5 6 2 -0.077905 0.118566 -0.989885 -2.96987
3 7 2 -0.105892 0.209664 -0.972022 -2.64043
4 7 2 0.134452 0.120649 -0.983548 -2.95193
5 7 2 -0.181262 0.0438317 -0.982457 -2.97209
3 8 2 0.00747139 -0.197398 -0.980295 -2.92974
4 8 2 -0.0337907 -0.00861671 -0.999392 -2.98741
5 8 2 0.127807 0.150155 -0.980367 -2.95185
6 6 0 0.0641316 -0.0580152 -0.996254 -2.91848
7 6 0 0.371702 0.049665 -0.927023 -2.74604
8 6 0 -0.160069 0.154514 -0.974938 -2.89591
6 7 0 0.0357833 -0.102419 -0.994098 -2.96243
7 7 0 -0.18585 -0.0544975 -0.981066 -2.91907
8 7 0 -0.0433105 -0.00099278 -0.999061 -3.01746
6 8 0 -0.332961 0.18224 -0.925162 -2.73928
7 8 0 -0.00123988 -0.00337279 -0.999994 -2.93009
8 8 0 -0.176054 -0.0286952 -0.983962 -2.93291
6 6 1 -0.288764 0.217684 -0.932325 -2.77257
7 6 1 -0.106228 -0.118537 -0.987251 -2.8826
8 6 1 0.000499241 0.000294256 -1 -2.97589
6 7 1 0.127274 -0.142728 -0.981545 -2.90349
7 7 1 0.0164203 -0.00510055 -0.999852 -2.98546
8 7 1 1.61993e-05 0.00225709 -0.999997 -3.01497
6 8 1 -0.185506 -0.0826216 -0.979163 -2.86932
7 8 1 -0.246403 -0.233132 -0.94071 -2.84292
8 8 1 0.0938928 0.235456 -0.967339 -2.88052
6 6 2 0.173648 -0.0325297 -0.98427 -2.87243
7 6 2 -0.102165 0.216363 -0.970953 -2.89007
8 6 2 -0.140018 0.0228498 -0.989885 -2.95323
6 7 2 -0.0419697 -0.113323 -0.992671 -2.94235
7 7 2 0.0463587 -0.174598 -0.983548 -2.81032
8 7 2 -0.0819522 -0.167515 -0.982457 -2.97306
6 8 2 0.394906 0.175746 -0.901755 -2.67541
7 8 2 0.0237278 0.0255548 -0.999392 -2.93411
8 8 2 0.145381 0.133213 -0.980367 -2.93934
0 0 3 0.0343811 0.0793509 -0.996254 -2.97059
1 0 3 0.00759384 0.00599272 -0.999953 -2.98819
2 0 3 0.211587 -0.0687579 -0.974938 -2.97104
0 1 3 0.0920223 0.0574633 -0.994098 -3.02653
1 1 3 0.191358 0.0298732 -0.981066 -2.99456
2 1 3 0.0299124 -0.0313375 -0.999061 -2.95496
0 2 3 0.268083 0.063333 -0.961312 -2.89181
1 2 3 -0.0979465 0.0366827 -0.994515 -2.94679
2 2 3 -0.16785 0.0603709 -0.983962 -2.94405
0 0 4 0.0406895 0.0762873 -0.996255 -2.8932
1 0 4 -0.267652 -0.0833828 -0.959901 -2.87881
2 0 4 -0.000561775 0.000142259 -1 -2.97403
0 1 4 0.154901 0.112142 -0.981545 -2.99748
1 1 4 0.0148504 0.0086665 -0.999852 -2.96956
2 1 4 -0.0536042 0.120203 -0.991301 -2.97989
0 2 4 -0.0631888 -0.0533577 -0.996574 -2.89246
1 2 4 -0.25296 0.226 -0.94071 -2.92585
2 2 4 -0.252129 -0.0261926 -0.967339 -2.96134
0 0 5 0.0950002 0.148952 -0.98427 -3.01066
1 0 5 0.122544 0.205508 -0.970953 -2.85645
2 0 5 -0.111203 0.0880964 -0.989885 -2.96725
0 1 5 0.0133586 0.234508 -0.972022 -2.97383
1 1 5 0.0158868 0.179948 -0.983548 -2.88474
2 1 5 -0.0870684 -0.164913 -0.982457 -2.94794
0 2 5 0.192889 0.0426087 -0.980295 -2.96977
1 2 5 -0.034767 -0.00270421 -0.999392 -2.97426
2 2 5 -0.151191 0.126579 -0.980367 -2.90666
3 0 3 0.0170677 -0.36887 -0.929324 -2.71004
4 0 3 0.310386 0.210451 -0.927023 -2.64319
5 0 3 0.0713702 -0.21072 -0.974938 -2.87443
3 1 3 0.406005 -0.271953 -0.872469 -2.75487
4 1 3 0.0442604 -0.188551 -0.981066 -2.90434
5 1 3 0.0431809 0.00349217 -0.999061 -3.00788
3 2 3 0.333152 0.181892 -0.925162 -2.78355
4 2 3 0.104394 -0.00639889 -0.994515 -2.9925
5 2 3 0.105271 0.144001 -0.983962 -2.94619
3 0 4 -0.333298 0.140297 -0.932325 -2.82114
4 0 4 -0.264255 -0.0935933 -0.959901 -2.75116
5 0 4 0.320106 0.20141 -0.925725 -2.7096
3 1 4 -0.140064 -0.1302 -0.981545 -2.89806
4 1 4 -0.0171879 -0.000464512 -0.999852 -2.96654
5 1 4 0.1261 -0.0376944 -0.991301 -2.96282
3 2 4 0.0759352 -0.0327675 -0.996574 -2.87981
4 2 4 0.312193 -0.132665 -0.94071 -2.69231
5 2 4 -0.171302 -0.186845 -0.967339 -2.65878
3 0 5 -0.112711 -0.136044 -0.98427 -2.92858
4 0 5 -0.0627241 0.230903 -0.970953 -2.90119
5 0 5 0.118165 0.078512 -0.989885 -2.92741
3 1 5 -0.167464 -0.164706 -0.972022 -2.92882
4 1 5 0.177311 -0.0345614 -0.983548 -2.89699
5 1 5 -0.177623 0.0568087 -0.982457 -2.9394
3 2 5 0.37791 -0.209813 -0.901755 -2.57398
4 2 5 -0.0164287 -0.0307596 -0.999392 -2.92996
5 2 5 -0.181431 0.0772268 -0.980367 -3.01147
6 0 3 0.367106 -0.0398754 -0.929324 -2.82004
7 0 3 0.144193 -0.346176 -0.927023 -2.81897
8 0 3 0.1603 0.116969 -0.980113 -2.95658
6 1 3 0.108439 0.00334065 -0.994098 -2.93586
7 1 3 0.491164 -0.0071749 -0.871038 -2.69483
8 1 3 -0.0402032 0.0161399 -0.999061 -2.93435
6 2 3 0.00455311 0.275425 -0.961312 -2.85635
7 2 3 -0.0504957 0.0915932 -0.994515 -2.88398
8 2 3 -0.114583 -0.136707 -0.983962 -2.91001
6 0 4 -0.086272 -0.0057036 -0.996255 -2.88636
7 0 4 0.179432 -0.215393 -0.959901 -2.91041
8 0 4 -0.000543626 -0.000200748 -1 -2.99225
6 1 4 0.168112 -0.0911489 -0.981545 -2.8948
7 1 4 -0.00514136 -0.0164075 -0.999852 -2.91149
8 1 4 0.0971215 -0.0888234 -0.991301 -2.98769
6 2 4 0.198696 0.572723 -0.795304 -2.44475
7 2 4 -0.0312459 0.33777 -0.94071 -2.81618
8 2 4 -0.250067 -0.0414926 -0.967339 -2.89417
6 0 5 -0.143355 0.103252 -0.98427 -2.88902
7 0 5 0.0733946 0.227736 -0.970953 -2.89301
8 0 5 0.12582 0.0655475 -0.989885 -3.00078
6 1 5 0.118926 0.0214522 -0.992671 -2.97786
7 1 5 0.179683 -0.0186487 -0.983548 -3.01039
8 1 5 0.186373 0.00651821 -0.982457 -2.99701
6 2 5 -0.185326 0.0683816 -0.980295 -2.82054
7 2 5 -0.0253467 -0.02395 -0.999392 -2.9695
8 2 5 -0.0236375 0.195761 -0.980367 -2.94408
0 3 3 -0.00868156 0.0860422 -0.996254 -2.95832
1 3 3 -0.119795 0.355357 -0.927023 -2.93769
2 3 3 -0.14171 0.171508 -0.974938 -2.98498
0 4 3 -0.0677378 -0.084745 -0.994098 -2.97433
1 4 3 0.101753 0.164793 -0.981066 -2.96767
2 4 3 -0.0244781 -0.0357437 -0.999061 -2.94595
0 5 3 0.272016 0.0434385 -0.961312 -2.7945
1 5 3 0.0994091 -0.0325111 -0.994515 -2.91746
2 5 3 0.146455 -0.101829 -0.983962 -2.97465
0 3 4 0.277477 0.231899 -0.932325 -2.67356
1 3 4 -0.259294 0.106568 -0.959901 -2.841
2 3 4 -0.000102562 0.000570359 -1 -2.95806
0 4 4 -0.191134 -0.00613677 -0.981545 -2.90939
1 4 4 0.00625754 0.0160151 -0.999852 -2.97107
2 4 4 -0.113535 -0.0665729 -0.991301 -3.00679
0 5 4 -0.455601 -0.0276459 -0.889755 -2.64911
1 5 4 -0.250874 0.228313 -0.94071 -2.85332
2 5 4 -0.0703074 -0.243541 -0.967339 -2.8664
0 3 5 0.164964 -0.0632355 -0.98427 -2.96057
1 3 5 0.191971 -0.14282 -0.970953 -2.87637
2 3 5 -0.0786974 0.118042 -0.989885 -3.00288
0 4 5 0.022746 0.233784 -0.972022 -2.92289
1 4 5 -0.0393464 0.176311 -0.983548 -2.99219
2 4 5 -0.107062 0.152693 -0.982457 -3.0147
0 5 5 -0.177932 -0.0858005 -0.980295 -2.88032
1 5 5 -0.0197224 0.0287591 -0.999392 -2.98958
2 5 5 -0.144127 0.134569 -0.980367 -2.92048
3 3 3 -0.0788342 0.360752 -0.929324 -2.71243
4 3 3 0.00963987 -0.000807542 -0.999953 -2.88646
5 3 3 0.204065 0.0886247 -0.974938 -2.91968
3 4 3 0.105733 -0.477094 -0.872469 -2.58018
4 4 3 0.0312814 -0.191133 -0.981066 -2.97028
5 4 3 0.0252165 0.0352267 -0.999061 -3.00771
3 5 3 -0.147734 -0.349641 -0.925162 -2.73506
4 5 3 -0.065266 0.0817281 -0.994515 -2.95211
5 5 3 0.0410822 -0.0443748 -0.99817 -2.98972
3 3 4 -0.256378 0.255032 -0.932325 -2.88637
4 3 4 -0.563394 0.0069079 -0.82616 -2.53577
5 3 4 -0.27749 0.256969 -0.925725 -2.83988
3 4 4 -0.134643 0.135798 -0.981545 -2.77247
4 4 4 -0.0164755 0.00491927 -0.999852 -2.90798
5 4 4 -0.117059 -0.0601619 -0.991301 -2.95294
3 5 4 -0.204934 -0.570521 -0.795304 -2.39508
4 5 4 -0.0661222 0.332705 -0.94071 -2.68665
5 5 4 0.0112793 -0.0341124 -0.999354 -2.98503
3 3 5 -0.0147533 0.176051 -0.98427 -2.9143
4 3 5 -0.159324 0.178512 -0.970953 -2.8349
5 3 5 -0.107899 0.0921132 -0.989885 -2.98694
3 4 5 -0.231122 0.0418917 -0.972022 -2.87509
4 4 5 0.117406 -0.137294 -0.983548 -2.93876
5 4 5 0.184959 -0.0238186 -0.982457 -2.95953
3 5 5 0.37782 0.209975 -0.901755 -2.44613
4 5 5 0.0213209 -0.0275949 -0.999392 -2.9287
5 5 5 -0.0402696 0.193027 -0.980367 -2.90863
6 3 3 0.231002 -0.288088 -0.929324 -2.65703
7 3 3 -0.252072 -0.277649 -0.927023 -2.69502
8 3 3 0.212323 0.0664497 -0.974938 -2.82153
6 4 3 0.00497705 -0.108376 -0.994098 -2.97502
7 4 3 -0.0959538 -0.168235 -0.981066 -2.99788
8 4 3 -0.0395639 0.017649 -0.999061 -2.99642
6 5 3 0.0942345 -0.367688 -0.925162 -2.85768
7 5 3 0.101327 0.0259222 -0.994515 -2.8656
8 5 3 0.0506407 -0.171037 -0.983962 -2.94354
6 3 4 -0.316064 0.175711 -0.932325 -2.62342
7 3 4 0.264138 -0.0939231 -0.959901 -2.68086
8 3 4 -0.0980754 -0.36526 -0.925725 -2.71412
6 4 4 0.187985 0.0350958 -0.981545 -2.92861
7 4 4 -0.0171872 -0.000492424 -0.999852 -2.9725
8 4 4 -0.0011811 0.00192346 -0.999997 -2.97779
6 5 4 0.197732 0.0462711 -0.979163 -2.85813
7 5 4 -0.325968 0.0938598 -0.94071 -2.77235
8 5 4 0.215612 -0.133292 -0.967339 -2.75523
6 3 5 -0.122458 0.127341 -0.98427 -2.90716
7 3 5 -0.160924 -0.177071 -0.970953 -2.90683
8 3 5 -0.0236818 -0.139879 -0.989885 -2.96821
6 4 5 0.234046 -0.0198722 -0.972022 -2.95173
7 4 5 0.0210716 0.179415 -0.983548 -2.94182
8 4 5 -0.144587 0.117779 -0.982457 -2.99233
6 5 5 0.422809 0.0898338 -0.901755 -2.85405
7 5 5 -0.0204553 -0.0282425 -0.999392 -2.8455
8 5 5 -0.19109 0.048638 -0.980367 -2.97836
0 6 3 0.0938317 0.357144 -0.929324 -2.84094
1 6 3 -0.371487 0.0512482 -0.927023 -2.75225
2 6 3 0.0952603 -0.201053 -0.974938 -2.94572
0 7 3 -0.118043 0.474198 -0.872469 -2.5432
1 7 3 0.110749 -0.158887 -0.981066 -2.7967
2 7 3 0.0432746 -0.00202469 -0.999061 -2.9581
0 8 3 -0.165299 -0.341688 -0.925162 -2.54223
1 8 3 -0.10403 -0.0108137 -0.994515 -2.97365
2 8 3 0.0494076 -0.0274357 -0.998402 -2.99014
0 6 4 0.0735523 0.0454471 -0.996255 -2.90009
1 6 4 -0.203845 0.192451 -0.959901 -2.86171
2 6 4 0.167967 -0.338852 -0.925725 -2.77831
0 7 4 -0.185714 0.0456107 -0.981545 -2.78958
1 7 4 -0.00889865 0.0147124 -0.999852 -2.97044
2 7 4 0.108723 -0.0741715 -0.991301 -2.98547
0 8 4 0.283479 -0.535847 -0.795304 -2.04043
1 8 4 -0.295193 0.16711 -0.94071 -2.7165
2 8 4 -0.0137052 0.0332121 -0.999354 -2.99601
0 6 5 -0.0175337 0.175796 -0.98427 -2.95173
1 6 5 0.110624 0.212162 -0.970953 -2.94639
2 6 5 -0.0757308 0.119966 -0.989885 -2.92372
0 7 5 0.0554915 -0.228239 -0.972022 -2.85049
1 7 5 0.133531 -0.121668 -0.983548 -2.95265
2 7 5 -0.164643 -0.0875791 -0.982457 -2.92898
0 8 5 -0.0565757 0.428528 -0.901755 -2.42194
1 8 5 -0.00591643 -0.0343665 -0.999392 -2.9239
2 8 5 0.176071 -0.0887713 -0.980367 -2.90588
3 6 3 0.157032 -0.236947 -0.958748 -2.87608
4 6 3 -1.50549e-05 0.00967362 -0.999953 -2.96942
5 6 3 0.154199 -0.160372 -0.974938 -2.95751
3 7 3 -0.0990081 -0.478535 -0.872469 -2.73291
4 7 3 0.0674315 -0.181558 -0.981066 -2.93828
5 7 3 -0.0222821 0.0371524 -0.999061 -2.99394
3 8 3 0.21837 -0.310466 -0.925162 -2.81833
4 8 3 -0.00958114 0.104151 -0.994515 -2.87097
5 8 3 0.0745757 -0.162039 -0.983962 -2.97693
3 6 4 -0.189789 -0.58009 -0.792134 -2.57474
4 6 4 0.233019 0.155859 -0.959901 -2.71127
5 6 4 -0.000579501 2.58253e-06 -1 -2.97373
3 7 4 -0.0798836 -0.173748 -0.981545 -2.89947
4 7 4 0.0164877 -0.00487834 -0.999852 -2.96907
5 7 4 0.00263516 0.131587 -0.991301 -2.98172
3 8 4 -0.0526734 0.196123 -0.979163 -2.75484
4 8 4 -0.153292 -0.302599 -0.94071 -2.85875
5 8 4 0.000530774 -0.253486 -0.967339 -2.89553
3 6 5 0.164307 -0.0649215 -0.98427 -2.80607
4 6 5 -0.239161 0.00723947 -0.970953 -2.80077
5 6 5 -0.00767793 -0.141662 -0.989885 -2.9754
3 7 5 0.162653 -0.16946 -0.972022 -2.92115
4 7 5 -0.0729556 0.165261 -0.983548 -2.92884
5 7 5 -0.17535 -0.0634789 -0.982457 -2.98647
3 8 5 -0.0828143 -0.377383 -0.922347 -2.78242
4 8 5 -0.0299206 -0.0179114 -0.999392 -2.95489
5 8 5 -0.0854822 -0.177691 -0.980367 -2.98457
6 6 3 -0.00685546 -0.0862069 -0.996254 -2.9416
7 6 3 -0.401913 0.0465476 -0.914494 -2.79567
8 6 3 0.0505703 0.216655 -0.974938 -2.90176
6 7 3 -0.0987155 -0.0450043 -0.994098 -2.88071
7 7 3 -0.559456 0.338241 -0.756705 -2.39672
8 7 3 -0.0424652 0.00857299 -0.999061 -2.84561
6 8 3 0.118032 -0.360753 -0.925162 -2.76063
7 8 3 -0.0340715 0.0988851 -0.994515 -2.80503
8 8 3 0.177956 0.0122502 -0.983962 -2.92027
6 6 4 0.0194994 -0.361096 -0.932325 -2.81862
7 6 4 -0.239135 -0.146302 -0.959901 -2.87887
8 6 4 0.000381587 0.000436142 -1 -2.98982
6 7 4 0.0702257 0.177871 -0.981545 -2.93287
7 7 4 0.0110908 -0.0131391 -0.999852 -2.87041
8 7 4 -0.090472 0.0955876 -0.991301 -3.00555
6 8 4 0.065486 0.0505119 -0.996574 -2.8983
7 8 4 0.180613 0.0108053 -0.983495 -2.96786
8 8 4 -0.139308 0.211774 -0.967339 -2.72273
6 6 5 0.145944 -0.0995589 -0.98427 -2.94934
7 6 5 0.185774 0.150793 -0.970953 -2.85279
8 6 5 -0.124266 0.0684482 -0.989885 -2.95588
6 7 5 -0.0731938 0.0961577 -0.992671 -2.89469
7 7 5 -0.176862 -0.0367876 -0.983548 -2.92654
8 7 5 0.0752351 -0.170637 -0.982457 -2.9619
6 8 5 -0.361798 -0.236516 -0.901755 -2.69175
7 8 5 0.00409742 0.0346305 -0.999392 -2.94982
8 8 5 -0.0508866 -0.190504 -0.980367 -2.8522
0 0 6 0.0747325 0.0435165 -0.996254 -2.91725
1 0 6 -0.0979195 -0.361996 -0.927023 -2.74095
2 0 6 -0.110091 0.19333 -0.974938 -2.91234
0 1 6 0.0868701 -0.0649901 -0.994098 -2.94602
1 1 6 0.169375 -0.461091 -0.871038 -2.68948
2 1 6 0.0311326 -0.0301256 -0.999061 -2.95006
0 2 6 0.368713 0.0901394 -0.925162 -2.78184
1 2 6 -0.074672 -0.073234 -0.994515 -2.83208
2 2 6 -0.176822 0.0234997 -0.983962 -2.98628
0 0 7 -0.327399 0.153561 -0.932325 -2.72522
1 0 7 0.194611 -0.201784 -0.959901 -2.80773
2 0 7 -0.000534251 -0.00022451 -1 -2.95785
0 1 7 0.18873 -0.0308351 -0.981545 -2.92121
1 1 7 -0.0165317 -0.00472692 -0.999852 -2.90941
2 1 7 0.0289154 -0.128398 -0.991301 -2.98141
0 2 7 -0.0768355 -0.187977 -0.979163 -2.73855
1 2 7 0.337707 0.0319131 -0.94071 -2.79703
2 2 7 0.0446779 0.249518 -0.967339 -2.83463
0 0 8 -0.109762 -0.138434 -0.98427 -2.93876
1 0 8 -0.239267 0.00143325 -0.970953 -2.95138
2 0 8 -0.107515 0.0925619 -0.989885 -3.00233
0 1 8 0.0125896 0.120188 -0.992671 -2.94225
1 1 8 -0.176801 -0.0370829 -0.983548 -2.98414
2 1 8 -0.136751 -0.086708 -0.986803 -2.93851
0 2 8 -0.382757 0.0526602 -0.922347 -2.85501
1 2 8 0.0185405 0.0295349 -0.999392 -2.95631
2 2 8 -0.194348 -0.0333174 -0.980367 -2.93371
3 0 6 -0.366487 0.0452119 -0.929324 -2.81467
4 0 6 0.00903734 0.00345045 -0.999953 -2.96729
5 0 6 -0.0129814 -0.2221 -0.974938 -2.97862
3 1 6 -0.107301 -0.0160223 -0.994098 -2.97206
4 1 6 -0.155197 0.115863 -0.981066 -2.97447
5 1 6 -0.0384217 -0.0200141 -0.999061 -2.90131
3 2 6 -0.354382 -0.13597 -0.925162 -2.72351
4 2 6 0.0162765 0.103316 -0.994515 -2.91247
5 2 6 0.00282738 0.0564432 -0.998402 -2.85346
3 0 7 0.287721 -0.21906 -0.932325 -2.77464
4 0 7 0.13567 0.0832401 -0.987251 -2.94664
5 0 7 -6.88875e-05 0.000575398 -1 -2.84424
3 1 7 0.185443 0.0466976 -0.981545 -2.88447
4 1 7 0.0171296 0.00148932 -0.999852 -2.85339
5 1 7 -0.592963 -0.323891 -0.737217 -2.2339
3 2 7 -0.273461 0.365453 -0.889755 -2.74325
4 2 7 0.255171 0.2235 -0.94071 -2.8205
5 2 7 0.189714 -0.168119 -0.967339 -2.64737
3 0 8 -0.0871281 -0.153689 -0.98427 -2.93325
4 0 8 -0.10879 -0.213109 -0.970953 -2.86307
5 0 8 0.0975288 0.10303 -0.989885 -2.97817
3 1 8 -0.0929189 0.077264 -0.992671 -3.00032
4 1 8 -0.0714633 0.165911 -0.983548 -2.96531
5 1 8 -0.138515 -0.0838625 -0.986803 -2.87625
3 2 8 -0.167567 0.104609 -0.980295 -2.9247
4 2 8 0.023717 -0.0255649 -0.999392 -2.96223
5 2 8 -0.143188 -0.135566 -0.980367 -2.92761
6 0 6 0.00505223 -0.36923 -0.929324 -2.79176
7 0 6 0.35182 -0.129815 -0.927023 -2.86876
8 0 6 0.198589 -0.100294 -0.974938 -3.00202
6 1 6 0.0927585 -0.0562671 -0.994098 -2.82639
7 1 6 0.192877 -0.0175722 -0.981066 -3.01472
8 1 6 0.0409084 0.0142582 -0.999061 -3.01645
6 2 6 -0.698378 0.117627 -0.705997 -2.14866
7 2 6 0.0781622 0.0694968 -0.994515 -2.84055
8 2 6 -0.0210212 0.177134 -0.983962 -2.95506
6 0 7 -0.224029 -0.283869 -0.932325 -2.87579
7 0 7 -0.0600095 -0.147425 -0.987251 -2.9316
8 0 7 1.75407e-05 -0.000579242 -1 -2.98753
6 1 7 0.150211 -0.118349 -0.981545 -2.7196
7 1 7 -0.00149964 0.0171287 -0.999852 -2.9777
8 1 7 0.123262 -0.0461363 -0.991301 -2.98322
6 2 7 -0.198874 0.410835 -0.889755 -2.50544
7 2 7 0.339196 -0.00325424 -0.94071 -2.78926
8 2 7 -0.117714 0.224497 -0.967339 -2.87311
6 0 8 0.174696 -0.0263268 -0.98427 -2.93596
7 0 8 0.155387 0.181949 -0.970953 -2.86053
8 0 8 0.0705692 0.123073 -0.989885 -2.96089
6 1 8 0.229706 0.0490664 -0.972022 -2.93307
7 1 8 0.131755 -0.123588 -0.983548 -2.95514
8 1 8 -0.108579 0.120124 -0.986803 -2.97253
6 2 8 -0.0683109 0.185352 -0.980295 -2.78244
7 2 8 0.0223252 -0.0267889 -0.999392 -2.98839
8 2 8 -0.197133 -0.00443219 -0.980367 -2.94369
0 3 6 0.13431 -0.343973 -0.929324 -2.78109
1 3 6 0.37337 -0.0349831 -0.927023 -2.74863
2 3 6 -0.174179 0.138414 -0.974938 -2.83384
0 4 6 0.101329 -0.0710855 -0.99231 -2.95188
1 4 6 -0.130998 0.142653 -0.981066 -2.92407
2 4 6 0.0179077 -0.0394475 -0.999061 -2.9937
0 5 6 0.358951 -0.123405 -0.925162 -2.74018
1 5 6 -0.0209792 0.102465 -0.994515 -2.92761
2 5 6 0.0470912 0.0312449 -0.998402 -2.9647
0 3 7 0.187005 0.309516 -0.932325 -2.60808
1 3 7 0.367413 -0.427163 -0.82616 -2.60204
2 3 7 0.368304 -0.0859445 -0.925725 -2.56565
0 4 7 0.188146 0.0342217 -0.981545 -2.93874
1 4 7 -0.00484799 0.0164966 -0.999852 -2.89623
2 4 7 0.037689 0.126102 -0.991301 -2.93823
0 5 7 0.118343 0.165027 -0.979163 -2.77229
1 5 7 -0.180654 -0.287104 -0.94071 -2.80819
2 5 7 -0.282458 -0.0938364 -0.954679 -2.88879
0 3 8 -0.0580945 -0.0656776 -0.996148 -2.89255
1 3 8 0.0629789 -0.017663 -0.997859 -2.84753
2 3 8 -0.168524 0.401139 -0.900382 -2.60936
0 4 8 -0.229705 -0.0490709 -0.972022 -2.92046
1 4 8 -0.0216175 -0.17935 -0.983548 -2.95956
2 4 8 -0.146068 0.0698816 -0.986803 -2.9649
0 5 8 -0.284618 -0.325316 -0.901755 -2.65537
1 5 8 0.02324 0.0259993 -0.999392 -2.92527
2 5 8 0.0962781 0.17208 -0.980367 -2.90644
3 3 6 0.0220188 -0.083629 -0.996254 -2.90575
4 3 6 0.135688 -0.349597 -0.927023 -2.70449
5 3 6 -0.135184 -0.176697 -0.974938 -2.94179
3 4 6 -0.099047 -0.0442699 -0.994098 -2.98979
4 4 6 0.190996 0.0321077 -0.981066 -2.94504
5 4 6 -0.0277334 0.0332814 -0.999061 -3.00117
3 5 6 -0.16285 -0.148724 -0.975377 -2.89784
4 5 6 -0.0105037 -0.104062 -0.994515 -2.94771
5 5 6 0.0654895 0.16592 -0.983962 -2.92223
3 3 7 -0.359347 0.0405082 -0.932325 -2.71263
4 3 7 -0.12093 0.252915 -0.959901 -2.83524
5 3 7 0.000502227 0.00028913 -1 -2.91307
3 4 7 0.181038 -0.0616053 -0.981545 -2.87462
4 4 7 0.0124983 0.0118082 -0.999852 -2.96947
5 4 7 0.0068882 0.131433 -0.991301 -2.9868
3 5 7 -0.058595 0.0583651 -0.996574 -2.9
4 5 7 -0.267311 -0.208829 -0.94071 -2.85092
5 5 7 -0.234518 -0.0962105 -0.967339 -2.89533
3 3 8 -0.061833 -0.0621708 -0.996148 -2.88171
4 3 8 -0.193461 0.140795 -0.970953 -2.96746
5 3 8 -0.43271 -0.0455534 -0.900382 -2.7534
3 4 8 -0.0927425 0.215804 -0.972022 -2.95146
4 4 8 -0.117873 0.136893 -0.983548 -3.02521
5 4 8 -0.0248492 0.160005 -0.986803 -2.932
3 5 8 -0.253783 0.349902 -0.901755 -2.76254
4 5 8 0.0111709 0.0330344 -0.999392 -2.82772
5 5 8 -0.147703 -0.130633 -0.980367 -2.94288
6 3 6 0.0383609 -0.367267 -0.929324 -2.57113
7 3 6 -0.00107413 0.00961381 -0.999953 -2.95178
8 3 6 -0.0920501 -0.202543 -0.974938 -2.94707
6 4 6 -0.0462457 0.09814 -0.994098 -2.90903
7 4 6 0.191083 -0.0315853 -0.981066 -2.8475
8 4 6 0.0159144 0.0402929 -0.999061 -2.9919
6 5 6 0.204772 -0.0818988 -0.975377 -2.71734
7 5 6 -0.433327 0.33671 -0.835975 -2.20078
8 5 6 -0.157924 -0.0829352 -0.983962 -2.81184
6 3 7 0.327301 0.153769 -0.932325 -2.71738
7 3 7 0.27832 0.0335914 -0.959901 -2.97577
8 3 7 -0.000509643 0.000275848 -1 -2.95781
6 4 7 -0.114017 -0.153526 -0.981545 -2.84973
7 4 7 0.00388389 0.0167498 -0.999852 -2.96376
8 4 7 -0.120258 -0.0534816 -0.991301 -2.95318
6 5 7 -0.208557 -0.569207 -0.795304 -2.43252
7 5 7 0.170723 -0.293118 -0.94071 -2.59934
8 5 7 0.0605087 0.291422 -0.954679 -2.74046
6 3 8 -0.0708935 0.0516008 -0.996148 -2.87631
7 3 8 0.115741 0.0132842 -0.993191 -2.98256
8 3 8 0.137142 -0.0363187 -0.989885 -2.99987
6 4 8 0.172359 -0.159577 -0.972022 -2.91304
7 4 8 0.0253329 -0.178863 -0.983548 -3.00096
8 4 8 0.130082 -0.0964255 -0.986803 -2.92806
6 5 8 0.0669601 0.185844 -0.980295 -2.7459
7 5 8 0.261859 -0.0759486 -0.962113 -2.94451
8 5 8 0.526959 -0.209529 -0.823658 -2.51146
0 6 6 0.167341 0.329171 -0.929324 -2.79393
1 6 6 -0.142554 0.346854 -0.927023 -2.86776
2 6 6 -0.222393 -0.00616931 -0.974938 -2.94698
0 7 6 0.0635012 -0.0879643 -0.994098 -2.94298
1 7 6 0.0573084 0.185003 -0.981066 -2.95229
2 7 6 0.0141914 -0.0409316 -0.999061 -2.99677
0 8 6 -0.213817 -0.0540519 -0.975377 -2.89283
1 8 6 -0.10418 0.00925099 -0.994515 -2.96266
2 8 6 0.00337711 0.178345 -0.983962 -2.96442
0 6 7 -0.342242 0.116794 -0.932325 -2.77326
1 6 7 0.147994 -0.0585934 -0.987251 -2.77997
2 6 7 -0.300311 -0.229885 -0.925725 -2.68957
0 7 7 -0.134498 -0.135941 -0.981545 -2.96867
1 7 7 0.0144058 0.00938688 -0.999852 -3.01231
2 7 7 -0.0616824 -0.116265 -0.991301 -2.97429
0 8 7 -0.0439686 -0.0700473 -0.996574 -2.95438
1 8 7 0.178553 0.0292674 -0.983495 -2.93948
2 8 7 -0.233141 0.0995004 -0.967339 -2.91783
0 6 8 -0.170789 -0.0451975 -0.98427 -2.95948
1 6 8 -0.0759003 0.226913 -0.970953 -2.93691
2 6 8 -0.0628778 0.430533 -0.900382 -2.76688
0 7 8 -0.0284093 -0.233164 -0.972022 -2.9672
1 7 8 0.0390969 -0.0304867 -0.99877 -3.0035
2 7 8 -0.0634597 0.14897 -0.986803 -2.96508
0 8 8 -0.280081 -0.32923 -0.901755 -2.83171
1 8 8 -0.0176312 -0.0300865 -0.999392 -2.87089
2 8 8 -0.128133 0.149877 -0.980367 -2.92392
3 6 6 -0.185854 -0.215085 -0.958748 -2.79972
4 6 6 0.373779 -0.0303042 -0.927023 -2.63329
5 6 6 -0.171931 -0.141196 -0.974938 -2.88211
3 7 6 -0.0522701 -0.0950682 -0.994098 -2.99309
4 7 6 -0.0476314 -0.187727 -0.981066 -2.92949
5 7 6 -0.0148492 -0.0406975 -0.999061 -2.9605
3 8 6 -0.255937 0.101863 -0.961312 -2.89126
4 8 6 -0.0263499 0.101217 -0.994515 -2.95836
5 8 6 -0.0517417 -0.170707 -0.983962 -2.96761
3 6 7 0.280154 0.228658 -0.932325 -2.68931
4 6 7 -0.0163872 0.27986 -0.959901 -2.78226
5 6 7 -0.000541418 0.000206628 -1 -2.96826
3 7 7 0.154594 -0.112564 -0.981545 -2.97048
4 7 7 0.00106596 -0.0171611 -0.999852 -2.98303
5 7 7 0.123023 0.0467697 -0.991301 -2.98771
3 8 7 -0.0339284 -0.200219 -0.979163 -2.91766
4 8 7 0.180108 -0.189109 -0.965297 -2.92948
5 8 7 0.0768821 -0.241546 -0.967339 -2.89995
3 6 8 -0.0163758 0.175908 -0.98427 -2.91222
4 6 8 -0.11464 -0.210019 -0.970953 -2.77233
5 6 8 0.127185 0.0628581 -0.989885 -2.91834
3 7 8 0.0394176 -0.114236 -0.992671 -2.96815
4 7 8 0.173121 -0.0516007 -0.983548 -2.86652
5 7 8 -0.161622 -0.00988317 -0.986803 -2.94645
3 8 8 -0.112505 -0.417349 -0.901755 -2.78228
4 8 8 -0.0449066 -0.487523 -0.871955 -2.71369
5 8 8 0.1103 0.163448 -0.980367 -2.83494
6 6 6 0.0852511 0.014522 -0.996254 -2.87277
7 6 6 0.35515 -0.120406 -0.927023 -2.71254
8 6 6 0.222385 -0.0064681 -0.974938 -2.86608
6 7 6 -0.448912 -0.193071 -0.872469 -2.48735
7 7 6 0.193227 0.013176 -0.981066 -2.85852
8 7 6 -0.0312996 0.0299521 -0.999061 -2.98677
6 8 6 0.107972 0.25342 -0.961312 -2.50371
7 8 6 0.074784 -0.0731196 -0.994515 -2.96808
8 8 6 0.164109 -0.0699031 -0.983962 -2.97698
6 6 7 -0.239594 0.18618 -0.952855 -2.75649
7 6 7 -0.0121021 0.15871 -0.987251 -2.86572
8 6 7 -0.0842019 0.368706 -0.925725 -2.90154
6 7 7 0.183125 -0.0550912 -0.981545 -2.74976
7 7 7 0.00357689 0.0168181 -0.999852 -2.98057
8 7 7 0.0138923 0.130879 -0.991301 -2.98886
6 8 7 -0.407279 -0.206059 -0.889755 -2.66739
7 8 7 -0.0473462 -0.335891 -0.94071 -2.88781
8 8 7 0.0299802 0.0198006 -0.999354 -2.99009
6 6 8 -0.0278578 0.174458 -0.98427 -2.96216
7 6 8 0.122186 -0.205721 -0.970953 -2.88546
8 6 8 -0.0441453 0.134827 -0.989885 -2.84904
6 7 8 -0.115196 0.0365171 -0.992671 -2.99002
7 7 8 -0.0303805 -0.178075 -0.983548 -2.98804
8 7 8 0.161775 -0.00694132 -0.986803 -2.95688
6 8 8 -0.0034422 -0.0073535 -0.999967 -2.93626
7 8 8 0.00357996 -0.0346878 -0.999392 -2.99538
8 8 8 -0.0246912 -0.195631 -0.980367 -2.94951
