Position_x Position_y Position_z Spin_x Spin_y Spin_z Spin_energy Temperature n_spins
0 0 0 0.425374 0.0516209 -0.903544 -2.54141 0.401 729
0 0 10 -0.0261797 0.154423 -0.987658 -2.56866
0 0 20 -0.137716 -0.47132 -0.871144 -2.68044
0 0 30 0.0737504 0.0724233 -0.994644 -2.49387
0 0 40 0.223265 0.164988 -0.960693 -2.69866
0 0 50 -0.576898 -0.347865 -0.739039 -2.1023
0 0 60 -0.284191 -0.0314434 -0.958252 -2.35039
0 0 70 0.641354 0.509556 -0.573601 -1.45434
0 0 80 0.0375096 0.54794 -0.835676 -2.30736
0 0 90 0.0406348 -0.352898 -0.934779 -2.64274
0 10 0 -0.0696999 -0.448248 -0.891188 -2.45767
0 10 10 0.516433 0.423903 -0.744045 -2.23853
0 10 20 0.0424538 0.0924062 -0.994816 -2.81378
0 10 30 0.0674304 0.0504261 -0.996449 -2.67046
0 10 40 -0.0880288 0.743119 -0.663343 -2.15537
0 10 50 -0.510867 0.00499422 -0.859645 -2.10786
0 10 60 0.769999 0.58231 -0.2608 -0.329806
0 10 70 -0.144476 -0.67112 -0.727134 -1.62245
0 10 80 -0.0268032 -0.0476752 -0.998503 -2.71608
0 10 90 0.0890681 0.252908 -0.963382 -2.61766
0 20 0 -0.378258 0.22677 -0.897494 -2.55458
0 20 10 0.000109526 0.000561793 -1 -2.89173
0 20 20 -0.449692 0.00440906 -0.893173 -2.54811
0 20 30 0.0343935 -0.0386309 -0.998661 -2.36214
0 20 40 -0.392142 0.285503 -0.874478 -1.72073
0 20 50 0.00398246 0.0644247 -0.997915 -2.68077
0 20 60 -0.362988 -0.345863 -0.865227 -2.70304
0 20 70 -0.175438 -0.0257974 -0.984152 -2.76552
0 20 80 0.303855 -0.0653687 -0.950473 -2.61446
0 20 90 -0.0021136 0.000731229 -0.999997 -2.7642
0 30 0 -0.541578 -0.406781 -0.735678 -2.21547
0 30 10 0.133118 0.406067 -0.904096 -2.46543
0 30 20 0.495473 0.541339 -0.679307 -2.04176
0 30 30 -0.24475 0.175977 -0.953483 -2.52956
0 30 40 -0.0339699 -0.182505 -0.982618 -2.76653
0 30 50 0.378236 -0.144843 -0.914307 -2.66078
0 30 60 0.10067 -0.451577 -0.886535 -2.68076
0 30 70 0.00582775 0.06253 -0.998026 -2.73809
0 30 80 -0.0272174 -0.456 -0.889563 -2.68585
0 30 90 -0.0685944 0.0260552 -0.997304 -2.7124
0 40 0 0.572619 -0.546656 -0.610962 -1.77184
0 40 10 0.487971 -0.0739409 -0.869722 -2.45104
0 40 20 -0.0827411 0.0488018 -0.995375 -2.66436
0 40 30 -0.0178875 -0.027702 -0.999456 -2.91999
0 40 40 0.240243 0.0428056 -0.969769 -2.57168
0 40 50 -0.453265 -0.36595 -0.812793 -2.27016
0 40 60 -0.0024278 -0.0304039 -0.999535 -2.79894
0 40 70 0.0264842 0.0232809 -0.999378 -2.63323
0 40 80 0.183236 -0.440288 -0.87896 -2.13389
0 40 90 -0.0926656 0.0972859 -0.990933 -2.56744
0 50 0 0.0898073 0.710257 -0.69819 -2.38863
0 50 10 -0.00707116 0.13674 -0.990582 -2.73548
0 50 20 -0.184084 -0.0208836 -0.982689 -2.83658
0 50 30 -0.0528816 0.0919418 -0.994359 -2.62204
0 50 40 -0.268872 0.319135 -0.908769 -2.4335
0 50 50 0.215357 -0.212286 -0.953182 -2.7641
0 50 60 -0.239375 0.157796 -0.958019 -2.46335
0 50 70 0.154755 0.515423 -0.842846 -2.67892
0 50 80 -0.000830529 0.145678 -0.989332 -2.69583
0 50 90 0.183711 -0.0914589 -0.978716 -2.71231
0 60 0 0.171742 0.362365 -0.916077 -2.62792
0 60 10 0.444951 -0.339528 -0.828697 -2.23451
0 60 20 0.0510172 -0.494327 -0.867777 -2.55382
0 60 30 -0.000776046 0.0255377 -0.999674 -2.66715
0 60 40 -0.0836439 0.226822 -0.970338 -2.83396
0 60 50 -0.0158062 -0.0922721 -0.995608 -2.76954
0 60 60 0.0613256 -0.0409154 -0.997279 -2.87544
0 60 70 0.109662 -0.421474 -0.900185 -2.7894
0 60 80 0.230065 -0.206507 -0.951013 -2.79037
0 60 90 -0.0587848 -0.0946406 -0.993774 -2.7811
0 70 0 -0.204849 -0.0240505 -0.978498 -2.62268
0 70 10 0.278476 -0.783368 -0.555686 -1.19576
0 70 20 0.0115245 0.533093 -0.845978 -2.30917
0 70 30 0.0770067 -0.0602921 -0.995206 -2.84733
0 70 40 -0.0121807 -0.00447977 -0.999916 -2.86627
0 70 50 0.310469 -0.125275 -0.942292 -2.70594
0 70 60 -0.130091 0.00685702 -0.991478 -2.84884
0 70 70 -0.0585308 -0.107137 -0.99252 -2.96784
0 70 80 -0.0297608 0.110326 -0.99345 -2.79909
0 70 90 -0.362877 0.00994291 -0.931784 -2.49602
0 80 0 0.0423784 0.128903 -0.990751 -2.55666
0 80 10 0.0835451 0.279699 -0.956446 -2.59254
0 80 20 -0.395926 0.0819509 -0.914618 -2.69815
0 80 30 -0.000121182 -0.036657 -0.999328 -2.83232
0 80 40 -0.413139 -0.188692 -0.890905 -2.60629
0 80 50 -0.0509622 -0.060473 -0.996868 -2.91196
0 80 60 0.0443769 -0.112987 -0.992605 -2.83928
0 80 70 -0.0967251 0.199432 -0.975126 -2.79001
0 80 80 0.02321 0.184989 -0.982467 -2.85677
0 80 90 0.0240251 -0.0599861 -0.99791 -2.94077
0 90 0 -0.0364294 -0.0342065 -0.998751 -2.7876
0 90 10 -0.206962 0.168582 -0.963715 -2.56724
0 90 20 0.118209 0.414259 -0.90245 -2.51536
0 90 30 -0.335058 0.152141 -0.929833 -2.78853
0 90 40 -0.00893121 0.0970598 -0.995238 -2.78968
0 90 50 0.0575907 0.121392 -0.990933 -2.8836
0 90 60 0.230083 -0.267575 -0.935663 -2.61762
0 90 70 -0.0432299 0.00898338 -0.999025 -2.92952
0 90 80 -0.106582 -0.111103 -0.988077 -2.83179
0 90 90 0.22838 -0.663568 -0.712404 -2.28691
10 0 0 0.26498 -0.0950535 -0.959557 -2.72054
10 0 10 0.0371653 -0.0136611 -0.999216 -2.8569
10 0 20 -0.117519 -0.136346 -0.983666 -2.88823
10 0 30 0.032783 0.0209732 -0.999242 -2.9494
10 0 40 0.215895 0.0404093 -0.97558 -2.77117
10 0 50 -0.0390015 0.120917 -0.991896 -2.78617
10 0 60 -0.340174 -0.323124 -0.883104 -2.52505
10 0 70 -0.180851 -0.0931374 -0.979091 -2.51093
10 0 80 0.416709 -0.18911 -0.889152 -2.6952
10 0 90 0.00735327 -0.0232146 -0.999703 -2.84029
10 10 0 -0.140484 0.154337 -0.97798 -2.89438
10 10 10 -0.00599798 0.00202128 -0.99998 -2.94873
10 10 20 -0.0145225 0.0391555 -0.999128 -2.84272
10 10 30 0.0219545 0.0275866 -0.999378 -2.89278
10 10 40 -0.065334 0.0674622 -0.99558 -2.6153
10 10 50 0.523248 0.448487 -0.724618 -1.97377
10 10 60 -0.0557737 -0.177109 -0.98261 -2.65307
10 10 70 0.000401347 -0.0173494 -0.999849 -2.96697
10 10 80 -0.181511 0.135673 -0.973985 -2.8783
10 10 90 -0.118572 -0.285228 -0.951097 -2.57681
10 20 0 -0.343604 -0.338418 -0.876019 -2.44765
10 20 10 0.378616 0.47367 -0.795164 -2.3194
10 20 20 0.0715858 0.175142 -0.981937 -2.88891
10 20 30 0.0816068 0.00883158 -0.996625 -2.78267
10 20 40 -0.313263 0.0430609 -0.94869 -2.67232
10 20 50 -0.0148983 0.129112 -0.991518 -2.78298
10 20 60 -0.285135 -0.248067 -0.92583 -2.59727
10 20 70 0.0054165 0.143013 -0.989706 -2.30054
10 20 80 0.0359867 -0.00115217 -0.999352 -2.81314
10 20 90 -0.370208 0.323224 -0.870903 -2.50229
10 30 0 -0.0125395 0.162108 -0.986693 -2.8881
10 30 10 -0.0942264 -0.157724 -0.982977 -2.91047
10 30 20 0.0681556 -0.125889 -0.9897 -2.91193
10 30 30 -0.0734544 0.0170365 -0.997153 -2.88836
10 30 40 -0.307194 -0.368323 -0.877479 -2.66851
10 30 50 0.160161 0.10783 -0.981184 -2.60654
10 30 60 0.182334 0.15038 -0.971669 -2.90392
10 30 70 0.111319 -0.0114571 -0.993719 -2.72863
10 30 80 0.0531278 -0.133441 -0.989632 -2.91689
10 30 90 -0.148642 -0.0437314 -0.987924 -2.88026
10 40 0 0.0142856 0.103009 -0.994578 -2.94735
10 40 10 0.0761012 -0.0733306 -0.9944 -2.91943
10 40 20 0.00913953 0.000694502 -0.999958 -2.8407
10 40 30 0.0204351 -0.0106357 -0.999735 -2.70399
10 40 40 0.337745 -0.010707 -0.941177 -2.86038
10 40 50 0.128287 -0.00981539 -0.991689 -2.91218
10 40 60 0.131299 0.149962 -0.979935 -2.74404
10 40 70 0.0078482 -0.0583481 -0.998265 -2.76317
10 40 80 0.0504777 4.59977e-05 -0.998725 -2.89635
10 40 90 -0.253698 -0.0772787 -0.964192 -2.90108
10 50 0 -0.327888 -0.0685647 -0.942225 -2.78628
10 50 10 -0.719605 0.201024 -0.664649 -1.68383
10 50 20 0.00538122 -0.038092 -0.99926 -2.76906
10 50 30 -0.135641 -0.0284483 -0.99035 -2.79521
10 50 40 -0.593641 0.158201 -0.789026 -2.51858
10 50 50 -0.748169 0.24508 -0.616586 -2.10525
10 50 60 -0.087082 -0.0822155 -0.992803 -2.63482
10 50 70 -0.242762 0.0662571 -0.967821 -2.82764
10 50 80 0.0557527 0.106041 -0.992798 -2.84788
10 50 90 0.371338 -0.332734 -0.866831 -2.22754
10 60 0 0.0200402 -0.184122 -0.982699 -2.85468
10 60 10 0.0653033 0.0714977 -0.995301 -2.89482
10 60 20 -0.117308 0.0588128 -0.991353 -2.70552
10 60 30 0.298147 -0.352843 -0.886911 -1.86603
10 60 40 0.391708 0.313189 -0.865146 -2.33162
10 60 50 -0.163356 -0.49613 -0.852742 -2.22628
10 60 60 0.089819 0.0793803 -0.99279 -2.73998
10 60 70 0.0283563 -0.0541384 -0.998131 -2.83133
10 60 80 -0.0151633 0.0328476 -0.999345 -2.88118
10 60 90 0.0414696 -0.227452 -0.972906 -2.66922
10 70 0 0.364811 0.345285 -0.864691 -2.268
10 70 10 0.0236179 -0.0373315 -0.999024 -2.84822
10 70 20 -0.0478049 0.0333164 -0.998301 -2.72278
10 70 30 0.0538673 0.0761261 -0.995642 -2.79135
10 70 40 -0.544078 0.11247 -0.831462 -2.43379
10 70 50 -0.0377791 -0.0980191 -0.994467 -2.57141
10 70 60 -0.145336 0.114902 -0.982688 -2.91522
10 70 70 0.0347808 -0.11213 -0.993085 -2.835
10 70 80 -0.442287 -0.0565638 -0.895088 -2.4437
10 70 90 -0.193049 -0.193322 -0.961956 -2.64631
10 80 0 -0.247827 -0.514215 -0.821075 -2.56254
10 80 10 0.0200814 0.0771832 -0.996815 -2.82983
10 80 20 -0.357243 0.207704 -0.910624 -2.26236
10 80 30 -0.665338 -0.706049 -0.24253 -1.31198
10 80 40 -0.215997 -0.216732 -0.952036 -2.59363
10 80 50 0.0388401 0.0031978 -0.99924 -2.73533
10 80 60 0.30576 0.390989 -0.868123 -2.54589
10 80 70 0.0237668 -0.00563175 -0.999702 -2.34669
10 80 80 0.101824 -0.218906 -0.970418 -2.81732
10 80 90 -0.0212706 -0.00786838 -0.999743 -2.62258
10 90 0 -0.730566 -0.622021 -0.281714 -1.21775
10 90 10 -0.799211 -0.0838893 -0.595167 -1.90892
10 90 20 0.239311 0.104285 -0.965326 -2.57054
10 90 30 0.0101689 -0.0138923 -0.999852 -2.70051
10 90 40 0.0591283 0.0195223 -0.998059 -2.8213
10 90 50 0.042698 -0.0579659 -0.997405 -2.95011
10 90 60 -0.0079937 -0.0111748 -0.999906 -2.84341
10 90 70 0.22892 -0.173568 -0.957846 -2.88849
10 90 80 0.00138919 -0.00138508 -0.999998 -2.43763
10 90 90 0.327769 -0.00376537 -0.94475 -2.56997
20 0 0 0.357698 -0.0238927 -0.933532 -2.78908
20 0 10 0.483106 -0.631513 -0.606465 -1.935
20 0 20 -0.103188 -0.331165 -0.937914 -2.57868
20 0 30 0.137795 0.155302 -0.97821 -2.86339
20 0 40 0.090477 0.255922 -0.962454 -2.74906
20 0 50 0.373852 -0.216931 -0.901763 -2.71644
20 0 60 0.163465 0.449825 -0.87803 -2.49979
20 0 70 0.445946 -0.215604 -0.868704 -2.33812
20 0 80 -0.0223491 -0.0188999 -0.999572 -2.72495
20 0 90 0.294144 0.286711 -0.911743 -2.30295
20 10 0 0.187111 0.172055 -0.967154 -2.81311
20 10 10 0.0374835 0.159479 -0.986489 -2.83833
20 10 20 -0.0452159 0.0262141 -0.998633 -2.9532
20 10 30 0.0872048 -0.0784846 -0.993094 -2.89295
20 10 40 -0.0155233 -0.077006 -0.99691 -2.66807
20 10 50 -0.204646 -0.664471 -0.718748 -2.01526
20 10 60 0.145311 -0.0871113 -0.985544 -2.71241
20 10 70 -0.143335 -0.599297 -0.78759 -1.98151
20 10 80 -0.0839646 0.435475 -0.896277 -2.35747
20 10 90 -0.543643 0.385763 -0.745412 -2.59742
20 20 0 -0.0998421 -0.0225176 -0.994748 -2.80222
20 20 10 -0.180914 -0.347503 -0.920061 -2.72312
20 20 20 -0.0178748 -0.0256495 -0.999511 -2.91299
20 20 30 -0.283685 -0.0912338 -0.954567 -2.5011
20 20 40 0.483238 -0.191842 -0.854212 -2.64603
20 20 50 0.444535 0.152727 -0.882646 -2.34006
20 20 60 -0.323083 -0.265141 -0.90847 -2.13241
20 20 70 -0.526236 0.679131 -0.511719 -1.6692
20 20 80 -0.209541 0.427094 -0.879593 -2.66691
20 20 90 0.194683 0.248131 -0.948962 -2.53976
20 30 0 -0.0810168 -0.152666 -0.984951 -2.6767
20 30 10 0.395668 -0.521028 -0.756292 -2.33773
20 30 20 0.388642 -0.26821 -0.881488 -2.6122
20 30 30 -0.150312 0.496483 -0.854933 -2.23547
20 30 40 0.0862871 0.190388 -0.977909 -2.80029
20 30 50 -0.0599979 0.0236707 -0.997918 -2.65414
20 30 60 -0.358983 0.240377 -0.901859 -2.67083
20 30 70 -0.0322583 -0.0684452 -0.997133 -2.84169
20 30 80 0.368755 -0.0987745 -0.924264 -2.52013
20 30 90 -0.187307 -0.119562 -0.974998 -2.68063
20 40 0 0.000851885 -0.00049854 -1 -2.55003
20 40 10 0.246854 0.371779 -0.894899 -2.60129
20 40 20 -0.0630965 0.000317887 -0.998007 -2.87995
20 40 30 -0.0186345 -0.00853002 -0.99979 -2.39572
20 40 40 0.317278 -0.260417 -0.911876 -2.44661
20 40 50 -0.0943338 -0.0927931 -0.991207 -2.88736
20 40 60 -0.120398 0.0313999 -0.992229 -2.61496
20 40 70 -0.0988537 -0.250764 -0.962988 -2.60559
20 40 80 -0.254912 -0.689545 -0.677899 -2.2021
20 40 90 -0.11379 -0.0512509 -0.992182 -2.76288
20 50 0 -0.111477 0.0879928 -0.989864 -2.43411
20 50 10 -0.598766 0.79765 0.0723412 0.102183
20 50 20 -0.233316 -0.352922 -0.906096 -2.16658
20 50 30 0.0782272 -0.117993 -0.989928 -2.77162
20 50 40 0.7917 -0.038316 -0.609707 -1.38334
20 50 50 0.115375 -0.0377638 -0.992604 -2.31601
20 50 60 0.214095 0.158983 -0.963788 -2.55476
20 50 70 -0.012309 0.283853 -0.958789 -2.81482
20 50 80 0.0818148 0.550767 -0.830639 -2.66874
20 50 90 0.235319 0.192051 -0.952755 -2.1426
20 60 0 -0.415214 -0.429262 -0.80208 -2.38368
20 60 10 0.29263 -0.00809572 -0.956191 -2.76043
20 60 20 0.34987 -0.0681745 -0.934314 -2.75853
20 60 30 0.0497833 0.0702005 -0.99629 -2.83739
20 60 40 0.18649 0.255308 -0.948704 -2.65346
20 60 50 -0.0592008 -0.0213435 -0.998018 -2.65951
20 60 60 0.215712 0.0987345 -0.971452 -2.79286
20 60 70 0.247953 -0.0407646 -0.967914 -2.73111
20 60 80 -0.311332 -0.320602 -0.894588 -2.57568
20 60 90 0.110235 -0.13166 -0.985147 -2.87187
20 70 0 0.0441662 0.0605968 -0.997185 -2.64868
20 70 10 -0.538591 0.175179 -0.824155 -2.12572
20 70 20 -0.30467 -0.466672 -0.830297 -2.49387
20 70 30 -0.151658 -0.235304 -0.960016 -2.57276
20 70 40 0.504814 -0.132851 -0.852944 -2.18953
20 70 50 -0.256232 0.229044 -0.939087 -2.53293
20 70 60 0.139329 0.135012 -0.980999 -2.79055
20 70 70 -0.0034912 -0.0111999 -0.999931 -2.8344
20 70 80 -0.50918 -0.43042 -0.745302 -2.27162
20 70 90 -0.291607 0.256556 -0.92149 -2.28863
20 80 0 -0.0420886 -0.0117696 -0.999045 -2.78603
20 80 10 0.382616 -0.387659 -0.838645 -2.59436
20 80 20 0.0166635 0.00839361 -0.999826 -2.3983
20 80 30 -0.470463 -0.124058 -0.873656 -2.61315
20 80 40 -0.0487463 -0.114037 -0.99228 -2.90361
20 80 50 -0.130356 -0.191456 -0.972806 -2.88132
20 80 60 -0.0283502 -0.318866 -0.947376 -2.71895
20 80 70 0.114081 -0.150643 -0.981984 -2.82685
20 80 80 -0.00271032 0.00824499 -0.999962 -2.86546
20 80 90 0.140913 -0.158751 -0.977211 -2.46969
20 90 0 -0.736914 -0.557348 -0.38252 -1.45193
20 90 10 0.0094056 -0.0273298 -0.999582 -2.18788
20 90 20 -0.0233706 0.0739476 -0.996988 -2.8104
20 90 30 -0.0213641 0.137304 -0.990299 -2.89775
20 90 40 0.270825 0.293764 -0.91671 -2.54966
20 90 50 -0.0210426 -0.0415298 -0.998916 -2.81389
20 90 60 0.289934 -0.0211804 -0.956812 -2.35567
20 90 70 -0.488701 -0.327109 -0.808809 -2.22271
20 90 80 0.133129 0.0202517 -0.990892 -2.33675
20 90 90 -0.524953 0.231535 -0.819033 -2.3399
30 0 0 -0.525869 0.124327 -0.84143 -2.62287
30 0 10 0.218901 -0.000400007 -0.975747 -2.7693
30 0 20 0.127462 -0.255665 -0.958326 -2.73947
30 0 30 -0.161577 -0.188547 -0.968681 -2.82671
30 0 40 -0.417255 -0.593974 -0.687817 -2.042
30 0 50 -0.144051 -0.0715643 -0.986979 -2.72476
30 0 60 -0.143622 0.0191001 -0.989448 -2.88602
30 0 70 -0.119441 0.117866 -0.98582 -2.46458
30 0 80 -0.320393 -0.177898 -0.93043 -2.69206
30 0 90 0.245704 -0.277697 -0.928716 -2.78643
30 10 0 0.190054 -0.0624082 -0.979788 -2.69613
30 10 10 -0.530188 -0.00808934 -0.847841 -2.56105
30 10 20 -0.350362 -0.0640632 -0.934421 -2.58691
30 10 30 0.0855183 -0.0109935 -0.996276 -2.88091
30 10 40 -0.170282 -0.127737 -0.977081 -2.70129
30 10 50 0.0963009 0.454287 -0.885635 -2.31046
30 10 60 -0.05268 -0.0428449 -0.997692 -2.78106
30 10 70 0.00203407 -0.0230507 -0.999732 -2.75759
30 10 80 0.106736 0.247492 -0.962993 -2.64661
30 10 90 -0.321775 0.325405 -0.889142 -2.68509
30 20 0 -0.559556 0.219113 -0.799304 -2.60071
30 20 10 -0.49635 0.350768 -0.794102 -2.1145
30 20 20 0.148395 0.0994126 -0.983919 -2.72811
30 20 30 -0.146954 0.0745356 -0.986331 -2.80124
30 20 40 0.203337 -0.17982 -0.962454 -2.74004
30 20 50 -0.031667 -0.0507302 -0.99821 -2.79042
30 20 60 -0.0465832 -0.443757 -0.894935 -2.41605
30 20 70 -0.0259892 -0.0163708 -0.999528 -2.70673
30 20 80 -0.282069 -0.0234276 -0.959108 -2.65705
30 20 90 -0.0628737 0.37157 -0.926273 -2.45704
30 30 0 0.0905249 -0.0431177 -0.99496 -2.71885
30 30 10 -0.10631 0.275178 -0.955497 -2.77009
30 30 20 -0.129498 -0.02228 -0.991329 -2.87167
30 30 30 0.146636 0.163723 -0.975547 -2.87746
30 30 40 0.211787 -0.156905 -0.964638 -2.84078
30 30 50 0.282669 -0.373279 -0.883607 -2.4323
30 30 60 -0.290951 -0.685062 -0.66786 -2.06431
30 30 70 -0.0147199 0.303906 -0.952588 -2.42664
30 30 80 -0.547313 0.423251 -0.722016 -1.88712
30 30 90 0.0530786 -0.311155 -0.948876 -2.50405
30 40 0 -0.118816 0.142947 -0.982573 -2.7763
30 40 10 0.176598 0.0274674 -0.9839 -2.80588
30 40 20 -0.000706905 0.0350594 -0.999385 -2.75517
30 40 30 0.164348 -0.239814 -0.956807 -2.68526
30 40 40 0.085659 0.0558637 -0.994757 -2.68204
30 40 50 -0.00414113 -0.263196 -0.964733 -2.76152
30 40 60 -0.01988 0.262675 -0.96468 -2.61419
30 40 70 0.129758 -0.160317 -0.9785 -2.73276
30 40 80 -0.236015 -0.0972236 -0.966873 -2.75662
30 40 90 -0.527013 0.0578836 -0.847884 -2.60863
30 50 0 -0.0765364 0.13293 -0.988166 -2.65662
30 50 10 -0.114843 -0.286652 -0.951126 -2.85604
30 50 20 0.194856 0.156987 -0.968187 -2.67458
30 50 30 0.0574215 -0.132883 -0.989467 -2.89442
30 50 40 -0.30724 -0.417609 -0.855106 -2.34735
30 50 50 0.552985 0.136313 -0.821965 -2.31126
30 50 60 0.466522 0.0997818 -0.878864 -2.56215
30 50 70 0.0847781 0.276838 -0.957169 -2.7239
30 50 80 -0.0599546 -0.207305 -0.976437 -2.71409
30 50 90 0.0156638 -0.0692083 -0.997479 -2.86687
30 60 0 -0.438807 -0.39285 -0.808157 -2.19725
30 60 10 0.011126 -0.0160992 -0.999808 -2.80064
30 60 20 -0.0380265 -0.0653226 -0.997139 -2.67521
30 60 30 0.204956 -0.607509 -0.767415 -2.20209
30 60 40 -0.0538878 -0.333746 -0.941121 -2.4259
30 60 50 0.398719 0.00590456 -0.917054 -2.57812
30 60 60 -0.316663 0.225624 -0.921313 -2.64132
30 60 70 -0.470903 0.00903801 -0.882139 -2.64685
30 60 80 0.287249 0.217727 -0.932782 -2.14597
30 60 90 -0.000415335 -0.00271597 -0.999996 -2.78373
30 70 0 -0.653648 -0.0994796 -0.750232 -1.85978
30 70 10 0.540333 -0.76068 -0.359731 -0.769185
30 70 20 -0.0810328 0.0656592 -0.994546 -2.53164
30 70 30 -0.00668479 -0.0761646 -0.997073 -2.72069
30 70 40 -0.346441 0.223018 -0.911176 -2.37267
30 70 50 -0.622234 0.429595 -0.654426 -2.3587
30 70 60 -0.0821844 0.335137 -0.938578 -2.61689
30 70 70 0.147414 0.0150016 -0.988961 -2.69612
30 70 80 -0.144284 -0.39885 -0.905594 -2.57868
30 70 90 0.0677978 -0.0595582 -0.99592 -2.58937
30 80 0 0.146497 -0.0523448 -0.987825 -2.72775
30 80 10 0.151456 -0.73775 -0.657864 -1.88652
30 80 20 0.507002 0.0962886 -0.85655 -2.14921
30 80 30 -0.307682 -0.124117 -0.943359 -2.52812
30 80 40 0.164332 0.399618 -0.901832 -2.18681
30 80 50 0.511382 -0.63097 -0.583408 -1.57331
30 80 60 0.0634632 -0.163174 -0.984554 -2.72188
30 80 70 0.119621 -0.100691 -0.9877 -2.93301
30 80 80 -0.0192725 0.00783682 -0.999784 -2.82761
30 80 90 0.404543 0.387196 -0.828507 -1.98193
30 90 0 -0.44788 0.471365 -0.759749 -1.74864
30 90 10 0.256483 -0.238326 -0.936705 -2.42735
30 90 20 -0.411886 0.280938 -0.866847 -2.3246
30 90 30 -0.211938 -0.757889 -0.616998 -1.57353
30 90 40 -0.0387321 0.0409772 -0.998409 -2.75912
30 90 50 0.110258 0.21993 -0.969265 -2.82622
30 90 60 -0.00650142 0.0148566 -0.999868 -2.9027
30 90 70 -0.042786 -0.0577512 -0.997414 -2.73318
30 90 80 -0.134147 -0.348512 -0.927655 -2.49926
30 90 90 -0.0998131 0.226479 -0.968888 -2.634
40 0 0 -0.033571 0.0667578 -0.997204 -2.68587
40 0 10 -0.101152 -0.0949014 -0.990334 -2.73428
40 0 20 0.0580011 -0.0369117 -0.997634 -2.75305
40 0 30 0.146044 -0.330576 -0.932411 -2.7872
40 0 40 0.467383 -0.0515401 -0.882551 -2.66992
40 0 50 0.294924 0.267264 -0.917382 -2.68806
40 0 60 0.439758 0.0196303 -0.897902 -2.43928
40 0 70 -0.0440786 -0.022434 -0.998776 -2.84959
40 0 80 0.0521377 -0.40937 -0.910878 -2.74499
40 0 90 -0.0648089 -0.069436 -0.995479 -2.8555
40 10 0 -0.112128 0.00160693 -0.993692 -2.92006
40 10 10 -0.000801959 -0.0247855 -0.999692 -2.89809
40 10 20 -0.0448076 0.0685974 -0.996638 -2.74904
40 10 30 -0.372337 0.0391987 -0.927269 -2.46202
40 10 40 -0.526919 -0.458339 -0.715739 -2.16892
40 10 50 -0.0300065 -0.182492 -0.982749 -2.83638
40 10 60 0.236575 -0.141387 -0.961271 -2.82292
40 10 70 0.258848 -0.141946 -0.955431 -2.80726
40 10 80 -0.253667 -0.0796 -0.964011 -2.7404
40 10 90 0.0288811 0.439204 -0.897923 -2.37585
40 20 0 0.420582 -0.438299 -0.794358 -1.91643
40 20 10 0.229698 0.207033 -0.950987 -2.67152
40 20 20 -0.2008 0.11866 -0.972419 -2.69113
40 20 30 0.324348 -0.0510213 -0.944561 -2.81954
40 20 40 -0.36203 -0.0386593 -0.931365 -2.68756
40 20 50 -0.00253033 0.093597 -0.995607 -2.86569
40 20 60 -0.162839 0.35039 -0.92234 -2.65925
40 20 70 0.426552 -0.0355779 -0.903763 -2.19664
40 20 80 -0.177922 0.508885 -0.842247 -1.95712
40 20 90 -0.228937 0.160727 -0.960081 -2.65489
40 30 0 -0.372322 -0.108617 -0.921726 -2.69447
40 30 10 0.237447 0.127516 -0.962995 -2.61361
40 30 20 -0.314764 0.092026 -0.944698 -2.64558
40 30 30 -0.337737 0.243459 -0.909209 -2.62149
40 30 40 0.272349 -0.0793474 -0.958921 -2.17574
40 30 50 -0.65515 0.157018 -0.739002 -1.41885
40 30 60 0.0572783 -0.018866 -0.99818 -2.63343
40 30 70 -0.0351455 0.043004 -0.998457 -2.70083
40 30 80 -0.255295 -0.728631 -0.635548 -1.67678
40 30 90 -0.108777 0.144952 -0.983441 -2.58935
40 40 0 0.267047 -0.143277 -0.952973 -2.50495
40 40 10 0.350698 0.391853 -0.850565 -2.10255
40 40 20 0.470368 -0.570401 -0.673347 -2.03256
40 40 30 0.0202951 0.0104046 -0.99974 -2.60654
40 40 40 -0.448127 -0.165353 -0.878544 -2.59055
40 40 50 0.0359586 0.293149 -0.95539 -2.51523
40 40 60 -0.00165491 0.0566647 -0.998392 -2.57109
40 40 70 0.00931063 -0.00623458 -0.999937 -2.87855
40 40 80 -0.509072 0.465054 -0.724272 -1.9076
40 40 90 -0.0612143 -0.310372 -0.948642 -2.27881
40 50 0 -0.444624 -0.285836 -0.848886 -2.4696
40 50 10 0.00225882 -0.0213074 -0.99977 -2.8637
40 50 20 0.10803 -0.396943 -0.911463 -2.7028
40 50 30 -0.14062 -0.301647 -0.942993 -2.52076
40 50 40 0.0737863 0.259196 -0.963002 -2.70047
40 50 50 0.123776 -0.118185 -0.985247 -2.53113
40 50 60 -0.184811 0.0307976 -0.982291 -2.73096
40 50 70 -0.308164 0.287163 -0.906958 -2.25555
40 50 80 0.000210238 -0.000918501 -1 -2.78173
40 50 90 -0.213118 0.0794066 -0.973794 -2.62713
40 60 0 -0.0939085 -0.225778 -0.969642 -2.78324
40 60 10 -0.408348 -0.323337 -0.853642 -2.66152
40 60 20 0.0238703 -0.0032829 -0.99971 -2.65386
40 60 30 0.155828 0.0509432 -0.98647 -2.7968
40 60 40 0.0273439 0.00426452 -0.999617 -2.58865
40 60 50 0.380413 -0.0172361 -0.924656 -2.30057
40 60 60 -0.29086 0.153605 -0.944355 -2.62475
40 60 70 0.426933 -0.0965791 -0.899111 -2.58228
40 60 80 0.490865 -0.323868 -0.808802 -2.43008
40 60 90 -0.00743153 -0.101125 -0.994846 -2.62986
40 70 0 0.334599 0.209975 -0.91867 -2.5779
40 70 10 0.316877 -0.189526 -0.929338 -2.79238
40 70 20 -0.0549516 -0.0577588 -0.996817 -2.78943
40 70 30 -0.306971 0.382771 -0.871353 -2.43822
40 70 40 -0.49258 0.0599733 -0.868198 -2.73659
40 70 50 -8.29175e-05 0.0183495 -0.999832 -2.7745
40 70 60 0.0104302 -0.0206986 -0.999731 -2.72293
40 70 70 0.461295 0.349433 -0.815539 -2.29706
40 70 80 -0.0559393 -0.33912 -0.939078 -2.45294
40 70 90 -0.110432 -0.152899 -0.982052 -2.83992
40 80 0 0.0240943 -0.00360305 -0.999703 -2.75793
40 80 10 -0.109531 -0.43435 -0.89406 -2.4599
40 80 20 -0.0108302 0.00274907 -0.999938 -2.72893
40 80 30 -0.435447 0.425766 -0.793164 -2.1038
40 80 40 -0.464782 -0.187488 -0.865347 -2.30395
40 80 50 0.339487 0.189077 -0.921411 -2.53482
40 80 60 -0.163105 0.259252 -0.951938 -2.61723
40 80 70 -0.0143715 -0.0685037 -0.997547 -2.9191
40 80 80 -0.0702046 -0.0901305 -0.993452 -2.74253
40 80 90 0.0412534 0.179425 -0.982906 -2.78159
40 90 0 -0.187875 0.286283 -0.939545 -2.76118
40 90 10 0.579425 0.0477257 -0.813627 -2.04977
40 90 20 -0.380621 -0.477808 -0.791724 -2.01888
40 90 30 -0.0477074 -0.488988 -0.870985 -2.42439
40 90 40 -0.26322 -0.194269 -0.944974 -2.74573
40 90 50 0.0258102 0.127248 -0.991535 -2.8839
40 90 60 0.0479514 -0.311779 -0.948944 -2.70106
40 90 70 0.0144222 0.0112931 -0.999832 -2.89851
40 90 80 -0.153613 0.102081 -0.982844 -2.78027
40 90 90 0.0520116 0.215172 -0.97519 -2.68722
50 0 0 -0.0927372 0.362061 -0.92753 -2.57595
50 0 10 0.416468 0.267863 -0.868794 -2.46417
50 0 20 -0.0854514 0.374757 -0.923177 -2.32787
50 0 30 -0.231296 -0.108709 -0.966791 -2.72026
50 0 40 -0.0896169 0.376369 -0.922125 -2.57647
50 0 50 -0.0827026 -0.119957 -0.989328 -2.65321
50 0 60 -0.0558719 0.22577 -0.972577 -2.54132
50 0 70 -0.0445983 -0.274944 -0.960425 -2.76624
50 0 80 -0.400778 -0.0218833 -0.915914 -2.63259
50 0 90 -0.0866669 0.156504 -0.983868 -2.64588
50 10 0 -0.0943069 -0.290462 -0.952228 -2.60295
50 10 10 0.182612 0.288811 -0.939809 -2.69426
50 10 20 -0.116159 0.484891 -0.866826 -2.8564
50 10 30 -0.0318711 0.205026 -0.978238 -2.47431
50 10 40 -0.142305 -0.057682 -0.988141 -2.87107
50 10 50 -0.0443749 -0.0469306 -0.997912 -2.61475
50 10 60 -0.436753 0.0209668 -0.899337 -2.46791
50 10 70 -0.315226 -0.100377 -0.943693 -2.7846
50 10 80 0.233255 -0.293802 -0.92697 -2.08714
50 10 90 -0.124755 -0.101375 -0.986995 -2.62707
50 20 0 0.342031 0.130899 -0.930527 -2.47422
50 20 10 -0.0626804 0.0366089 -0.997362 -2.67498
50 20 20 0.00254568 0.00481633 -0.999985 -2.77354
50 20 30 0.68491 0.290882 -0.668046 -1.99267
50 20 40 0.120183 -0.157318 -0.980208 -2.68629
50 20 50 0.0116122 0.238002 -0.971195 -2.54671
50 20 60 -0.00513552 -0.00845832 -0.999951 -2.85266
50 20 70 0.583608 0.211693 -0.783957 -2.27076
50 20 80 0.146132 0.0722524 -0.986623 -2.55044
50 20 90 0.203744 -0.0258943 -0.978682 -2.60341
50 30 0 -0.0327102 -0.33655 -0.941097 -2.68027
50 30 10 0.170728 -0.291458 -0.941225 -2.56529
50 30 20 0.355035 -0.26185 -0.897432 -2.63805
50 30 30 0.273171 0.182856 -0.944426 -2.62774
50 30 40 0.232583 0.0178742 -0.972412 -2.55965
50 30 50 0.774849 -0.406223 -0.484347 -1.02617
50 30 60 -0.392689 -0.283441 -0.874904 -1.7198
50 30 70 0.0721477 -0.353258 -0.93274 -2.45652
50 30 80 -0.0625929 -0.0549618 -0.996525 -2.93332
50 30 90 0.125681 0.12795 -0.983785 -2.78781
50 40 0 -0.0688076 -0.09288 -0.993297 -2.82074
50 40 10 -0.25203 -0.416215 -0.87364 -2.36578
50 40 20 -0.392899 0.354131 -0.848659 -2.41512
50 40 30 0.103358 -0.0467095 -0.993547 -2.72266
50 40 40 -0.00175527 -0.00197411 -0.999997 -2.63885
50 40 50 0.0251584 -0.207715 -0.977866 -2.66928
50 40 60 -0.356678 -0.286062 -0.889353 -2.67211
50 40 70 0.0753813 -0.239703 -0.967915 -2.69154
50 40 80 -0.214655 0.271488 -0.938199 -2.52316
50 40 90 0.159519 -0.104792 -0.981617 -2.7612
50 50 0 -0.322345 0.229024 -0.9185 -2.71936
50 50 10 -0.225388 0.00124698 -0.974268 -2.59166
50 50 20 -0.12599 -0.617453 -0.776452 -2.0148
50 50 30 0.150118 0.0186113 -0.988493 -2.7433
50 50 40 -0.00955947 0.00356665 -0.999948 -2.68688
50 50 50 0.649401 0.0526425 -0.758622 -2.45002
50 50 60 -0.222 0.331309 -0.917033 -2.26232
50 50 70 0.40069 0.41729 -0.815669 -2.33673
50 50 80 0.192154 -0.155218 -0.969012 -2.61307
50 50 90 0.188859 0.181697 -0.965048 -2.69119
50 60 0 0.465234 -0.606998 -0.644291 -2.00824
50 60 10 -0.0227539 0.00793398 -0.99971 -2.63584
50 60 20 -0.272535 -0.554412 -0.786354 -2.22633
50 60 30 -0.0664636 0.0264669 -0.997438 -2.6674
50 60 40 -0.288923 -0.384932 -0.876556 -2.34666
50 60 50 0.201862 0.167908 -0.964914 -2.5884
50 60 60 -0.0142091 -0.289744 -0.956999 -2.7531
50 60 70 0.0195287 -0.0849797 -0.996191 -2.85728
50 60 80 0.471456 0.740397 -0.479104 -1.39897
50 60 90 0.013915 -0.00449379 -0.999893 -2.85243
50 70 0 -0.531678 -0.329989 -0.780017 -1.82781
50 70 10 -0.297713 -0.177847 -0.937943 -2.66141
50 70 20 -0.43484 -0.303307 -0.847891 -2.43096
50 70 30 0.0958338 -0.119044 -0.988253 -2.69578
50 70 40 0.163518 -0.0534132 -0.985093 -2.72034
50 70 50 0.233665 0.0512706 -0.970964 -2.67448
50 70 60 -0.287329 -0.385355 -0.876895 -2.33895
50 70 70 0.420624 -0.365238 -0.830468 -2.10837
50 70 80 -0.147665 -0.119333 -0.981812 -2.86502
50 70 90 0.185641 0.385974 -0.903638 -2.60673
50 80 0 0.113104 -0.179167 -0.977296 -2.84203
50 80 10 -0.177356 -0.0734476 -0.981402 -2.75063
50 80 20 0.0441565 -0.625984 -0.778584 -2.55478
50 80 30 -0.313926 0.671387 -0.671334 -2.08816
50 80 40 0.0895911 -0.151997 -0.984312 -2.62587
50 80 50 -0.344613 0.558047 -0.754868 -2.22174
50 80 60 0.493057 0.0465694 -0.86875 -2.4811
50 80 70 0.181435 -0.398592 -0.899003 -2.57295
50 80 80 -0.404849 -0.298747 -0.864203 -2.53068
50 80 90 0.125852 -0.345098 -0.930091 -2.77722
50 90 0 -0.0582112 -0.219251 -0.97393 -2.67027
50 90 10 -0.0737717 -0.0266591 -0.996919 -2.61809
50 90 20 -0.0700509 -0.22558 -0.971703 -2.18137
50 90 30 -0.663337 0.0558363 -0.746235 -2.16855
50 90 40 -0.176035 0.130463 -0.9757 -2.9021
50 90 50 -0.237828 0.336306 -0.911228 -2.6792
50 90 60 -0.00633155 -0.0370846 -0.999292 -2.88215
50 90 70 -0.678554 -0.385312 -0.625379 -2.21315
50 90 80 0.133031 0.0863878 -0.98734 -2.80942
50 90 90 0.309469 -0.0125626 -0.950826 -2.50597
60 0 0 0.0765897 -0.0168508 -0.99692 -2.86845
60 0 10 0.0560029 0.194291 -0.979344 -2.94454
60 0 20 0.517486 -0.170456 -0.838542 -1.89813
60 0 30 -0.0466761 0.378671 -0.924353 -2.40486
60 0 40 -0.735648 0.354303 -0.577314 -1.79621
60 0 50 -0.0118421 -0.028985 -0.99951 -2.92294
60 0 60 0.127676 0.34458 -0.930034 -2.51492
60 0 70 -0.0489128 -0.153488 -0.986939 -2.76882
60 0 80 -0.3189 -0.249343 -0.914402 -2.3534
60 0 90 0.629886 0.151124 -0.761843 -2.20544
60 10 0 0.217113 -0.0472362 -0.975003 -2.70366
60 10 10 -0.461781 0.171182 -0.870319 -2.31979
60 10 20 0.71394 0.0849074 -0.69504 -2.26262
60 10 30 -0.282719 0.135115 -0.949639 -2.72917
60 10 40 -0.287051 -0.406926 -0.867187 -2.56468
60 10 50 0.00218128 0.433803 -0.901005 -2.59372
60 10 60 0.38785 -0.148807 -0.909631 -2.71134
60 10 70 0.204574 0.139754 -0.968823 -2.76201
60 10 80 -0.00489955 0.0991004 -0.995065 -2.91202
60 10 90 -0.228801 0.198076 -0.953109 -2.30791
60 20 0 -0.168482 -0.043194 -0.984758 -2.88716
60 20 10 0.0184067 0.0604245 -0.998003 -2.82012
60 20 20 0.0936619 0.170539 -0.980889 -2.80446
60 20 30 0.313329 -0.281401 -0.906994 -2.69151
60 20 40 0.656443 0.64038 -0.398743 -0.924565
60 20 50 -0.00949302 -0.308761 -0.951092 -2.63498
60 20 60 -0.00623801 0.000145359 -0.999981 -2.59142
60 20 70 -0.495737 0.49816 -0.711394 -2.14272
60 20 80 0.0658673 -0.12511 -0.989954 -2.67815
60 20 90 0.56439 0.043727 -0.82435 -2.37466
60 30 0 0.00151651 0.00796423 -0.999967 -2.83661
60 30 10 0.238241 0.406661 -0.881968 -2.07611
60 30 20 -0.451432 0.469693 -0.758682 -2.29321
60 30 30 -0.157739 0.1835 -0.970282 -2.79526
60 30 40 -0.0632826 0.0564492 -0.996398 -2.81632
60 30 50 0.293651 -0.258151 -0.920395 -2.61545
60 30 60 0.241913 0.624134 -0.742923 -2.18789
60 30 70 0.179436 -0.619099 -0.764538 -2.36238
60 30 80 0.425252 -0.136549 -0.894715 -2.09537
60 30 90 0.240175 -0.39628 -0.886159 -2.35976
60 40 0 -0.469371 0.363008 -0.804933 -2.46902
60 40 10 0.358299 -0.0168122 -0.933456 -2.77982
60 40 20 0.429276 0.315225 -0.846378 -2.44552
60 40 30 0.0214237 -0.0384704 -0.99903 -2.93713
60 40 40 0.431099 -0.183296 -0.883491 -2.56169
60 40 50 0.149781 -0.00872311 -0.988681 -2.87201
60 40 60 0.181498 -0.148266 -0.97215 -2.83472
60 40 70 0.201557 -0.284768 -0.937167 -2.69695
60 40 80 -0.174043 -0.355128 -0.918473 -2.42163
60 40 90 0.0222322 0.0360997 -0.999101 -2.70997
60 50 0 0.39832 -0.0308998 -0.916726 -2.69243
60 50 10 0.0485664 -0.225766 -0.97297 -2.89829
60 50 20 0.0545665 -0.010556 -0.998454 -2.95783
60 50 30 -0.14496 0.532054 -0.83421 -2.36464
60 50 40 0.0426228 0.144842 -0.988536 -2.80429
60 50 50 0.0337794 0.0558657 -0.997867 -2.70549
60 50 60 0.289603 0.792942 -0.536072 -1.72717
60 50 70 0.0529919 0.350207 -0.935172 -2.83791
60 50 80 -0.163395 0.358299 -0.919198 -2.68474
60 50 90 -0.627288 0.338346 -0.701449 -2.24595
60 60 0 -0.532151 -0.643952 -0.549673 -1.9009
60 60 10 -0.0509475 0.0877396 -0.99484 -2.93234
60 60 20 0.102869 0.132651 -0.98581 -2.72319
60 60 30 0.133437 0.249196 -0.959216 -2.507
60 60 40 0.00215211 -0.000543831 -0.999998 -2.77306
60 60 50 -0.158136 0.181732 -0.97055 -2.69576
60 60 60 0.089882 -0.64741 -0.756823 -1.75904
60 60 70 -0.450498 -0.223905 -0.864244 -2.55209
60 60 80 -0.116756 -0.0443719 -0.992169 -2.66022
60 60 90 0.0530114 -0.0572522 -0.996951 -2.81336
60 70 0 -0.502159 -0.499061 -0.70624 -2.11573
60 70 10 -0.272115 0.10228 -0.956814 -2.80826
60 70 20 0.0767674 -0.055322 -0.995513 -2.87647
60 70 30 0.0050844 0.013656 -0.999894 -2.90821
60 70 40 -0.230617 -0.179689 -0.956309 -2.64543
60 70 50 -0.17749 0.00606181 -0.984104 -2.37898
60 70 60 -0.227836 0.129959 -0.964988 -2.64437
60 70 70 -0.0554465 -0.232798 -0.970943 -2.69687
60 70 80 -0.24151 0.0186971 -0.970218 -2.83128
60 70 90 -0.000303915 0.000549518 -1 -2.79574
60 80 0 0.0350755 0.375918 -0.925989 -2.58323
60 80 10 -0.0142695 -0.0501309 -0.998641 -2.81996
60 80 20 -0.0194286 -0.0125324 -0.999733 -2.86867
60 80 30 0.0495676 -0.19698 -0.979154 -2.81297
60 80 40 -0.564141 0.571712 -0.595727 -1.51943
60 80 50 -0.00561099 -0.00165018 -0.999983 -2.84046
60 80 60 0.103562 -0.591948 -0.799295 -2.22013
60 80 70 -0.0330012 -0.0137037 -0.999361 -2.54956
60 80 80 0.0393688 0.0522215 -0.997859 -2.94852
60 80 90 -0.00484847 -0.242195 -0.970215 -2.75886
60 90 0 0.00699418 -0.00106358 -0.999975 -2.84173
60 90 10 -0.0734846 -0.133598 -0.988307 -2.70453
60 90 20 -0.109697 -0.0272719 -0.993591 -2.89459
60 90 30 -0.343897 0.451053 -0.823581 -2.39069
60 90 40 -0.131339 -0.236844 -0.962629 -2.3396
60 90 50 -0.267159 0.033648 -0.963065 -2.80018
60 90 60 0.000567177 0.323174 -0.946339 -1.999
60 90 70 0.118608 0.167813 -0.978658 -2.74627
60 90 80 0.00402874 0.1185 -0.992946 -2.92645
60 90 90 -0.0271074 -0.0841605 -0.996083 -2.32363
70 0 0 0.371146 0.330398 -0.867807 -2.16459
70 0 10 0.00137166 -0.0353788 -0.999373 -2.62472
70 0 20 0.551223 -0.267354 -0.790364 -1.7461
70 0 30 -0.337893 0.264564 -0.903235 -2.05378
70 0 40 0.638306 -0.41378 -0.649116 -1.67738
70 0 50 -0.132713 -0.107025 -0.985359 -2.62533
70 0 60 -0.575317 0.515295 -0.635202 -1.87228
70 0 70 -0.0449013 -0.408469 -0.911667 -2.64748
70 0 80 0.433999 0.506743 -0.744887 -1.95086
70 0 90 -0.0543239 -0.0195568 -0.998332 -2.90938
70 10 0 0.0493216 0.0166704 -0.998644 -2.42801
70 10 10 0.0420907 0.00623153 -0.999094 -2.70288
70 10 20 0.0079448 -0.0334099 -0.99941 -2.7246
70 10 30 -0.254364 0.0396579 -0.966295 -2.71009
70 10 40 -0.127815 -0.114401 -0.985178 -2.66031
70 10 50 -0.338837 0.0885183 -0.936672 -2.7043
70 10 60 -0.535249 -0.208669 -0.818514 -2.34483
70 10 70 0.270281 0.0336964 -0.962191 -2.8828
70 10 80 0.347813 0.00778769 -0.937531 -2.84984
70 10 90 -0.0596402 0.0476976 -0.99708 -2.63612
70 20 0 0.0645227 0.0464411 -0.996835 -2.756
70 20 10 -0.0521713 0.0633681 -0.996626 -2.59282
70 20 20 0.357589 0.154503 -0.92101 -2.74626
70 20 30 -0.11268 -0.0583635 -0.991916 -2.79295
70 20 40 -0.0971922 0.0869274 -0.991462 -2.93771
70 20 50 -0.38149 -0.34303 -0.858368 -2.62586
70 20 60 -0.214137 -0.150814 -0.965091 -2.69462
70 20 70 0.136384 0.0738752 -0.987898 -2.61179
70 20 80 -0.260334 -0.142167 -0.954995 -2.65707
