Position_x Position_y Position_z Spin_x Spin_y Spin_z Spin_energy Temperature n_spins
0 0 0 0.22049 0.759413 0.612108 -0.123684 3.001 729
1 0 0 -0.664381 0.727476 0.171395 -0.837133
2 0 0 0.106764 0.41514 -0.903471 -0.780794
0 1 0 0.102015 -0.00330479 0.994777 0.19072
1 1 0 -0.590664 -0.280204 -0.756705 0.639638
2 1 0 -0.239463 -0.270636 0.932423 -0.208747
0 2 0 -0.751561 0.358981 -0.553433 0.0603174
1 2 0 0.0210494 0.427594 0.903726 0.00848261
2 2 0 0.211919 0.290306 0.933173 -1.42904
0 0 1 0.334272 0.13796 -0.932325 0.264604
1 0 1 0.0207724 0.0334322 0.999225 0.689853
2 0 1 -0.831399 0.416192 -0.368185 0.222076
0 1 1 -0.650372 0.403989 -0.64328 0.05665
1 1 1 0.784048 -0.289036 -0.549297 0.285235
2 1 1 0.803908 0.226151 0.55008 0.249384
0 2 1 0.46776 0.830456 0.302562 0.705775
1 2 1 -0.784222 -0.165052 -0.598126 1.02312
2 2 1 0.0578342 -0.285524 0.956625 -0.252506
0 0 2 -0.149836 0.773253 -0.61614 -0.974549
1 0 2 0.00184148 -0.110313 0.993895 0.216266
2 0 2 0.0326592 -0.906835 -0.420218 -0.330546
0 1 2 -0.381276 0.847941 0.368273 -1.24845
1 1 2 0.34114 0.910576 -0.233398 -0.0444191
2 1 2 -0.928401 -0.237498 -0.285772 0.265517
0 2 2 -0.423378 0.0871109 -0.901755 -0.348847
1 2 2 0.0131646 -0.0322917 -0.999392 -1.29785
2 2 2 0.0214567 0.0267744 0.999411 0.724727
3 0 0 -0.366463 0.0454045 -0.929324 -0.930948
4 0 0 0.96064 0.218621 0.171395 0.123066
5 0 0 0.0795589 -0.207767 -0.974938 -0.859472
3 1 0 -0.0241917 0.0991603 0.994777 -0.506152
4 1 0 0.738004 -0.158548 0.655906 -1.23752
5 1 0 -0.322576 -0.162884 0.932423 -0.424605
3 2 0 0.024462 -0.708227 0.705561 0.0537741
4 2 0 0.106475 -0.41466 0.903726 -1.8494
5 2 0 0.293148 0.20797 0.933173 -1.06811
3 0 1 -0.317779 0.17259 -0.932325 -0.481721
4 0 1 -0.0287646 -0.0268664 0.999225 -0.0818597
5 0 1 0.549162 0.75024 -0.368185 0.374939
3 1 1 0.700917 0.267255 -0.661279 -0.0808287
4 1 1 -0.303091 -0.778722 -0.549297 0.718565
5 1 1 -0.626916 0.551714 0.55008 -0.402616
3 2 1 0.251432 0.551611 -0.795304 -0.432755
4 2 1 0.556345 -0.576824 -0.598126 0.310449
5 2 1 -0.201563 0.210336 0.956625 -0.635774
3 0 2 0.488493 -0.617856 -0.61614 0.492698
4 0 2 -0.0376031 0.103723 0.993895 -1.78265
5 0 2 0.484026 -0.0845258 0.870961 -0.126634
3 1 2 -0.857469 0.359335 0.368273 0.242522
4 1 2 -0.0288035 -0.0229326 0.999322 -0.913401
5 1 2 -0.509674 -0.806943 0.298454 -0.0575243
3 2 2 0.027994 0.431339 -0.901755 -0.533601
4 2 2 0.85326 0.191921 0.484885 -0.0587762
5 2 2 0.0292642 0.0179127 0.999411 0.321226
6 0 0 0.199693 0.310611 -0.929324 -1.11867
7 0 0 0.861714 -0.147318 0.485537 -0.535602
8 0 0 0.425552 0.0514343 -0.903471 0.52778
6 1 0 -0.0716309 0.0727119 0.994777 0.110232
7 1 0 0.474603 0.586975 0.655906 -0.85319
8 1 0 -0.102277 0.346592 0.932423 0.258005
6 2 0 0.410602 0.72465 -0.553433 0.678904
7 2 0 -0.373167 -0.492069 -0.786521 0.55132
8 2 0 0.167225 -0.0620812 -0.983962 0.27662
6 0 1 -0.329135 -0.149803 -0.932325 -0.357725
7 0 1 0.0264295 -0.0291666 0.999225 0.720202
8 0 1 -0.542939 -0.754756 -0.368185 -0.380773
6 1 1 -0.088173 0.74494 -0.661279 -0.0660247
7 1 1 0.0820183 -0.0501351 0.995369 -0.178069
8 1 1 -0.834407 -0.0342986 0.55008 -1.42752
6 2 1 -0.963282 0.217691 -0.157156 -0.619964
7 2 1 -0.800519 0.0376088 -0.598126 -0.516442
8 2 1 -7.32165e-05 0.291323 0.956625 -0.118319
6 0 2 0.139494 0.775185 -0.61614 -0.934635
7 0 2 -0.0587002 -0.231959 -0.970953 0.638642
8 0 2 -0.487292 -0.765483 -0.420218 -0.809575
6 1 2 -0.514825 0.774164 0.368273 -0.248928
7 1 2 -0.953752 0.189427 -0.233398 -0.681492
8 1 2 -0.868437 0.395907 0.298454 -1.25826
6 2 2 0.122462 -0.414536 -0.901755 0.555432
7 2 2 0.0328228 0.873962 0.484885 0.812871
8 2 2 -0.0141925 0.0312383 0.999411 -0.353952
0 3 0 0.27019 0.251702 -0.929324 -0.466672
1 3 0 -0.280112 -0.828125 0.485537 0.415993
2 3 0 0.0218424 -0.221404 -0.974938 0.0401326
0 4 0 -0.0113509 -0.101435 0.994777 0.905619
1 4 0 -0.637302 -0.145753 -0.756705 0.66626
2 4 0 -0.119288 0.341111 0.932423 -0.440897
0 5 0 0.466107 0.533209 -0.705997 -0.332741
1 5 0 -0.0741883 -0.421635 0.903726 -0.010879
2 5 0 -0.226312 0.279231 0.933173 -0.971299
0 3 1 -0.361545 0.00747959 -0.932325 -0.413312
1 3 1 -0.0310403 0.0242014 0.999225 1.52967
2 3 1 0.865245 -0.340282 -0.368185 -0.387781
0 4 1 0.651207 -0.402642 -0.64328 -0.63483
1 4 1 0.827244 0.118065 -0.549297 -0.535091
2 4 1 0.722295 -0.419168 0.55008 -1.26104
0 5 1 0.860982 -0.408859 0.302562 0.0412132
1 5 1 -0.63626 0.487256 -0.598126 1.24746
2 5 1 0.23318 -0.174631 0.956625 -0.801431
0 3 2 0.521063 -0.590647 -0.61614 0.0908654
1 3 2 -0.149054 0.187172 -0.970953 0.445458
2 3 2 0.407595 0.274394 0.870961 0.981164
0 4 2 0.917678 0.149139 0.368273 -1.15075
1 4 2 0.956737 -0.290549 -0.0153434 -1.47909
2 4 2 0.868526 -0.404966 -0.285772 -0.36254
0 5 2 0.294969 0.31596 -0.901755 -0.825833
1 5 2 -0.0348125 0.00203635 -0.999392 -1.2138
2 5 2 0.0173972 -0.0295736 0.999411 0.714447
3 3 0 -0.226236 0.291846 -0.929324 -0.0508159
4 3 0 -0.207978 -0.849116 0.485537 -0.210588
5 3 0 0.197469 -0.102482 -0.974938 -0.120768
3 4 0 -0.0743555 0.0699233 0.994777 0.856819
4 4 0 0.0193546 -0.65347 -0.756705 -0.0323872
5 4 0 0.307551 0.189734 0.932423 -0.221703
3 5 0 -0.708064 -0.0146048 -0.705997 0.438543
4 5 0 0.61751 0.00819912 -0.786521 0.303954
5 5 0 0.0399788 -0.100048 0.994179 -0.0780949
3 3 1 -0.0844315 -0.351628 -0.932325 -0.830056
4 3 1 0.0108807 0.0378261 0.999225 1.55068
5 3 1 0.923965 0.10358 -0.368185 -0.365845
3 4 1 0.723009 0.199919 -0.661279 0.578627
4 4 1 -0.606966 -0.574339 -0.549297 0.108998
5 4 1 -0.251118 0.838346 -0.483854 -0.019446
3 5 1 0.0432812 0.952147 0.302562 0.0868187
4 5 1 0.698473 0.392914 -0.598126 0.606656
5 5 1 -0.153107 0.247845 0.956625 -0.428139
3 3 2 -0.227214 0.754152 -0.61614 -0.497649
4 3 2 -0.0475233 0.234504 -0.970953 0.16538
5 3 2 0.312322 0.851981 -0.420218 -1.38596
3 4 2 -0.929703 -0.00529289 0.368273 1.24954
4 4 2 0.692581 -0.682537 -0.233398 0.523072
5 4 2 0.683018 0.672176 -0.285772 -1.04024
3 5 2 0.0106979 0.432115 -0.901755 0.2142
4 5 2 -0.874574 0.0024896 0.484885 0.626584
5 5 2 -0.022642 -0.0257798 0.999411 -0.963374
6 3 0 0.263796 -0.258396 -0.929324 -0.960772
7 3 0 0.87137 0.0704816 0.485537 1.11615
8 3 0 0.136589 -0.175614 -0.974938 -0.889028
6 4 0 -0.0382962 0.0946119 0.994777 0.937085
7 4 0 -0.0328598 0.652931 -0.756705 1.10864
8 4 0 0.198963 0.301662 0.932423 0.471662
6 5 0 0.389569 0.591442 -0.705997 0.927529
7 5 0 -0.126694 0.408936 0.903726 0.503307
8 5 0 0.172804 -0.0442371 -0.983962 1.10733
6 3 1 0.0983326 0.347996 -0.932325 -1.28956
7 3 1 -0.992353 0.0732049 -0.0993836 -0.728803
8 3 1 -0.655015 0.659845 -0.368185 -1.20465
6 4 1 -0.587553 -0.46636 -0.661279 0.602657
7 4 1 -0.835433 0.0180201 -0.549297 -2.34279
8 4 1 -0.320455 0.814367 -0.483854 -0.466505
6 5 1 0.550893 -0.7778 0.302562 1.0301
7 5 1 -0.759046 -0.257089 -0.598126 1.03623
8 5 1 0.273108 0.101395 0.956625 0.701142
6 3 2 0.786128 0.0487157 -0.61614 -1.19254
7 3 2 0.238949 -0.0124073 -0.970953 0.662697
8 3 2 -0.306391 0.384123 0.870961 1.02893
6 4 2 0.0101274 0.929663 0.368273 0.0457899
7 4 2 -0.971357 -0.0446167 -0.233398 0.333244
8 4 2 0.757569 0.586876 -0.285772 -0.0677417
6 5 2 0.247084 0.354665 -0.901755 0.296529
7 5 2 0.231425 -0.0565631 0.971207 0.504554
8 5 2 0.0096378 0.0329298 0.999411 -1.2547
0 6 0 0.139296 0.341984 -0.929324 -0.73844
1 6 0 -0.745129 -0.457205 0.485537 0.265236
2 6 0 -0.194166 -0.108612 -0.974938 -0.899663
0 7 0 0.101062 0.0142986 0.994777 1.81458
1 7 0 0.621428 0.203041 -0.756705 0.504191
2 7 0 -0.0307693 -0.0304965 -0.999061 -1.01814
0 8 0 0.578437 0.40863 -0.705997 0.424634
1 8 0 -0.61738 0.0150809 -0.786521 -0.448525
2 8 0 0.175164 0.0337016 -0.983962 -0.732376
0 6 1 0.360391 -0.0298211 -0.932325 -0.738405
1 6 1 -0.0183397 -0.0348262 0.999225 0.744634
2 6 1 0.924757 0.09625 -0.368185 0.747613
0 7 1 -0.718265 0.216346 -0.661279 1.08891
1 7 1 0.0692974 0.0666213 0.995369 0.97602
2 7 1 -0.671247 -0.561527 -0.483854 0.464364
0 8 1 -0.071003 -0.950481 0.302562 0.68143
1 8 1 0.263528 -0.756835 -0.598126 0.718189
2 8 1 -0.266825 -0.116933 0.956625 0.475983
0 6 2 0.787583 0.00913418 -0.61614 -0.897125
1 6 2 -0.237823 0.0262829 -0.970953 0.0314482
2 6 2 -0.413044 0.266121 0.870961 1.55094
0 7 2 0.22095 -0.903081 0.368273 0.995352
1 7 2 -0.852689 0.467383 -0.233398 0.32356
2 7 2 0.642213 -0.711265 -0.285772 0.757419
0 8 2 -0.233746 0.363594 -0.901755 0.608328
1 8 2 -0.182577 -0.153044 0.971207 0.216885
2 8 2 0.0307519 0.0152178 0.999411 -0.570952
3 6 0 -0.0758768 0.361385 -0.929324 -1.30592
4 6 0 -0.841457 0.237073 0.485537 0.311907
5 6 0 -0.188693 -0.117862 -0.974938 -0.983474
3 7 0 0.283414 0.928817 0.238695 -1.28161
4 7 0 -0.22528 0.924974 0.306058 0.104774
5 7 0 -0.0378125 0.0211425 -0.999061 -0.133226
3 8 0 -0.301211 0.640968 -0.705997 -0.672938
4 8 0 0.528888 -0.318846 -0.786521 0.4918
5 8 0 0.131737 -0.120265 -0.983962 -0.755804
3 6 1 -0.34423 -0.110798 -0.932325 -0.292565
4 6 1 -0.0204723 0.0336168 0.999225 0.506361
5 6 1 -0.86498 0.340955 -0.368185 -0.209503
3 7 1 0.656237 0.363405 -0.661279 0.305064
4 7 1 -0.686284 -0.476746 -0.549297 -0.0430561
5 7 1 -0.331766 -0.809825 -0.483854 -1.04873
3 8 1 0.790628 -0.532319 0.302562 0.826041
4 8 1 -0.118988 0.122697 0.985285 -0.731309
5 8 1 0.17703 -0.231364 0.956625 -0.0595263
3 6 2 0.158113 -0.771603 -0.61614 -0.234838
4 6 2 -0.0983065 -0.0500823 0.993895 -1.09649
5 6 2 -0.00708107 -0.4913 0.870961 0.269842
3 7 2 -0.734331 -0.570205 0.368273 0.190072
4 7 2 -0.729769 -0.642622 -0.233398 -0.293171
5 7 2 0.803546 -0.522158 -0.285772 0.428063
3 8 2 -0.152031 0.404628 -0.901755 0.939088
4 8 2 0.225037 0.0781993 0.971207 -0.385159
5 8 2 -0.00693897 -0.0336022 0.999411 -0.268542
6 6 0 0.202374 0.308871 -0.929324 -1.12179
7 6 0 0.697508 0.527007 0.485537 0.271009
8 6 0 -0.160069 0.154514 -0.974938 -1.81011
6 7 0 -0.0298929 0.0975931 0.994777 1.79253
7 7 0 -0.645229 0.105253 -0.756705 -0.0971611
8 7 0 -0.0433105 -0.00099278 -0.999061 0.3107
6 8 0 -0.322734 0.630405 -0.705997 -1.03016
7 8 0 0.526338 -0.155287 -0.835975 -0.707945
8 8 0 0.0993481 0.345423 0.933173 0.576531
6 6 1 -0.288764 0.217684 -0.932325 -0.884835
7 6 1 0.00832126 -0.0384703 0.999225 0.518073
8 6 1 -0.557099 -0.744366 -0.368185 0.63728
6 7 1 -0.749389 0.0335626 -0.661279 -0.666715
7 7 1 0.422751 -0.720801 -0.549297 -0.415156
8 7 1 0.834174 0.26465 -0.483854 0.671395
6 8 1 -0.606707 0.735094 0.302562 0.137392
7 8 1 -0.440737 -0.669325 -0.598126 0.601767
8 8 1 -0.260656 0.130106 0.956625 -0.178337
6 6 2 -0.460921 0.638688 -0.61614 -0.594643
7 6 2 0.0840869 0.0714269 0.993895 -0.887622
8 6 2 -0.334777 0.359653 0.870961 -0.138642
6 7 2 -0.650673 0.617752 0.441596 0.16596
7 7 2 -0.824378 -0.515681 -0.233398 -0.353171
8 7 2 -0.950519 0.0862447 0.298454 -0.378669
6 8 2 0.394906 0.175746 -0.901755 0.753308
7 8 2 -0.0404092 0.234785 0.971207 1.46321
8 8 2 -0.662305 0.340282 0.667502 -0.544813
0 0 3 -0.146138 0.339117 -0.929324 -1.63404
1 0 3 0.182971 0.327339 -0.927023 -0.295909
2 0 3 0.211587 -0.0687579 -0.974938 -0.519032
0 1 3 -0.0639473 0.0795534 0.994777 1.35025
1 1 3 0.904487 -0.297038 0.306058 -0.157458
2 1 3 0.0299124 -0.0313375 -0.999061 -0.779872
0 2 3 -0.527839 -0.47218 -0.705997 -0.423782
1 2 3 0.536806 0.113949 -0.835975 -0.882485
2 2 3 -0.16785 0.0603709 -0.983962 -0.97738
0 0 4 -0.356934 -0.0580413 -0.932325 -1.10224
1 0 4 0.0392596 0.00280946 0.999225 2.05353
2 0 4 0.596002 0.713598 -0.368185 0.55953
0 1 4 -0.251759 -0.706631 -0.661279 0.408851
1 1 4 0.445629 -0.706885 -0.549297 -0.248651
2 1 4 -0.265657 -0.833853 -0.483854 -1.05159
0 2 4 0.785221 0.540263 0.302562 0.150454
1 2 4 -0.0977893 0.795414 -0.598126 0.661465
2 2 4 0.060083 -0.28506 0.956625 0.760237
0 0 5 -0.280722 -0.735912 -0.61614 -0.860816
1 0 5 -0.557592 -0.502573 -0.660691 0.830671
2 0 5 0.066213 -0.48687 0.870961 0.670574
0 1 5 0.75515 0.542332 0.368273 -0.228286
1 1 5 -0.60702 0.759639 -0.233398 0.794896
2 1 5 -0.0737195 -0.951573 0.298454 -0.797992
0 2 5 0.991127 0.0865869 0.10085 -1.52955
1 2 5 -0.0487238 0.233201 0.971207 -0.354027
2 2 5 -0.022308 0.0260694 0.999411 -0.542002
3 0 3 -0.365872 0.202367 0.908397 0.775255
4 0 3 0.0175482 0.87404 0.485537 -0.275788
5 0 3 0.0713702 -0.21072 -0.974938 -0.787806
3 1 3 0.026322 0.0986162 0.994777 0.503043
4 1 3 0.913842 -0.266872 0.306058 -0.37126
5 1 3 0.0431809 0.00349217 -0.999061 -0.468458
3 2 3 -0.288285 -0.646885 -0.705997 -1.11512
4 2 3 0.44903 -0.423978 -0.786521 -1.0344
5 2 3 0.105271 0.144001 -0.983962 -0.853462
3 0 4 -0.333298 0.140297 -0.932325 0.0547776
4 0 4 -0.0389709 -0.00552022 0.999225 0.495665
5 0 4 -0.795179 0.481799 -0.368185 -0.243612
3 1 4 -0.361474 -0.657302 -0.661279 -1.28103
4 1 4 0.145159 -0.890549 -0.431105 -1.41845
5 1 4 -0.617701 -0.619944 -0.483854 -0.929743
3 2 4 -0.720614 -0.623837 0.302562 -0.576778
4 2 4 -0.469073 -0.649782 -0.598126 -0.0290982
5 2 4 -0.252735 0.144893 0.956625 0.824785
3 0 5 -0.352952 0.704128 -0.61614 0.51949
4 0 5 0.388003 -0.642606 -0.660691 0.658336
5 0 5 -0.473372 0.131701 0.870961 0.664278
3 1 5 0.093213 -0.925033 0.368273 -0.561147
4 1 5 0.781327 -0.578838 -0.233398 -1.21591
5 1 5 0.129805 -0.945556 0.298454 -0.98978
3 2 5 0.37791 -0.209813 -0.901755 0.742132
4 2 5 0.215747 0.101045 0.971207 1.10417
5 2 5 0.0219029 -0.0264107 0.999411 -1.52515
6 0 3 -0.927944 0.327428 -0.178075 -0.464626
7 0 3 0.0631632 0.871931 0.485537 -0.17309
8 0 3 -0.207525 0.0801875 -0.974938 -1.78172
6 1 3 0.0550916 -0.0859239 0.994777 1.04474
7 1 3 0.0978503 0.946971 0.306058 -0.522819
8 1 3 -0.0402032 0.0161399 -0.999061 -0.52088
6 2 3 0.687535 0.169892 -0.705997 -0.66346
7 2 3 -0.526788 -0.153753 -0.835975 -0.349922
8 2 3 -0.114583 -0.136707 -0.983962 -0.894835
6 0 4 -0.241619 -0.269056 -0.932325 -0.350515
7 0 4 0.0149489 -0.0364107 0.999225 1.36287
8 0 4 -0.913024 0.175577 -0.368185 -0.212595
6 1 4 0.510331 -0.570748 -0.64328 -0.66628
7 1 4 0.548656 0.716328 -0.431105 -0.381031
8 1 4 -0.464165 0.741914 -0.483854 -0.676419
6 2 4 0.815626 -0.493164 0.302562 0.324147
7 2 4 -0.345484 0.723109 -0.598126 0.305512
8 2 4 -0.152806 0.248031 0.956625 0.20995
6 0 5 -0.0900787 -0.782468 -0.61614 -0.388037
7 0 5 -0.39632 0.637509 -0.660691 0.251308
8 0 5 0.906523 -0.0403996 -0.420218 0.130949
6 1 5 -0.167473 -0.91451 0.368273 -1.22064
7 1 5 -0.111749 -0.965939 -0.233398 0.733728
8 1 5 0.80139 0.518362 0.298454 -0.413098
6 2 5 0.428697 0.0552849 -0.901755 0.45425
7 2 5 0.151729 0.183671 0.971207 1.00633
8 2 5 0.0216809 0.0265932 0.999411 -0.448454
0 3 3 -0.93505 0.306547 -0.178075 -0.226086
1 3 3 -0.867604 -0.107315 0.485537 0.297451
2 3 3 -0.14171 0.171508 -0.974938 -0.834429
0 4 3 0.000798861 0.102065 0.994777 0.97395
1 4 3 0.376697 -0.874316 0.306058 0.153686
2 4 3 -0.0244781 -0.0357437 -0.999061 -0.777507
0 5 3 0.311063 0.636245 -0.705997 -0.648877
1 5 3 -0.54203 0.085723 -0.835975 -0.998372
2 5 3 0.146455 -0.101829 -0.983962 -0.830098
0 3 4 0.277477 0.231899 -0.932325 -0.533915
1 3 4 0.0308312 -0.0244673 0.999225 0.820747
2 3 4 0.195777 -0.323582 -0.925725 0.0919545
0 4 4 0.738883 -0.129466 -0.661279 -0.561388
1 4 4 0.754058 0.360097 -0.549297 -0.456979
2 4 4 0.466992 -0.740138 -0.483854 -0.955544
0 5 4 0.953107 -0.00667005 0.302562 0.157222
1 5 4 0.11367 -0.7933 -0.598126 0.244497
2 5 4 0.280737 0.0778179 0.956625 0.622804
0 3 5 0.703028 -0.355138 -0.61614 0.133927
1 3 5 -0.0925729 -0.0600221 0.993895 -1.11246
2 3 5 0.200003 0.448804 0.870961 0.501793
0 4 5 -0.888966 0.27224 0.368273 1.05283
1 4 5 0.534349 -0.812401 -0.233398 0.20556
2 4 5 0.712394 -0.64096 -0.285772 -0.842676
0 5 5 -0.787155 -0.608076 0.103105 -0.663504
1 5 5 -0.237988 0.0108942 0.971207 0.6675
2 5 5 -0.0107759 -0.0325751 0.999411 -1.11045
3 3 3 -0.0748296 -0.981168 -0.178075 0.306337
4 3 3 0.772492 0.40928 0.485537 0.7951
5 3 3 0.204065 0.0886247 -0.974938 -1.51206
3 4 3 -0.0958749 0.0350143 0.994777 0.935667
4 4 3 -0.474839 -0.82514 0.306058 -0.24833
5 4 3 0.0252165 0.0352267 -0.999061 0.716384
3 5 3 0.573799 0.415118 -0.705997 -0.471463
4 5 3 -0.223914 -0.501007 -0.835975 0.292736
5 5 3 0.245391 0.262622 0.933173 0.745067
3 3 4 -0.256378 0.255032 -0.932325 -1.07191
4 3 4 -0.122056 0.923474 0.363727 0.770156
5 3 4 0.856759 -0.361114 -0.368185 0.845644
3 4 4 -0.258465 0.704206 -0.661279 0.20852
4 4 4 -0.176942 -0.884782 -0.431105 0.460943
5 4 4 -0.694844 -0.463253 0.55008 0.0721037
3 5 4 0.659828 -0.687811 0.302562 -0.242496
4 5 4 0.799896 0.049107 -0.598126 -0.0303909
5 5 4 0.286469 0.0529566 0.956625 -0.868953
3 3 5 -0.671409 0.411803 -0.61614 -0.838136
4 3 5 0.227093 0.715484 -0.660691 -0.528901
5 3 5 0.0928961 0.48249 0.870961 0.807316
3 4 5 -0.231122 0.0418917 -0.972022 -0.423896
4 4 5 0.0818848 0.968927 -0.233398 0.14735
5 4 5 -0.654146 -0.700305 -0.285772 0.401805
3 5 5 0.0108446 -0.994611 0.103105 -0.60639
4 5 5 0.0213209 -0.0275949 -0.999392 -0.681589
5 5 5 -0.0327106 -0.0103575 0.999411 0.969735
6 3 3 -0.367465 0.91283 -0.178075 -0.493102
7 3 3 -0.786328 0.382023 0.485537 0.273529
8 3 3 0.212323 0.0664497 -0.974938 -0.39333
6 4 3 -0.0886309 0.0506219 0.994777 0.888935
7 4 3 0.31996 -0.896635 0.306058 0.326749
8 4 3 -0.0395639 0.017649 -0.999061 0.218032
6 5 3 -0.234764 0.668172 -0.705997 -0.198322
7 5 3 -0.218672 -0.503317 -0.835975 0.180525
8 5 3 -0.0249599 0.358559 0.933173 0.653281
6 3 4 -0.316064 0.175711 -0.932325 -0.627787
7 3 4 -0.865284 -0.344944 0.363727 0.602159
8 3 4 -0.500974 0.78324 -0.368185 -1.13482
6 4 4 -0.643436 0.385617 -0.661279 0.672814
7 4 4 0.554183 -0.234293 -0.798741 0.148136
8 4 4 0.37215 0.792079 -0.483854 -1.36846
6 5 4 0.941424 0.14892 0.302562 0.629764
7 5 4 -0.788102 -0.145399 -0.598126 0.232707
8 5 4 -0.0878505 0.277761 0.956625 -0.578623
6 3 5 0.379248 0.69032 -0.61614 -0.500391
7 3 5 0.707359 0.251259 -0.660691 0.616997
8 3 5 -0.628617 0.654414 -0.420218 -0.424191
6 4 5 0.682204 -0.582744 0.441596 1.56696
7 4 5 -0.836479 0.495811 -0.233398 0.169088
8 4 5 0.516756 0.80703 -0.285772 -0.542405
6 5 5 0.406746 0.907704 0.103105 -0.0270506
7 5 5 -0.189887 0.853715 0.484885 -0.846137
8 5 5 0.0157387 0.0304885 0.999411 0.583893
0 6 3 0.524992 0.832269 -0.178075 -0.38033
1 6 3 -0.820061 -0.30291 0.485537 0.375429
2 6 3 0.0952603 -0.201053 -0.974938 -0.667589
0 7 3 0.0416475 0.0931852 0.994777 1.48992
1 7 3 -0.502083 0.418701 -0.756705 -1.37104
2 7 3 0.0432746 -0.00202469 -0.999061 -0.363771
0 8 3 0.166323 -0.688407 -0.705997 -0.325155
1 8 3 -0.530301 0.14116 -0.835975 -0.403852
2 8 3 0.152403 0.325516 0.933173 0.845296
0 6 4 -0.0101599 -0.36148 -0.932325 -0.40138
1 6 4 -0.64971 -0.667518 0.363727 -0.822121
2 6 4 -0.913455 -0.17332 -0.368185 0.113866
0 7 4 -0.285163 0.693824 -0.661279 -0.861899
1 7 4 -0.388003 0.459855 -0.798741 -0.695633
2 7 4 0.867987 0.111732 -0.483854 -0.675867
0 8 4 -0.924409 0.232217 0.302562 0.861348
1 8 4 0.402241 -0.693143 -0.598126 1.30074
2 8 4 -0.174947 0.232943 0.956625 -0.140096
0 6 5 -0.181257 -0.766496 -0.61614 -0.435965
1 6 5 -0.244356 -0.709773 -0.660691 -0.501431
2 6 5 0.655823 0.45453 -0.602742 0.0840096
0 7 5 -0.609695 0.701888 0.368273 0.392578
1 7 5 0.682764 -0.692358 -0.233398 0.279755
2 7 5 0.94535 -0.156998 -0.285772 -1.17965
0 8 5 0.788114 -0.606833 0.103105 0.609175
1 8 5 -0.0142803 0.237809 0.971207 0.0350219
2 8 5 -0.0292114 -0.0179987 0.999411 -0.759533
3 6 3 0.320347 -0.930412 -0.178075 -0.517083
4 6 3 -0.855077 0.181927 0.485537 0.0450455
5 6 3 -0.358842 0.234463 -0.903471 -0.0695901
3 7 3 0.013954 0.10111 0.994777 1.08784
4 7 3 0.859408 -0.409568 0.306058 0.80166
5 7 3 -0.0222821 0.0371524 -0.999061 -0.68868
3 8 3 -0.664076 -0.246111 -0.705997 0.417493
4 8 3 0.54479 0.0659455 -0.835975 0.302579
5 8 3 0.0745757 -0.162039 -0.983962 -0.851361
3 6 4 -0.189789 -0.58009 -0.792134 -1.15158
4 6 4 -0.926781 0.0936953 0.363727 -0.491928
5 6 4 -0.929749 -0.0024647 -0.368185 -0.815839
3 7 4 0.748061 -0.0558067 -0.661279 -0.130341
4 7 4 -0.53817 -0.269045 -0.798741 0.404311
5 7 4 -0.500384 -0.717984 -0.483854 -1.10748
3 8 4 -0.407356 -0.861695 0.302562 0.0449596
4 8 4 -0.1632 -0.0507794 0.985285 -0.7769
5 8 4 0.106553 0.271137 0.956625 -0.0890756
3 6 5 -0.757688 -0.215129 -0.61614 -0.694721
4 6 5 -0.572149 -0.485936 -0.660691 -0.282841
5 6 5 0.399108 0.690952 -0.602742 0.460668
3 7 5 0.108924 0.923315 0.368273 -0.1288
4 7 5 -0.0208508 -0.0303445 0.999322 0.0981387
5 7 5 -0.843269 0.447015 0.298454 -0.391871
3 8 5 -0.786552 0.608855 0.103105 -0.425252
4 8 5 0.0121064 0.237929 0.971207 -0.573142
5 8 5 0.0193805 -0.370101 0.928789 -1.52909
6 6 3 0.182533 0.966939 -0.178075 -0.202018
7 6 3 -0.441261 -0.754681 0.485537 -0.00427948
8 6 3 0.0505703 0.216655 -0.974938 0.135821
6 7 3 -0.0945119 -0.0385422 0.994777 0.840006
7 7 3 -0.845504 0.437552 0.306058 -0.497044
8 7 3 -0.0424652 0.00857299 -0.999061 -0.522649
6 8 3 -0.521544 -0.479124 -0.705997 -0.565649
7 8 3 -0.382076 0.393908 -0.835975 -0.885958
8 8 3 0.177956 0.0122502 -0.983962 -0.888246
6 6 4 0.0194994 -0.361096 -0.932325 -0.68679
7 6 4 -0.673144 -0.643879 0.363727 -0.156426
8 6 4 -0.0535345 0.92821 -0.368185 -0.33883
6 7 4 -0.584259 -0.494805 -0.64328 -0.594581
7 7 4 -0.537877 -0.269631 -0.798741 -1.16294
8 7 4 -0.79579 -0.364148 -0.483854 -0.81957
6 8 4 0.399354 0.865432 0.302562 0.186294
7 8 4 -0.189643 0.778641 -0.598126 -0.35197
8 8 4 0.106804 -0.271038 0.956625 0.904808
6 6 5 -0.430937 -0.659291 -0.61614 0.000206594
7 6 5 -0.335559 0.671482 -0.660691 -0.763595
8 6 5 -0.250442 0.872179 -0.420218 -0.977226
6 7 5 -0.691186 0.621801 0.368273 -0.57735
7 7 5 0.578503 0.781575 -0.233398 0.271235
8 7 5 -0.888756 0.347904 0.298454 -0.876823
6 8 5 0.46225 0.880735 0.103105 -0.746756
7 8 5 -0.240898 0.840747 0.484885 -1.18864
8 8 5 -0.366133 0.0574215 0.928789 -0.0101097
0 0 6 -0.36775 0.033415 -0.929324 -0.706514
1 0 6 0.539928 0.687555 0.485537 -0.414554
2 0 6 -0.110091 0.19333 -0.974938 -0.62624
0 1 6 0.0489574 0.089561 0.994777 1.00049
1 1 6 -0.0201695 0.0991126 0.994872 0.687387
2 1 6 0.0311326 -0.0301256 -0.999061 -0.117381
0 2 6 0.67776 -0.205449 -0.705997 -0.780526
1 2 6 -0.548663 -0.0106886 -0.835975 -0.0960169
2 2 6 -0.176822 0.0234997 -0.983962 -0.932305
0 0 7 -0.327399 0.153561 -0.932325 -0.745795
1 0 7 0.894448 0.260126 0.363727 0.284991
2 0 7 -0.313241 0.875397 -0.368185 -0.398437
0 1 7 -0.248577 -0.707756 -0.661279 0.117246
1 1 7 0.367885 -0.476102 -0.798741 0.171664
2 1 7 -0.0747531 0.87195 -0.483854 -1.27738
0 2 7 0.92938 -0.211445 0.302562 0.50462
1 2 7 -0.747849 0.288042 -0.598126 0.894541
2 2 7 0.0609899 0.284867 0.956625 0.431797
0 0 8 0.747857 0.247145 -0.61614 -0.951912
1 0 8 -0.27422 0.698779 -0.660691 -0.255646
2 0 8 -0.41742 -0.680046 -0.602742 -0.599677
0 1 8 -0.415094 0.831909 0.368273 -0.166733
1 1 8 -0.944146 0.232623 -0.233398 -0.893469
2 1 8 -0.136751 -0.086708 -0.986803 0.408479
0 2 8 0.081473 0.991328 0.103105 -0.448919
1 2 8 -0.214525 -0.103615 0.971207 -0.271723
2 2 8 0.366323 -0.0561964 0.928789 -0.532367
3 0 6 0.851666 -0.492904 -0.178075 -0.539611
4 0 6 0.722843 -0.491682 0.485537 -0.915791
5 0 6 -0.0129814 -0.2221 -0.974938 0.0804583
3 1 6 0.093252 0.0414978 0.994777 0.632511
4 1 6 0.0899861 -0.0461804 0.994872 0.642494
5 1 6 -0.0384217 -0.0200141 -0.999061 1.3158
3 2 6 -0.640824 -0.301517 -0.705997 -0.61661
4 2 6 -0.46746 0.287448 -0.835975 0.776389
5 2 6 -0.139949 -0.331061 0.933173 0.722675
3 0 7 0.287721 -0.21906 -0.932325 -0.773176
4 0 7 -0.0312604 -0.930981 0.363727 -0.531002
5 0 7 -0.653058 -0.661782 -0.368185 -1.23438
3 1 7 0.149254 0.735141 -0.661279 -0.592383
4 1 7 0.536045 -0.273255 -0.798741 -0.161473
5 1 7 -0.83497 0.0153773 0.55008 0.901761
3 2 7 -0.92896 -0.213285 0.302562 0.670461
4 2 7 0.574933 -0.558299 -0.598126 0.50624
5 2 7 -0.240944 0.163752 0.956625 -0.555791
3 0 8 -0.105486 -0.780541 -0.61614 -0.744779
4 0 8 -0.649641 -0.376105 -0.660691 0.131232
5 0 8 0.0127906 -0.434913 -0.900382 -1.14426
3 1 8 0.319555 0.838378 0.441596 -0.119156
4 1 8 0.905594 0.354154 -0.233398 -0.342638
5 1 8 -0.138515 -0.0838625 -0.986803 0.823752
3 2 8 0.870814 0.480679 0.103105 0.343301
4 2 8 -0.200963 0.127947 0.971207 0.0252394
5 2 8 -0.0101746 0.370469 0.928789 -0.347409
6 0 6 -0.391501 -0.902782 -0.178075 -0.792268
7 0 6 0.35182 -0.129815 -0.927023 -0.606099
8 0 6 0.198589 -0.100294 -0.974938 -2.38762
6 1 6 -0.00333323 -0.102014 0.994777 0.552443
7 1 6 0.0545509 -0.0851723 0.994872 1.36018
8 1 6 0.0409084 0.0142582 -0.999061 -0.171733
6 2 6 -0.698378 0.117627 -0.705997 0.549603
7 2 6 0.429715 0.341307 -0.835975 0.872277
8 2 6 -0.0210212 0.177134 -0.983962 -0.823624
6 0 7 -0.224029 -0.283869 -0.932325 -0.765346
7 0 7 -0.0680827 -0.929014 0.363727 0.142819
8 0 7 0.109209 0.923317 -0.368185 0.194866
6 1 7 0.7333 0.158055 -0.661279 0.0084727
7 1 7 0.0514873 -0.599468 -0.798741 -0.0803237
8 1 7 0.874589 0.0312901 -0.483854 0.0735826
6 2 7 0.726833 -0.616579 0.302562 0.0400531
7 2 7 -0.170332 0.0141437 0.985285 -0.382208
8 2 7 -0.203717 0.208251 0.956625 -0.483032
6 0 8 0.277379 0.737178 -0.61614 -0.79637
7 0 8 -0.0677186 -0.087101 0.993895 1.10368
8 0 8 0.335839 -0.276631 -0.900382 0.383237
6 1 8 0.897123 0.244017 0.368273 -0.318029
7 1 8 0.880618 -0.412355 -0.233398 0.026747
8 1 8 -0.65191 0.378087 0.657315 0.359083
6 2 8 -0.221029 -0.969802 0.103105 0.192865
7 2 8 0.232648 0.0512994 0.971207 -0.883272
8 2 8 0.149404 -0.339159 0.928789 -0.0652453
0 3 6 -0.0829753 -0.980512 -0.178075 0.138879
1 3 6 -0.156295 0.860131 0.485537 0.312839
2 3 6 -0.174179 0.138414 -0.974938 -0.65748
0 4 6 0.0258831 0.0987323 0.994777 0.632076
1 4 6 -0.0978311 -0.0256748 0.994872 0.770164
2 4 6 0.0179077 -0.0394475 -0.999061 0.52009
0 5 6 -0.361132 -0.609222 -0.705997 0.0805514
1 5 6 0.471382 0.28097 -0.835975 1.12575
2 5 6 -0.227188 -0.278519 0.933173 0.652723
0 3 7 0.187005 0.309516 -0.932325 -0.108567
1 3 7 0.930146 0.0503068 0.363727 1.04492
2 3 7 0.697858 0.614357 -0.368185 -1.13612
0 4 7 0.7459 0.386511 -0.542442 -0.912771
1 4 7 -0.469372 0.376433 -0.798741 0.177565
2 4 7 0.833411 0.267042 -0.483854 0.152538
0 5 7 0.944421 0.128555 0.302562 -0.596764
1 5 7 0.662674 0.450677 -0.598126 0.260357
2 5 7 -0.208239 -0.203729 0.956625 -0.20677
0 3 8 -0.720692 0.317764 -0.61614 -0.8408
1 3 8 -0.736115 0.147046 -0.660691 -0.426388
2 3 8 -0.168524 0.401139 -0.900382 -0.558717
0 4 8 0.423384 -0.82772 0.368273 0.353813
1 4 8 -0.816345 -0.528305 -0.233398 -1.09598
2 4 8 -0.269944 -0.70361 0.657315 0.209316
0 5 8 0.713629 0.692894 0.103105 -0.212219
1 5 8 -0.218826 0.0941916 0.971207 -0.119174
2 5 8 0.199388 0.312402 0.928789 -1.00417
3 3 6 0.871252 0.457393 -0.178075 0.782101
4 3 6 -0.684147 0.54424 0.485537 0.923608
5 3 6 -0.135184 -0.176697 -0.974938 0.159432
3 4 6 -0.0972291 0.0310566 0.994777 1.87697
4 4 6 -0.030965 -0.949689 -0.31166 0.564914
5 4 6 -0.0277334 0.0332814 -0.999061 -2.0044
3 5 6 -0.476848 -0.523626 -0.705997 -0.325845
4 5 6 0.321841 -0.444482 -0.835975 -2.00622
5 5 6 0.0654895 0.16592 -0.983962 -0.778113
3 3 7 -0.359347 0.0405082 -0.932325 -0.57741
4 3 7 0.8638 0.348643 0.363727 1.12595
5 3 7 0.242964 -0.897446 -0.368185 0.127139
3 4 7 -0.840075 -0.00555077 -0.542442 -0.774077
4 4 7 -0.207939 0.564601 -0.798741 -0.578411
5 4 7 -0.610072 0.627453 -0.483854 -0.294949
3 5 7 -0.881741 0.361924 0.302562 0.724999
4 5 7 0.57273 -0.560559 -0.598126 0.271111
5 5 7 0.151725 0.248694 0.956625 0.768869
3 3 8 -0.768836 0.171062 -0.61614 -1.53908
4 3 8 -0.639357 -0.393332 -0.660691 0.0496035
5 3 8 -0.43271 -0.0455534 -0.900382 -0.562938
3 4 8 -0.722989 0.584518 0.368273 0.0745218
4 4 8 0.946093 0.224573 -0.233398 0.517985
5 4 8 -0.0402227 0.752541 0.657315 -0.327755
3 5 8 0.422312 -0.900567 0.103105 0.632126
4 5 8 0.176466 0.160052 0.971207 0.59372
5 5 8 -0.0956987 0.358039 0.928789 -1.15692
6 3 6 -0.349966 -0.919681 -0.178075 -0.579557
7 3 6 0.183029 -0.854841 0.485537 1.07429
8 3 6 -0.0920501 -0.202543 -0.974938 -0.730546
6 4 6 -0.317572 -0.371411 -0.872469 -1.34868
7 4 6 -0.350504 0.883185 -0.31166 -0.49962
8 4 6 0.0159144 0.0402929 -0.999061 -1.1065
6 5 6 0.539578 -0.45872 -0.705997 -0.734572
7 5 6 -0.433327 0.33671 -0.835975 -1.19945
8 5 6 -0.157924 -0.0829352 -0.983962 -0.846157
6 3 7 0.327301 0.153769 -0.932325 -0.219747
7 3 7 -0.759891 0.538765 0.363727 0.416313
8 3 7 0.458976 0.10861 0.881785 0.771776
6 4 7 -0.243607 -0.803998 -0.542442 -1.27128
7 4 7 0.601573 -0.0110383 -0.798741 0.111723
8 4 7 0.869776 -0.0968213 -0.483854 -0.731503
6 5 7 -0.610728 -0.731757 0.302562 -0.947294
7 5 7 -0.769969 0.222247 -0.598126 0.381669
8 5 7 0.290109 -0.0265657 0.956625 0.422355
6 3 8 0.117159 -0.778874 -0.61614 -1.25217
7 3 8 -0.06201 -0.0912533 0.993895 -0.577053
8 3 8 0.435092 0.00281562 -0.900382 0.954354
6 4 8 -0.0638304 -0.927524 0.368273 -1.07499
7 4 8 0.0021041 -0.0367576 0.999322 -0.847877
8 4 8 0.0246684 -0.0157368 0.999572 -0.899511
6 5 8 0.27329 -0.95639 0.103105 -0.671017
7 5 8 -0.205863 -0.119904 0.971207 -0.780446
8 5 8 0.114178 0.352582 0.928789 -0.549006
0 6 6 0.808068 0.561529 -0.178075 1.19788
1 6 6 -0.851349 0.19864 0.485537 0.756535
2 6 6 -0.222393 -0.00616931 -0.974938 -0.438167
0 7 6 -0.0213619 0.0998082 0.994777 1.19077
1 7 6 0.54304 0.779728 -0.31166 -0.120564
2 7 6 0.0141914 -0.0409316 -0.999061 -1.04984
0 8 6 0.630255 -0.323026 -0.705997 -0.832843
1 8 6 0.0997921 0.539617 -0.835975 -0.830814
2 8 6 0.00337711 0.178345 -0.983962 -0.800245
0 6 7 -0.879428 -0.42122 0.221766 0.179752
1 6 7 -0.926959 -0.0919257 0.363727 -1.03292
2 6 7 -0.925584 0.0879403 -0.368185 -0.746159
0 7 7 -0.306799 -0.782069 -0.542442 -0.147206
1 7 7 -0.596529 0.0785212 -0.798741 -1.16332
2 7 7 -0.653954 0.581575 -0.483854 -0.457714
0 8 7 0.691334 0.656136 0.302562 0.456278
1 8 7 0.23724 -0.765482 -0.598126 0.598331
2 8 7 -0.252755 -0.144859 0.956625 0.818166
0 6 8 -0.529224 0.583346 -0.61614 -0.235774
1 6 8 -0.323909 -0.677178 -0.660691 0.078117
2 6 8 -0.0628778 0.430533 -0.900382 -0.14707
0 7 8 0.68365 -0.630077 0.368273 0.247745
1 7 8 -0.151273 0.960542 -0.233398 0.621777
2 7 8 0.0223243 0.0189157 0.999572 -0.266767
0 8 8 0.925714 0.3639 0.103105 -1.61857
1 8 8 0.133778 -0.19713 0.971207 0.729615
2 8 8 0.295074 -0.224236 0.928789 -0.731683
3 6 6 0.211137 -0.961099 -0.178075 -0.911851
4 6 6 0.764383 -0.424231 0.485537 -0.371355
5 6 6 -0.171931 -0.141196 -0.974938 -1.65216
3 7 6 0.0754578 -0.0687323 0.994777 1.11411
4 7 6 0.185725 -0.931866 -0.31166 -0.89973
5 7 6 -0.0148492 -0.0406975 -0.999061 0.173736
3 8 6 -0.0374377 -0.707224 -0.705997 -0.220853
4 8 6 0.269589 -0.477982 -0.835975 -0.54021
5 8 6 0.334996 -0.13025 0.933173 0.847203
3 6 7 0.8488 -0.479956 0.221766 -0.341758
4 6 7 0.807103 -0.465067 0.363727 -0.615527
5 6 7 -0.928358 -0.0509126 -0.368185 0.2159
3 7 7 0.824238 -0.162449 -0.542442 0.373625
4 7 7 -0.0485161 -0.599715 -0.798741 -1.27278
5 7 7 0.804962 0.343396 -0.483854 0.0752827
3 8 7 -0.589354 0.792441 -0.157156 0.923178
4 8 7 0.737684 -0.313158 -0.598126 -0.419959
5 8 7 -0.284998 0.0603748 0.956625 -0.00315994
3 6 8 -0.0215229 -0.787342 -0.61614 -0.704901
4 6 8 -0.435497 -0.611417 -0.660691 -0.628765
5 6 8 0.202857 -0.384918 -0.900382 -0.420888
3 7 8 -0.290865 0.883047 0.368273 0.0741219
4 7 8 -0.896517 -0.37654 -0.233398 -0.541671
5 7 8 -0.023532 -0.0173903 0.999572 0.695069
3 8 8 0.790499 0.603722 0.103105 0.220495
4 8 8 -0.0449066 -0.487523 -0.871955 -0.707043
5 8 8 -0.258093 0.265967 0.928789 0.141213
6 6 6 -0.203669 0.308019 -0.929324 -0.274429
7 6 6 0.424278 0.764357 0.485537 0.521374
8 6 6 0.222385 -0.0064681 -0.974938 -1.37307
6 7 6 -0.006614 0.101854 0.994777 1.56495
7 7 6 -0.308323 -0.89878 -0.31166 0.686606
8 7 6 -0.0312996 0.0299521 -0.999061 -0.796718
6 8 6 -0.410424 0.577165 -0.705997 0.657155
7 8 6 0.0743823 0.543703 -0.835975 -0.939434
8 8 6 0.164109 -0.0699031 -0.983962 -0.878307
6 6 7 -0.9275 -0.300938 0.221766 0.39114
7 6 7 0.699943 0.614639 0.363727 0.751626
8 6 7 0.352864 -0.86019 -0.368185 -0.263319
6 7 7 0.833827 0.102423 -0.542442 0.179535
7 7 7 0.144484 -0.584069 -0.798741 -0.375072
8 7 7 -0.866635 -0.121773 -0.483854 -0.372383
6 8 7 0.905288 -0.298178 0.302562 0.981901
7 8 7 -0.576955 0.431253 0.693645 0.994047
8 8 7 -0.185193 -0.224883 0.956625 0.219418
6 6 8 0.660918 -0.428438 -0.61614 -0.781006
7 6 8 0.615988 -0.429007 -0.660691 -0.456564
8 6 8 -0.203719 -0.384462 -0.900382 -0.352501
6 7 8 -0.929443 -0.0226177 0.368273 -0.138968
7 7 8 -0.590558 -0.772507 -0.233398 -1.02118
8 7 8 -0.0203561 0.0210192 0.999572 0.718461
6 8 8 -0.895638 0.432667 0.103105 -0.328099
7 8 8 -0.0838515 -0.482352 -0.871955 0.811821
8 8 8 0.228768 0.291574 0.928789 -0.605789
