Position_x Position_y Position_z Spin_x Spin_y Spin_z Spin_energy Temperature n_spins
0 0 0 0.22049 0.759413 0.612108 0.516394 1.201 729
1 0 0 -0.335009 -0.168518 -0.927023 -1.53823
2 0 0 0.106764 0.41514 -0.903471 -1.62777
0 1 0 0.102015 -0.00330479 0.994777 0.19072
1 1 0 -0.590664 -0.280204 -0.756705 -0.171355
2 1 0 -0.239463 -0.270636 0.932423 1.58546
0 2 0 -0.751561 0.358981 -0.553433 0.0603174
1 2 0 0.0210494 0.427594 0.903726 0.00848261
2 2 0 0.211919 0.290306 0.933173 -0.879907
0 0 1 0.334272 0.13796 -0.932325 -1.13123
1 0 1 0.509759 0.240013 -0.82616 -2.31835
2 0 1 0.486947 0.284129 -0.825926 -1.86913
0 1 1 -0.650372 0.403989 -0.64328 -0.475616
1 1 1 -0.0154602 -0.00752481 -0.999852 -1.8238
2 1 1 -0.568982 0.669947 -0.476897 -0.531909
0 2 1 0.46776 0.830456 0.302562 0.478363
1 2 1 -0.784222 -0.165052 -0.598126 0.419769
2 2 1 -0.095028 0.141831 0.985319 0.126556
0 0 2 -0.149836 0.773253 -0.61614 -1.08239
1 0 2 0.0359779 -0.236551 -0.970953 -1.93229
2 0 2 0.606103 -0.455282 -0.652195 -2.04837
0 1 2 0.230128 0.0470486 -0.972022 -1.80171
1 1 2 0.34114 0.910576 -0.233398 -1.04186
2 1 2 -0.405431 0.537246 -0.739589 -1.03527
0 2 2 -0.423378 0.0871109 -0.901755 -0.788845
1 2 2 0.0131646 -0.0322917 -0.999392 -1.37414
2 2 2 0.0214567 0.0267744 0.999411 -0.0408517
3 0 0 -0.366463 0.0454045 -0.929324 -1.89337
4 0 0 0.96064 0.218621 0.171395 0.265108
5 0 0 0.0795589 -0.207767 -0.974938 -1.58086
3 1 0 0.459645 0.165904 -0.872469 -1.78216
4 1 0 0.446396 0.204997 -0.871038 -2.03634
5 1 0 -0.0765743 0.710753 -0.699261 -1.76371
3 2 0 0.368381 0.0914889 -0.925162 -1.80864
4 2 0 0.0272724 0.100972 -0.994515 -1.94577
5 2 0 0.178244 0.00687722 -0.983962 -2.35855
3 0 1 -0.317779 0.17259 -0.932325 -1.22176
4 0 1 0.523692 -0.207864 -0.82616 -1.39459
5 0 1 -0.909275 -0.312369 -0.275038 -1.09702
3 1 1 0.700917 0.267255 -0.661279 -1.52098
4 1 1 -0.303091 -0.778722 -0.549297 -1.16968
5 1 1 -0.861684 -0.173409 -0.476897 -0.991461
3 2 1 0.251432 0.551611 -0.795304 -1.43226
4 2 1 0.556345 -0.576824 -0.598126 -0.875451
5 2 1 -0.130256 0.89603 -0.424456 -0.33345
3 0 2 0.488493 -0.617856 -0.61614 -1.72211
4 0 2 -0.137596 0.195749 -0.970953 -1.47086
5 0 2 -0.601325 -0.461574 -0.652195 -1.36704
3 1 2 0.155372 -0.176159 -0.972022 -2.43987
4 1 2 0.165693 0.071968 -0.983548 -1.67232
5 1 2 0.73406 -0.616027 -0.285772 -0.0782911
3 2 2 0.027994 0.431339 -0.901755 -1.20526
4 2 2 0.85326 0.191921 0.484885 0.329871
5 2 2 0.0292642 0.0179127 0.999411 1.3991
6 0 0 0.199693 0.310611 -0.929324 -2.09848
7 0 0 0.983665 -0.0550173 0.171395 0.556153
8 0 0 0.425552 0.0514343 -0.903471 -0.0980335
6 1 0 -0.486193 -0.0491327 -0.872469 -1.95441
7 1 0 -0.552314 -0.349783 -0.756705 -1.02673
8 1 0 -0.102277 0.346592 0.932423 1.0264
6 2 0 0.410602 0.72465 -0.553433 -0.640302
7 2 0 -0.373167 -0.492069 -0.786521 -1.23263
8 2 0 0.167225 -0.0620812 -0.983962 0.337332
6 0 1 -0.329135 -0.149803 -0.932325 -1.28535
7 0 1 -0.957169 0.271938 -0.0993836 0.188024
8 0 1 0.342635 -0.160111 -0.925725 -0.83249
6 1 1 -0.088173 0.74494 -0.661279 -1.56798
7 1 1 -0.0148234 -0.00871259 -0.999852 -0.976547
8 1 1 -0.834407 -0.0342986 0.55008 0.529499
6 2 1 -0.963282 0.217691 -0.157156 -1.06712
7 2 1 -0.800519 0.0376088 -0.598126 -1.59938
8 2 1 -7.32165e-05 0.291323 0.956625 -0.118319
6 0 2 0.139494 0.775185 -0.61614 -1.32498
7 0 2 -0.0587002 -0.231959 -0.970953 -1.76632
8 0 2 -0.649443 -0.390981 -0.652195 -1.12154
6 1 2 -0.233329 0.0270207 -0.972022 -1.85073
7 1 2 -0.953752 0.189427 -0.233398 -0.206015
8 1 2 0.95078 0.119799 -0.285772 0.882675
6 2 2 0.122462 -0.414536 -0.901755 -1.06185
7 2 2 -0.0137525 0.0320457 -0.999392 -1.32773
8 2 2 -0.0141925 0.0312383 0.999411 0.709733
0 3 0 0.27019 0.251702 -0.929324 -1.70419
1 3 0 -0.280112 -0.828125 0.485537 0.419076
2 3 0 0.0218424 -0.221404 -0.974938 -0.722614
0 4 0 -0.0783845 -0.0750067 -0.994098 -2.38897
1 4 0 -0.637302 -0.145753 -0.756705 -1.33218
2 4 0 0.244129 0.671889 -0.699261 -2.0041
0 5 0 0.466107 0.533209 -0.705997 -2.14803
1 5 0 -0.558542 0.26347 -0.786521 -2.39027
2 5 0 0.0900446 0.153981 -0.983962 -2.34476
0 3 1 0.608865 -0.042508 -0.792134 -1.52888
1 3 1 0.56984 -0.815724 -0.0993836 -0.890459
2 3 1 0.865245 -0.340282 -0.368185 -0.688112
0 4 1 0.651207 -0.402642 -0.64328 -1.70029
1 4 1 0.827244 0.118065 -0.549297 -1.14145
2 4 1 -0.114738 0.0644775 -0.991301 -1.34661
0 5 1 0.601923 0.0719811 -0.795304 -2.36144
1 5 1 -0.63626 0.487256 -0.598126 -1.42262
2 5 1 0.298499 0.854831 -0.424456 -1.13657
0 3 2 0.521063 -0.590647 -0.61614 -0.133531
1 3 2 -0.149054 0.187172 -0.970953 0.0354969
2 3 2 0.407595 0.274394 0.870961 0.848536
0 4 2 0.917678 0.149139 0.368273 -1.15075
1 4 2 0.956737 -0.290549 -0.0153434 -1.47909
2 4 2 0.868526 -0.404966 -0.285772 -0.641345
0 5 2 0.294969 0.31596 -0.901755 -1.35859
1 5 2 -0.0348125 0.00203635 -0.999392 -1.2138
2 5 2 0.0173972 -0.0295736 0.999411 1.12264
3 3 0 -0.226236 0.291846 -0.929324 -1.8177
4 3 0 -0.207978 -0.849116 0.485537 0.892076
5 3 0 0.197469 -0.102482 -0.974938 -2.18581
3 4 0 -0.115205 0.474896 -0.872469 -1.81507
4 4 0 0.0193546 -0.65347 -0.756705 -1.4907
5 4 0 0.185116 -0.404102 -0.895787 -1.44247
3 5 0 -0.708064 -0.0146048 -0.705997 -0.797758
4 5 0 0.61751 0.00819912 -0.786521 -2.03064
5 5 0 -0.0868251 -0.155819 -0.983962 -2.2857
3 3 1 -0.0844315 -0.351628 -0.932325 -1.27491
4 3 1 0.97703 0.18851 -0.0993836 0.208469
5 3 1 -0.000520154 0.000255478 -1 -1.76346
3 4 1 0.723009 0.199919 -0.661279 -1.01247
4 4 1 -0.606966 -0.574339 -0.549297 0.417641
5 4 1 -0.251118 0.838346 -0.483854 -0.2833
3 5 1 0.0432812 0.952147 0.302562 -0.195763
4 5 1 0.698473 0.392914 -0.598126 -0.156599
5 5 1 0.484116 -0.765159 -0.424456 -0.265139
3 3 2 -0.227214 0.754152 -0.61614 -0.795659
4 3 2 -0.0475233 0.234504 -0.970953 -0.427527
5 3 2 0.622465 -0.432642 -0.652195 -1.2466
3 4 2 -0.214971 -0.0946562 -0.972022 -0.557669
4 4 2 -0.178962 0.983736 -0.0153434 -0.170549
5 4 2 0.683018 0.672176 -0.285772 -1.47514
3 5 2 0.0106979 0.432115 -0.901755 -0.721078
4 5 2 -0.874574 0.0024896 0.484885 1.24549
5 5 2 0.211283 0.526258 -0.823658 -0.967895
6 3 0 0.263796 -0.258396 -0.929324 -2.30552
7 3 0 0.0974359 -0.362126 -0.927023 -1.4568
8 3 0 0.136589 -0.175614 -0.974938 -2.43295
6 4 0 -0.397999 -0.283539 -0.872469 -1.94202
7 4 0 -0.313413 -0.37824 -0.871038 -2.22545
8 4 0 -0.0123591 -0.71476 -0.699261 -1.87181
6 5 0 0.389569 0.591442 -0.705997 -0.77458
7 5 0 -0.38599 0.482076 -0.786521 -0.789249
8 5 0 0.172804 -0.0442371 -0.983962 -1.45378
6 3 1 -0.578947 0.193245 -0.792134 -1.80652
7 3 1 -0.992353 0.0732049 -0.0993836 -1.49059
8 3 1 -0.655015 0.659845 -0.368185 -0.844532
6 4 1 -0.587553 -0.46636 -0.661279 -1.39367
7 4 1 -0.835433 0.0180201 -0.549297 -2.48209
8 4 1 -0.320455 0.814367 -0.483854 -0.858547
6 5 1 0.550893 -0.7778 0.302562 0.66955
7 5 1 -0.759046 -0.257089 -0.598126 -0.187832
8 5 1 0.211835 -0.139217 -0.967339 -1.04549
6 3 2 0.786128 0.0487157 -0.61614 -1.51923
7 3 2 0.238949 -0.0124073 -0.970953 -0.0575427
8 3 2 -0.306391 0.384123 0.870961 1.02893
6 4 2 0.229769 0.0487684 -0.972022 -1.85928
7 4 2 -0.971357 -0.0446167 -0.233398 -0.302967
8 4 2 0.757569 0.586876 -0.285772 -0.0677417
6 5 2 0.247084 0.354665 -0.901755 -1.12748
7 5 2 0.231425 -0.0565631 0.971207 0.504554
8 5 2 0.0096378 0.0329298 0.999411 1.31168
0 6 0 0.139296 0.341984 -0.929324 -1.46897
1 6 0 -0.319107 -0.196978 -0.927023 -2.48479
2 6 0 -0.194166 -0.108612 -0.974938 -2.77531
0 7 0 0.101062 0.0142986 0.994777 2.51437
1 7 0 0.621428 0.203041 -0.756705 -1.09144
2 7 0 -0.0307693 -0.0304965 -0.999061 -1.27056
0 8 0 0.578437 0.40863 -0.705997 0.424634
1 8 0 -0.61738 0.0150809 -0.786521 -1.59502
2 8 0 0.175164 0.0337016 -0.983962 -1.14775
0 6 1 0.360391 -0.0298211 -0.932325 -1.95694
1 6 1 -0.532058 -0.185403 -0.82616 -2.35537
2 6 1 0.376866 -0.0317191 -0.925725 -1.83003
0 7 1 -0.718265 0.216346 -0.661279 -0.257529
1 7 1 -0.0169346 -0.00297667 -0.999852 -2.33043
2 7 1 0.395748 0.547626 -0.737217 -1.62928
0 8 1 -0.071003 -0.950481 0.302562 0.359291
1 8 1 0.263528 -0.756835 -0.598126 -1.43711
2 8 1 0.8735 -0.37833 0.306374 -0.626074
0 6 2 0.787583 0.00913418 -0.61614 -1.97406
1 6 2 -0.237823 0.0262829 -0.970953 -2.46374
2 6 2 -0.617703 0.664725 -0.420218 -0.0604814
0 7 2 -0.0509507 0.229295 -0.972022 -2.52617
1 7 2 0.0217991 0.179328 -0.983548 -2.49198
2 7 2 0.642213 -0.711265 -0.285772 -0.332072
0 8 2 -0.233746 0.363594 -0.901755 -1.53349
1 8 2 -0.00525137 -0.0344744 -0.999392 -2.52867
2 8 2 0.056025 -0.774039 -0.630655 -1.61323
3 6 0 -0.0758768 0.361385 -0.929324 -2.28442
4 6 0 0.184544 0.326455 -0.927023 -2.54784
5 6 0 -0.188693 -0.117862 -0.974938 -2.54952
3 7 0 0.283414 0.928817 0.238695 -0.956545
4 7 0 0.339215 0.355284 -0.871038 -1.94044
5 7 0 -0.0378125 0.0211425 -0.999061 -2.68962
3 8 0 -0.301211 0.640968 -0.705997 -0.672938
4 8 0 0.528888 -0.318846 -0.786521 -1.95939
5 8 0 0.131737 -0.120265 -0.983962 -0.755804
3 6 1 -0.34423 -0.110798 -0.932325 -1.71981
4 6 1 -0.414651 -0.381477 -0.82616 -1.91435
5 6 1 -0.86498 0.340955 -0.368185 -0.940406
3 7 1 0.656237 0.363405 -0.661279 -1.12141
4 7 1 -0.686284 -0.476746 -0.549297 -1.48052
5 7 1 -0.331766 -0.809825 -0.483854 -1.04873
3 8 1 0.790628 -0.532319 0.302562 0.213725
4 8 1 0.43084 -0.675739 -0.598126 -1.41628
5 8 1 0.17703 -0.231364 0.956625 1.4747
3 6 2 0.164852 0.0635253 -0.98427 -2.15632
4 6 2 -0.0174393 0.238635 -0.970953 -0.634289
5 6 2 -0.646081 -0.637178 -0.420218 -0.612671
3 7 2 -0.105892 0.209664 -0.972022 -0.979785
4 7 2 -0.729769 -0.642622 -0.233398 -0.771142
5 7 2 0.803546 -0.522158 -0.285772 -0.467676
3 8 2 -0.152031 0.404628 -0.901755 -0.948929
4 8 2 -0.59955 -0.602572 -0.526732 -1.34292
5 8 2 0.127807 0.150155 -0.980367 -1.1029
6 6 0 0.202374 0.308871 -0.929324 -2.0217
7 6 0 0.697508 0.527007 0.485537 0.752505
8 6 0 -0.160069 0.154514 -0.974938 -1.81011
6 7 0 0.0357833 -0.102419 -0.994098 -1.78133
7 7 0 -0.645229 0.105253 -0.756705 -0.817942
8 7 0 -0.0433105 -0.00099278 -0.999061 0.3107
6 8 0 -0.322734 0.630405 -0.705997 -1.65859
7 8 0 0.526338 -0.155287 -0.835975 -0.707945
8 8 0 0.0993481 0.345423 0.933173 1.15126
6 6 1 -0.288764 0.217684 -0.932325 -0.884835
7 6 1 0.00832126 -0.0384703 0.999225 0.518073
8 6 1 -0.557099 -0.744366 -0.368185 0.316391
6 7 1 -0.749389 0.0335626 -0.661279 -1.45449
7 7 1 0.422751 -0.720801 -0.549297 -0.702147
8 7 1 0.834174 0.26465 -0.483854 -0.641779
6 8 1 -0.606707 0.735094 0.302562 0.137392
7 8 1 -0.440737 -0.669325 -0.598126 -0.95321
8 8 1 0.444053 -0.895516 0.0294753 -0.949342
6 6 2 -0.460921 0.638688 -0.61614 -1.2966
7 6 2 0.0840869 0.0714269 0.993895 0.0960512
8 6 2 0.44408 0.791334 -0.420218 -0.313877
6 7 2 0.154938 0.17654 -0.972022 -1.56717
7 7 2 0.532249 -0.82814 0.175768 0.11291
8 7 2 0.639228 0.210703 -0.739589 -1.99001
6 8 2 0.394906 0.175746 -0.901755 -1.82253
7 8 2 0.0237278 0.0255548 -0.999392 -2.00962
8 8 2 0.318476 -0.469213 -0.823658 -2.01259
0 0 3 0.776997 -0.14697 0.612108 1.79627
1 0 3 0.182971 0.327339 -0.927023 -1.99451
2 0 3 0.211587 -0.0687579 -0.974938 -2.52972
0 1 3 -0.218664 -0.437017 -0.872469 -1.67074
1 1 3 0.493272 0.429047 -0.756705 -1.95886
2 1 3 0.0299124 -0.0313375 -0.999061 -1.4982
0 2 3 -0.527839 -0.47218 -0.705997 -1.71628
1 2 3 -0.0979465 0.0366827 -0.994515 -0.944136
2 2 3 -0.314501 0.174001 0.933173 0.883324
0 0 4 -0.356934 -0.0580413 -0.932325 -0.961148
1 0 4 0.427986 0.366454 -0.82616 -1.69227
2 0 4 0.596002 0.713598 -0.368185 -0.151162
0 1 4 -0.251759 -0.706631 -0.661279 -1.36173
1 1 4 0.445629 -0.706885 -0.549297 -0.651709
2 1 4 -0.265657 -0.833853 -0.483854 -1.05159
0 2 4 0.987031 0.0327351 -0.157156 -0.327231
1 2 4 -0.0977893 0.795414 -0.598126 0.687975
2 2 4 0.060083 -0.28506 0.956625 -0.136152
0 0 5 0.0950002 0.148952 -0.98427 -1.87519
1 0 5 -0.557592 -0.502573 -0.660691 -0.845415
2 0 5 -0.907165 0.021638 -0.420218 -0.53959
0 1 5 0.0133586 0.234508 -0.972022 -1.73733
1 1 5 -0.60702 0.759639 -0.233398 0.348263
2 1 5 -0.0737195 -0.951573 0.298454 0.152902
0 2 5 0.554071 -0.74544 -0.370573 -0.772279
1 2 5 -0.0487238 0.233201 0.971207 -0.038735
2 2 5 -0.022308 0.0260694 0.999411 0.230801
3 0 3 0.535789 0.170709 -0.826915 -1.55412
4 0 3 0.0175482 0.87404 0.485537 1.04807
5 0 3 0.0713702 -0.21072 -0.974938 -1.53129
3 1 3 0.406005 -0.271953 -0.872469 -2.49745
4 1 3 0.637696 0.144023 -0.756705 -1.74028
5 1 3 0.0431809 0.00349217 -0.999061 -2.23626
3 2 3 -0.288285 -0.646885 -0.705997 -1.14702
4 2 3 0.44903 -0.423978 -0.786521 -1.30324
5 2 3 0.105271 0.144001 -0.983962 -1.12073
3 0 4 -0.333298 0.140297 -0.932325 -1.36441
4 0 4 0.547885 0.131462 -0.82616 -0.994952
5 0 4 -0.795179 0.481799 -0.368185 -0.0739128
3 1 4 -0.361474 -0.657302 -0.661279 -2.19197
4 1 4 0.145159 -0.890549 -0.431105 -1.81959
5 1 4 -0.617701 -0.619944 -0.483854 -0.857559
3 2 4 -0.720614 -0.623837 0.302562 -0.576778
4 2 4 -0.469073 -0.649782 -0.598126 -1.58316
5 2 4 0.214142 -0.927512 0.306374 -0.748959
3 0 5 -0.352952 0.704128 -0.61614 -0.955681
4 0 5 0.388003 -0.642606 -0.660691 -0.795788
5 0 5 0.733961 0.533589 -0.420218 -0.490088
3 1 5 -0.167464 -0.164706 -0.972022 -0.689772
4 1 5 0.781327 -0.578838 -0.233398 -0.992513
5 1 5 0.0296228 0.95784 -0.285772 0.0285052
3 2 5 0.37791 -0.209813 -0.901755 -0.906405
4 2 5 -0.0164287 -0.0307596 -0.999392 -2.08115
5 2 5 0.412152 -0.389511 -0.823658 -1.54645
6 0 3 -0.559962 0.0515148 -0.826915 -2.10003
7 0 3 0.144193 -0.346176 -0.927023 -0.81029
8 0 3 -0.207525 0.0801875 -0.974938 -1.6913
6 1 3 -0.417542 0.253883 -0.872469 -1.68513
7 1 3 0.0978503 0.946971 0.306058 0.402889
8 1 3 -0.0402032 0.0161399 -0.999061 -1.70561
6 2 3 0.687535 0.169892 -0.705997 -1.18898
7 2 3 -0.526788 -0.153753 -0.835975 -1.04732
8 2 3 -0.114583 -0.136707 -0.983962 -1.51501
6 0 4 0.483975 0.371876 -0.792134 -1.06983
7 0 4 0.170643 0.446414 0.878405 0.882871
8 0 4 -0.913024 0.175577 -0.368185 -0.206147
6 1 4 0.510331 -0.570748 -0.64328 -1.21282
7 1 4 0.177374 0.816585 -0.549297 -0.767101
8 1 4 -0.464165 0.741914 -0.483854 -1.83942
6 2 4 0.815626 -0.493164 0.302562 -0.0323165
7 2 4 -0.345484 0.723109 -0.598126 -0.889761
8 2 4 0.104935 0.899347 -0.424456 -1.3134
6 0 5 -0.143355 0.103252 -0.98427 -1.85403
7 0 5 -0.39632 0.637509 -0.660691 -0.32615
8 0 5 0.906523 -0.0403996 -0.420218 0.526538
6 1 5 0.0532259 -0.228778 -0.972022 -1.96501
7 1 5 -0.111749 -0.965939 -0.233398 1.03607
8 1 5 -0.852738 0.437233 -0.285772 -0.144702
6 2 5 0.428697 0.0552849 -0.901755 -1.22954
7 2 5 -0.399133 0.77819 0.484885 0.696674
8 2 5 0.0216809 0.0265932 0.999411 1.03363
0 3 3 -0.93505 0.306547 -0.178075 -0.226086
1 3 3 -0.867604 -0.107315 0.485537 0.0564368
2 3 3 -0.14171 0.171508 -0.974938 0.0799792
0 4 3 0.000798861 0.102065 0.994777 0.97395
1 4 3 0.376697 -0.874316 0.306058 0.153686
2 4 3 -0.0244781 -0.0357437 -0.999061 0.185834
0 5 3 0.311063 0.636245 -0.705997 -1.411
1 5 3 -0.54203 0.085723 -0.835975 -0.755771
2 5 3 -0.0569286 0.354889 0.933173 0.730495
0 3 4 0.277477 0.231899 -0.932325 -0.717369
1 3 4 0.0308312 -0.0244673 0.999225 0.820747
2 3 4 0.195777 -0.323582 -0.925725 -0.735343
0 4 4 0.738883 -0.129466 -0.661279 -1.21901
1 4 4 0.754058 0.360097 -0.549297 -0.456979
2 4 4 0.466992 -0.740138 -0.483854 -0.955544
0 5 4 -0.455601 -0.0276459 -0.889755 -0.812263
1 5 4 0.11367 -0.7933 -0.598126 -0.0403363
2 5 4 0.280737 0.0778179 0.956625 -0.283408
0 3 5 0.703028 -0.355138 -0.61614 -0.745629
1 3 5 -0.0925729 -0.0600221 0.993895 -0.342293
2 3 5 0.757448 0.0302483 -0.652195 -0.635096
0 4 5 0.022746 0.233784 -0.972022 -1.22442
1 4 5 0.534349 -0.812401 -0.233398 -0.745308
2 4 5 0.712394 -0.64096 -0.285772 -1.88856
0 5 5 -0.787155 -0.608076 0.103105 -0.377404
1 5 5 -0.237988 0.0108942 0.971207 0.6675
2 5 5 -0.0107759 -0.0325751 0.999411 -0.144333
3 3 3 -0.0748296 -0.981168 -0.178075 0.306337
4 3 3 0.772492 0.40928 0.485537 0.451832
5 3 3 0.204065 0.0886247 -0.974938 -1.59986
3 4 3 -0.0958749 0.0350143 0.994777 2.20669
4 4 3 0.653544 -0.0166942 -0.756705 -0.640381
5 4 3 0.0252165 0.0352267 -0.999061 -2.28711
3 5 3 0.573799 0.415118 -0.705997 0.168838
4 5 3 -0.223914 -0.501007 -0.835975 -0.725245
5 5 3 -0.172567 0.0451551 -0.983962 -1.72677
3 3 4 -0.256378 0.255032 -0.932325 -1.12928
4 3 4 -0.122056 0.923474 0.363727 0.472575
5 3 4 0.856759 -0.361114 -0.368185 -0.36735
3 4 4 -0.258465 0.704206 -0.661279 0.386849
4 4 4 -0.0164755 0.00491927 -0.999852 -1.22785
5 4 4 0.634145 0.603113 -0.483854 -0.7349
3 5 4 0.659828 -0.687811 0.302562 -0.242496
4 5 4 0.799896 0.049107 -0.598126 -0.286506
5 5 4 0.286469 0.0529566 0.956625 1.25054
3 3 5 -0.0147533 0.176051 -0.98427 -1.8406
4 3 5 0.227093 0.715484 -0.660691 -1.39656
5 3 5 -0.630851 -0.652261 -0.420218 -0.534404
3 4 5 0.917664 -0.149225 0.368273 0.0336696
4 4 5 0.0818848 0.968927 -0.233398 -0.530504
5 4 5 -0.654146 -0.700305 -0.285772 -0.298991
3 5 5 0.0108446 -0.994611 0.103105 -0.688081
4 5 5 0.0213209 -0.0275949 -0.999392 -1.75366
5 5 5 0.144044 -0.548488 -0.823658 -1.38603
6 3 3 -0.367465 0.91283 -0.178075 -0.743634
7 3 3 -0.786328 0.382023 0.485537 0.0264015
8 3 3 0.212323 0.0664497 -0.974938 -0.39333
6 4 3 0.294892 0.389662 -0.872469 -2.2135
7 4 3 -0.62398 -0.195057 -0.756705 -1.91608
8 4 3 -0.0395639 0.017649 -0.999061 -1.28921
6 5 3 -0.234764 0.668172 -0.705997 -1.67109
7 5 3 -0.218672 -0.503317 -0.835975 -1.41844
8 5 3 0.0506407 -0.171037 -0.983962 -0.759319
6 3 4 -0.316064 0.175711 -0.932325 -0.522664
7 3 4 -0.865284 -0.344944 0.363727 0.0171435
8 3 4 -0.500974 0.78324 -0.368185 -1.57958
6 4 4 0.169389 0.746658 -0.64328 -1.50976
7 4 4 -0.528532 -0.647245 -0.549297 -0.916496
8 4 4 0.37215 0.792079 -0.483854 -0.943105
6 5 4 0.941424 0.14892 0.302562 0.422905
7 5 4 -0.788102 -0.145399 -0.598126 -0.808163
8 5 4 -0.0878505 0.277761 0.956625 1.03942
6 3 5 0.379248 0.69032 -0.61614 -1.40979
7 3 5 0.707359 0.251259 -0.660691 0.160359
8 3 5 -0.628617 0.654414 -0.420218 -0.424191
6 4 5 0.234046 -0.0198722 -0.972022 -1.75414
7 4 5 -0.836479 0.495811 -0.233398 -0.420499
8 4 5 0.516756 0.80703 -0.285772 -1.33308
6 5 5 0.422809 0.0898338 -0.901755 -1.9923
7 5 5 -0.0204553 -0.0282425 -0.999392 -1.3173
8 5 5 0.529479 0.523539 0.667502 0.46693
0 6 3 0.0938317 0.357144 -0.929324 -2.59689
1 6 3 -0.371487 0.0512482 -0.927023 -2.27284
2 6 3 0.0952603 -0.201053 -0.974938 -0.93138
0 7 3 -0.118043 0.474198 -0.872469 -2.1734
1 7 3 -0.502083 0.418701 -0.756705 -2.69733
2 7 3 0.0432746 -0.00202469 -0.999061 -1.31498
0 8 3 0.166323 -0.688407 -0.705997 -0.916927
1 8 3 -0.530301 0.14116 -0.835975 -2.05532
2 8 3 -0.157402 0.0839219 -0.983962 -1.67184
0 6 4 -0.0101599 -0.36148 -0.932325 -1.60775
1 6 4 -0.64971 -0.667518 0.363727 -0.301303
2 6 4 -0.913455 -0.17332 -0.368185 0.113866
0 7 4 0.587363 -0.491117 -0.64328 -1.24417
1 7 4 -0.388003 0.459855 -0.798741 -0.246723
2 7 4 0.867987 0.111732 -0.483854 -0.675867
0 8 4 0.985128 0.0694541 -0.157156 -0.887696
1 8 4 0.402241 -0.693143 -0.598126 0.224739
2 8 4 -0.174947 0.232943 0.956625 0.777933
0 6 5 -0.181257 -0.766496 -0.61614 -1.16918
1 6 5 -0.244356 -0.709773 -0.660691 -0.828865
2 6 5 0.655823 0.45453 -0.602742 -0.363404
0 7 5 0.678487 -0.587068 0.441596 -1.57933
1 7 5 0.682764 -0.692358 -0.233398 -0.59766
2 7 5 0.94535 -0.156998 -0.285772 -1.17965
0 8 5 0.788114 -0.606833 0.103105 -0.932059
1 8 5 -0.0142803 0.237809 0.971207 0.959608
2 8 5 -0.0292114 -0.0179987 0.999411 -0.123964
3 6 3 0.320347 -0.930412 -0.178075 -0.162433
4 6 3 -0.855077 0.181927 0.485537 0.53036
5 6 3 -0.358842 0.234463 -0.903471 -1.97789
3 7 3 0.013954 0.10111 0.994777 1.71067
4 7 3 0.859408 -0.409568 0.306058 0.80166
5 7 3 -0.0222821 0.0371524 -0.999061 -1.63008
3 8 3 -0.664076 -0.246111 -0.705997 -0.708923
4 8 3 0.54479 0.0659455 -0.835975 -0.875919
5 8 3 0.0745757 -0.162039 -0.983962 -1.81551
3 6 4 -0.189789 -0.58009 -0.792134 -1.16632
4 6 4 -0.926781 0.0936953 0.363727 -0.304304
5 6 4 -0.929749 -0.0024647 -0.368185 -1.33192
3 7 4 0.748061 -0.0558067 -0.661279 -0.130341
4 7 4 -0.53817 -0.269045 -0.798741 -0.599154
5 7 4 -0.500384 -0.717984 -0.483854 -1.55185
3 8 4 -0.407356 -0.861695 0.302562 0.229848
4 8 4 -0.153292 -0.302599 -0.94071 -0.199262
5 8 4 0.106553 0.271137 0.956625 1.09569
3 6 5 0.164307 -0.0649215 -0.98427 -1.10036
4 6 5 -0.239161 0.00723947 -0.970953 -1.77971
5 6 5 -0.669933 -0.246617 -0.700264 -2.50217
3 7 5 0.108924 0.923315 0.368273 -0.317119
4 7 5 0.703087 0.67171 -0.233398 0.479409
5 7 5 -0.88474 -0.368197 -0.285772 -0.699772
3 8 5 -0.786552 0.608855 0.103105 -0.425252
4 8 5 0.0121064 0.237929 0.971207 0.902737
5 8 5 0.0193805 -0.370101 0.928789 0.140621
6 6 3 -0.058162 0.364656 -0.929324 -2.64479
7 6 3 0.373005 0.0386892 -0.927023 -1.38166
8 6 3 0.0505703 0.216655 -0.974938 -2.53808
6 7 3 -0.43482 0.223 -0.872469 -2.56704
7 7 3 -0.559456 0.338241 -0.756705 -1.71296
8 7 3 -0.0424652 0.00857299 -0.999061 -1.92214
6 8 3 -0.521544 -0.479124 -0.705997 -1.37493
7 8 3 -0.382076 0.393908 -0.835975 -1.99922
8 8 3 0.177956 0.0122502 -0.983962 -1.70418
6 6 4 0.0194994 -0.361096 -0.932325 -1.53392
7 6 4 -0.491732 0.275064 -0.82616 -2.25515
8 6 4 -0.0535345 0.92821 -0.368185 -0.679921
6 7 4 -0.584259 -0.494805 -0.64328 -1.3306
7 7 4 -0.537877 -0.269631 -0.798741 -0.600972
8 7 4 0.65681 -0.515764 0.55008 0.191676
6 8 4 0.735202 0.659378 -0.157156 -0.678469
7 8 4 0.334886 0.936647 0.102688 -0.840039
8 8 4 0.106804 -0.271038 0.956625 0.0661967
6 6 5 -0.430937 -0.659291 -0.61614 -1.28292
7 6 5 -0.335559 0.671482 -0.660691 -1.14962
8 6 5 -0.250442 0.872179 -0.420218 -0.803309
6 7 5 -0.691186 0.621801 0.368273 0.0520107
7 7 5 0.578503 0.781575 -0.233398 -0.0524943
8 7 5 0.901997 -0.32363 -0.285772 -0.44367
6 8 5 0.46225 0.880735 0.103105 -1.06869
7 8 5 -0.240898 0.840747 0.484885 -1.36179
8 8 5 -0.366133 0.0574215 0.928789 0.608309
0 0 6 -0.36775 0.033415 -0.929324 -2.49398
1 0 6 -0.0979195 -0.361996 -0.927023 -2.51401
2 0 6 -0.110091 0.19333 -0.974938 -1.98062
0 1 6 0.0868701 -0.0649901 -0.994098 -2.56139
1 1 6 -0.536993 -0.372876 -0.756705 -2.24349
2 1 6 0.0311326 -0.0301256 -0.999061 -0.991412
0 2 6 0.67776 -0.205449 -0.705997 -1.61509
1 2 6 -0.548663 -0.0106886 -0.835975 -0.972458
2 2 6 -0.176822 0.0234997 -0.983962 -0.932305
0 0 7 -0.327399 0.153561 -0.932325 -1.5766
1 0 7 -0.449905 -0.339184 -0.82616 -1.99039
2 0 7 -0.313241 0.875397 -0.368185 -1.04435
0 1 7 -0.248577 -0.707756 -0.661279 -0.164311
1 1 7 -0.363497 -0.752424 -0.549297 -1.56097
2 1 7 -0.0747531 0.87195 -0.483854 -0.927928
0 2 7 0.92938 -0.211445 0.302562 0.50462
1 2 7 -0.747849 0.288042 -0.598126 0.735455
2 2 7 0.0609899 0.284867 0.956625 0.431797
0 0 8 0.747857 0.247145 -0.61614 -0.951912
1 0 8 -0.27422 0.698779 -0.660691 -1.69666
2 0 8 0.43624 0.795683 -0.420218 -1.16327
0 1 8 -0.415094 0.831909 0.368273 -0.166733
1 1 8 -0.944146 0.232623 -0.233398 -1.17749
2 1 8 -0.136751 -0.086708 -0.986803 -0.136739
0 2 8 0.081473 0.991328 0.103105 -0.51964
1 2 8 -0.214525 -0.103615 0.971207 -0.271723
2 2 8 0.366323 -0.0561964 0.928789 0.152522
3 0 6 0.851666 -0.492904 -0.178075 -0.257057
4 0 6 -0.150317 -0.343561 -0.927023 -1.96637
5 0 6 -0.0129814 -0.2221 -0.974938 -2.42022
3 1 6 0.093252 0.0414978 0.994777 1.70644
4 1 6 -0.0524057 -0.950569 0.306058 0.0420184
5 1 6 -0.0384217 -0.0200141 -0.999061 -1.7065
3 2 6 -0.640824 -0.301517 -0.705997 -1.06608
4 2 6 -0.46746 0.287448 -0.835975 -1.33895
5 2 6 -0.0174233 -0.177524 -0.983962 -2.46026
3 0 7 0.287721 -0.21906 -0.932325 -1.59033
4 0 7 -0.505633 -0.248587 -0.82616 -2.0558
5 0 7 -0.653058 -0.661782 -0.368185 -1.61999
3 1 7 -0.733352 0.219967 -0.64328 -0.633028
4 1 7 0.536045 -0.273255 -0.798741 -1.40313
5 1 7 -0.0806358 -0.871426 -0.483854 -1.62882
3 2 7 -0.92896 -0.213285 0.302562 -0.306383
4 2 7 0.574933 -0.558299 -0.598126 -1.36475
5 2 7 0.715161 -0.555322 -0.424456 -1.82591
3 0 8 -0.0871281 -0.153689 -0.98427 -1.84956
4 0 8 -0.649641 -0.376105 -0.660691 -1.49862
5 0 8 0.0127906 -0.434913 -0.900382 -1.14426
3 1 8 0.10483 -0.210197 -0.972022 -2.48259
4 1 8 -0.0714633 0.165911 -0.983548 -2.5751
5 1 8 -0.138515 -0.0838625 -0.986803 -2.55654
3 2 8 -0.41366 -0.125391 -0.901755 -1.26153
4 2 8 0.023717 -0.0255649 -0.999392 -2.61211
5 2 8 -0.143188 -0.135566 -0.980367 -2.65716
6 0 6 0.00505223 -0.36923 -0.929324 -2.4547
7 0 6 0.35182 -0.129815 -0.927023 -1.69768
8 0 6 0.198589 -0.100294 -0.974938 -2.38762
6 1 6 -0.0153032 0.48843 -0.872469 -2.29713
7 1 6 -0.286307 0.58773 -0.756705 -1.47685
8 1 6 0.0409084 0.0142582 -0.999061 -1.76972
6 2 6 -0.698378 0.117627 -0.705997 -1.62178
7 2 6 0.0781622 0.0694968 -0.994515 -1.73832
8 2 6 -0.0210212 0.177134 -0.983962 -0.881244
6 0 7 -0.224029 -0.283869 -0.932325 -0.995401
7 0 7 -0.0680827 -0.929014 0.363727 0.632724
8 0 7 0.109209 0.923317 -0.368185 -0.222021
6 1 7 0.7333 0.158055 -0.661279 -1.64681
7 1 7 0.0514873 -0.599468 -0.798741 -0.857079
8 1 7 0.16386 0.818878 0.55008 0.346446
6 2 7 0.418994 -0.438105 -0.795304 -1.99467
7 2 7 -0.657888 -0.457634 -0.598126 -0.217544
8 2 7 -0.203717 0.208251 0.956625 -0.464389
6 0 8 0.277379 0.737178 -0.61614 -1.78028
7 0 8 0.155387 0.181949 -0.970953 -1.44555
8 0 8 0.335839 -0.276631 -0.900382 -0.501569
6 1 8 0.229706 0.0490664 -0.972022 -2.5381
7 1 8 0.131755 -0.123588 -0.983548 -0.95135
8 1 8 -0.65191 0.378087 0.657315 -0.562312
6 2 8 -0.142457 -0.408097 -0.901755 -1.39087
7 2 8 0.232648 0.0512994 0.971207 0.839952
8 2 8 -0.0277936 0.0201191 0.999411 -0.366692
0 3 6 -0.0829753 -0.980512 -0.178075 0.0787344
1 3 6 -0.156295 0.860131 0.485537 0.980809
2 3 6 -0.174179 0.138414 -0.974938 -1.41294
0 4 6 0.397892 0.28369 -0.872469 -1.80669
1 4 6 0.427451 -0.494656 -0.756705 -1.24876
2 4 6 0.710457 -0.079276 -0.699261 -1.58798
0 5 6 -0.361132 -0.609222 -0.705997 -1.60806
1 5 6 0.471382 0.28097 -0.835975 -1.38557
2 5 6 0.151346 0.094407 -0.983962 -1.2954
0 3 7 0.187005 0.309516 -0.932325 -0.324867
1 3 7 0.930146 0.0503068 0.363727 1.04492
2 3 7 0.697858 0.614357 -0.368185 -1.13612
0 4 7 0.7459 0.386511 -0.542442 -1.35401
1 4 7 -0.469372 0.376433 -0.798741 -0.489173
2 4 7 0.833411 0.267042 -0.483854 -0.672726
0 5 7 -0.188741 -0.96937 -0.157156 -0.0409268
1 5 7 0.662674 0.450677 -0.598126 -1.00099
2 5 7 -0.902161 -0.0770938 -0.424456 -0.303894
0 3 8 0.160301 0.074266 -0.98427 -2.22331
1 3 8 -0.736115 0.147046 -0.660691 -0.186799
2 3 8 -0.168524 0.401139 -0.900382 -1.44359
0 4 8 -0.229705 -0.0490709 -0.972022 -1.97205
1 4 8 -0.0216175 -0.17935 -0.983548 -2.57945
2 4 8 -0.146068 0.0698816 -0.986803 -1.8019
0 5 8 0.713629 0.692894 0.103105 0.667391
1 5 8 0.02324 0.0259993 -0.999392 -1.94455
2 5 8 0.545282 0.15574 -0.823658 -1.58747
3 3 6 0.509973 -0.236937 -0.826915 -1.23876
4 3 6 0.135688 -0.349597 -0.927023 -2.24812
5 3 6 -0.135184 -0.176697 -0.974938 -2.78087
3 4 6 -0.0972291 0.0310566 0.994777 1.47025
4 4 6 -0.030965 -0.949689 -0.31166 -0.0669462
5 4 6 -0.0277334 0.0332814 -0.999061 -2.06921
3 5 6 -0.476848 -0.523626 -0.705997 -0.739514
4 5 6 0.321841 -0.444482 -0.835975 -2.44625
5 5 6 0.0654895 0.16592 -0.983962 -2.21478
3 3 7 -0.359347 0.0405082 -0.932325 -1.66294
4 3 7 -0.221981 -0.517866 -0.82616 -2.35473
5 3 7 -0.346453 -0.151671 -0.925725 -2.24958
3 4 7 -0.840075 -0.00555077 -0.542442 -0.716963
4 4 7 -0.207939 0.564601 -0.798741 -0.92189
5 4 7 -0.610072 0.627453 -0.483854 -0.86329
3 5 7 -0.452336 0.877892 -0.157156 0.342161
4 5 7 0.57273 -0.560559 -0.598126 -1.1141
5 5 7 -0.00450195 -0.905437 -0.424456 -0.852594
3 3 8 -0.768836 0.171062 -0.61614 -2.29058
4 3 8 -0.639357 -0.393332 -0.660691 -1.47033
5 3 8 -0.43271 -0.0455534 -0.900382 -1.82426
3 4 8 -0.722989 0.584518 0.368273 0.406689
4 4 8 0.946093 0.224573 -0.233398 0.380473
5 4 8 -0.0402227 0.752541 0.657315 1.02758
3 5 8 0.422312 -0.900567 0.103105 1.27517
4 5 8 0.0111709 0.0330344 -0.999392 -1.69933
5 5 8 -0.334248 0.458111 -0.823658 -0.660591
6 3 6 0.0383609 -0.367267 -0.929324 -2.23454
7 3 6 -0.327999 0.181785 -0.927023 -1.98607
8 3 6 -0.0920501 -0.202543 -0.974938 -1.33766
6 4 6 -0.0462457 0.09814 -0.994098 -2.43036
7 4 6 -0.111122 0.644244 -0.756705 -2.2743
8 4 6 0.0159144 0.0402929 -0.999061 -2.26533
6 5 6 0.539578 -0.45872 -0.705997 -1.8493
7 5 6 -0.433327 0.33671 -0.835975 -1.57353
8 5 6 -0.157924 -0.0829352 -0.983962 -1.67888
6 3 7 0.327301 0.153769 -0.932325 -1.37188
7 3 7 -0.759891 0.538765 0.363727 0.429603
8 3 7 0.458976 0.10861 0.881785 0.771776
6 4 7 -0.243607 -0.803998 -0.542442 -1.26589
7 4 7 0.601573 -0.0110383 -0.798741 -0.47457
8 4 7 0.869776 -0.0968213 -0.483854 -0.506943
6 5 7 -0.208557 -0.569207 -0.795304 -1.84342
7 5 7 -0.769969 0.222247 -0.598126 -0.873911
8 5 7 0.102994 -0.899572 -0.424456 -1.0306
6 3 8 0.117159 -0.778874 -0.61614 -1.34759
7 3 8 -0.06201 -0.0912533 0.993895 0.447319
8 3 8 0.435092 0.00281562 -0.900382 0.667148
6 4 8 -0.0638304 -0.927524 0.368273 -1.20574
7 4 8 0.00576066 -0.984415 0.175768 -0.897142
8 4 8 0.0246684 -0.0157368 0.999572 0.998732
6 5 8 0.27329 -0.95639 0.103105 -0.420849
7 5 8 -0.205863 -0.119904 0.971207 0.361522
8 5 8 0.114178 0.352582 0.928789 0.256945
0 6 6 0.167341 0.329171 -0.929324 -0.641928
1 6 6 -0.142554 0.346854 -0.927023 -2.28535
2 6 6 -0.222393 -0.00616931 -0.974938 -1.93877
0 7 6 -0.0213619 0.0998082 0.994777 1.61079
1 7 6 0.54304 0.779728 -0.31166 -0.590918
2 7 6 0.0141914 -0.0409316 -0.999061 -1.04984
0 8 6 0.630255 -0.323026 -0.705997 -1.22823
1 8 6 0.0997921 0.539617 -0.835975 -1.10624
2 8 6 0.00337711 0.178345 -0.983962 -0.800245
0 6 7 -0.879428 -0.42122 0.221766 0.0299211
1 6 7 0.252687 0.503597 -0.82616 -1.02219
2 6 7 -0.925584 0.0879403 -0.368185 -1.5332
0 7 7 -0.306799 -0.782069 -0.542442 -1.06038
1 7 7 -0.596529 0.0785212 -0.798741 -1.5811
2 7 7 -0.653954 0.581575 -0.483854 -1.08
0 8 7 0.793279 -0.588227 -0.157156 -1.4313
1 8 7 0.23724 -0.765482 -0.598126 -0.960717
2 8 7 -0.252755 -0.144859 0.956625 1.06604
0 6 8 -0.529224 0.583346 -0.61614 -0.952867
1 6 8 -0.323909 -0.677178 -0.660691 -1.43305
2 6 8 -0.0628778 0.430533 -0.900382 -1.57475
0 7 8 -0.0284093 -0.233164 -0.972022 -0.0432778
1 7 8 -0.177736 0.0323045 -0.983548 -1.81186
2 7 8 0.0623893 0.751029 0.657315 -0.511395
0 8 8 0.925714 0.3639 0.103105 -0.947913
1 8 8 -0.0176312 -0.0300865 -0.999392 -1.04262
2 8 8 0.295074 -0.224236 0.928789 0.414379
3 6 6 0.211137 -0.961099 -0.178075 -0.567215
4 6 6 0.373779 -0.0303042 -0.927023 -1.64701
5 6 6 -0.171931 -0.141196 -0.974938 -2.25469
3 7 6 0.0754578 -0.0687323 0.994777 1.3595
4 7 6 0.185725 -0.931866 -0.31166 -0.832245
5 7 6 -0.0148492 -0.0406975 -0.999061 -2.03839
3 8 6 -0.0374377 -0.707224 -0.705997 -0.716481
4 8 6 0.269589 -0.477982 -0.835975 -1.73642
5 8 6 -0.0517417 -0.170707 -0.983962 -0.834541
3 6 7 0.280154 0.228658 -0.932325 -1.04495
4 6 7 0.807103 -0.465067 0.363727 0.51502
5 6 7 -0.928358 -0.0509126 -0.368185 -0.140244
3 7 7 0.154594 -0.112564 -0.981545 -0.702068
4 7 7 -0.0485161 -0.599715 -0.798741 -1.62564
5 7 7 0.804962 0.343396 -0.483854 -0.350986
3 8 7 -0.605531 0.0287241 -0.795304 -0.376436
4 8 7 0.737684 -0.313158 -0.598126 -0.798454
5 8 7 -0.284998 0.0603748 0.956625 0.859941
3 6 8 -0.0163758 0.175908 -0.98427 -1.72282
4 6 8 -0.11464 -0.210019 -0.970953 -2.16
5 6 8 0.202857 -0.384918 -0.900382 -2.14013
3 7 8 -0.290865 0.883047 0.368273 -0.425374
4 7 8 0.173121 -0.0516007 -0.983548 -2.05476
5 7 8 -0.161622 -0.00988317 -0.986803 -1.07332
3 8 8 0.790499 0.603722 0.103105 0.312823
4 8 8 -0.0449066 -0.487523 -0.871955 -0.930866
5 8 8 -0.258093 0.265967 0.928789 1.04486
6 6 6 0.0561786 -0.982412 -0.178075 -1.51137
7 6 6 0.486366 -0.85678 0.171395 0.200156
8 6 6 0.222385 -0.0064681 -0.974938 -1.83407
6 7 6 -0.448912 -0.193071 -0.872469 -1.25698
7 7 6 -0.308323 -0.89878 -0.31166 -0.572992
8 7 6 -0.0312996 0.0299521 -0.999061 -1.05048
6 8 6 -0.410424 0.577165 -0.705997 -1.08986
7 8 6 0.0743823 0.543703 -0.835975 -1.22867
8 8 6 0.164109 -0.0699031 -0.983962 -1.2839
6 6 7 -0.9275 -0.300938 0.221766 -0.28381
7 6 7 -0.954593 -0.280847 -0.0993836 -0.547048
8 6 7 0.352864 -0.86019 -0.368185 -1.03851
6 7 7 0.833827 0.102423 -0.542442 -0.127398
7 7 7 0.144484 -0.584069 -0.798741 -1.60659
8 7 7 -0.866635 -0.121773 -0.483854 -0.0237063
6 8 7 0.905288 -0.298178 0.302562 0.536569
7 8 7 0.486929 -0.636511 -0.598126 -1.51623
8 8 7 0.951886 -0.00688104 0.306374 -0.166504
6 6 8 0.660918 -0.428438 -0.61614 -0.781006
7 6 8 0.615988 -0.429007 -0.660691 -0.292048
8 6 8 -0.203719 -0.384462 -0.900382 -0.352501
6 7 8 -0.929443 -0.0226177 0.368273 0.557191
7 7 8 -0.590558 -0.772507 -0.233398 -1.02118
8 7 8 -0.0203561 0.0210192 0.999572 1.3769
6 8 8 -0.895638 0.432667 0.103105 -0.328099
7 8 8 -0.0838515 -0.482352 -0.871955 -0.746664
8 8 8 0.228768 0.291574 0.928789 -0.465661
