Position_x Position_y Position_z Spin_x Spin_y Spin_z Spin_energy Temperature n_spins
0 0 0 0.22049 0.759413 0.612108 -0.111203 1.501 729
1 0 0 -0.664381 0.727476 0.171395 -0.790308
2 0 0 0.106764 0.41514 -0.903471 -0.780794
0 1 0 0.102015 -0.00330479 0.994777 -0.573926
1 1 0 0.647095 0.388658 0.655906 -0.827952
2 1 0 -0.239463 -0.270636 0.932423 0.30888
0 2 0 -0.751561 0.358981 -0.553433 0.0603174
1 2 0 0.0210494 0.427594 0.903726 -0.785851
2 2 0 0.211919 0.290306 0.933173 -1.05261
0 0 1 -0.556476 0.250716 -0.792134 0.326476
1 0 1 0.0207724 0.0334322 0.999225 -0.938518
2 0 1 -0.831399 0.416192 -0.368185 0.222076
0 1 1 -0.650372 0.403989 -0.64328 -0.127829
1 1 1 -0.0959759 -0.00539955 0.995369 -0.290735
2 1 1 0.803908 0.226151 0.55008 0.146196
0 2 1 0.46776 0.830456 0.302562 0.705775
1 2 1 -0.784222 -0.165052 -0.598126 1.16342
2 2 1 0.0578342 -0.285524 0.956625 -0.252506
0 0 2 -0.149836 0.773253 -0.61614 -0.367179
1 0 2 0.00184148 -0.110313 0.993895 0.216266
2 0 2 0.0326592 -0.906835 -0.420218 -0.330546
0 1 2 0.230128 0.0470486 -0.972022 -0.437393
1 1 2 0.34114 0.910576 -0.233398 -0.123711
2 1 2 -0.928401 -0.237498 -0.285772 0.265517
0 2 2 -0.423378 0.0871109 -0.901755 -0.656023
1 2 2 0.0131646 -0.0322917 -0.999392 -1.37414
2 2 2 0.0214567 0.0267744 0.999411 0.724727
3 0 0 -0.366463 0.0454045 -0.929324 -1.89337
4 0 0 0.96064 0.218621 0.171395 0.31732
5 0 0 0.0795589 -0.207767 -0.974938 -0.859472
3 1 0 0.459645 0.165904 -0.872469 -1.16044
4 1 0 0.605585 -0.246303 -0.756705 -1.15834
5 1 0 -0.322576 -0.162884 0.932423 1.31932
3 2 0 0.869277 -0.0848139 -0.486995 -1.25997
4 2 0 0.0272724 0.100972 -0.994515 -1.64835
5 2 0 0.178244 0.00687722 -0.983962 -1.39938
3 0 1 -0.317779 0.17259 -0.932325 -0.481721
4 0 1 -0.0287646 -0.0268664 0.999225 0.706415
5 0 1 0.549162 0.75024 -0.368185 0.178163
3 1 1 0.700917 0.267255 -0.661279 -0.876698
4 1 1 -0.303091 -0.778722 -0.549297 -0.323613
5 1 1 -0.861684 -0.173409 -0.476897 -0.498945
3 2 1 0.251432 0.551611 -0.795304 -1.18512
4 2 1 0.556345 -0.576824 -0.598126 -0.321601
5 2 1 -0.130256 0.89603 -0.424456 -0.53552
3 0 2 0.488493 -0.617856 -0.61614 0.102133
4 0 2 -0.0376031 0.103723 0.993895 -1.2044
5 0 2 -0.373446 0.827015 -0.420218 -0.618473
3 1 2 -0.857469 0.359335 0.368273 0.242522
4 1 2 -0.0288035 -0.0229326 0.999322 -0.913401
5 1 2 -0.509674 -0.806943 0.298454 0.0852789
3 2 2 0.027994 0.431339 -0.901755 -0.533601
4 2 2 0.85326 0.191921 0.484885 -0.0587762
5 2 2 0.0292642 0.0179127 0.999411 1.00418
6 0 0 0.199693 0.310611 -0.929324 -1.0111
7 0 0 0.861714 -0.147318 0.485537 -0.559103
8 0 0 0.425552 0.0514343 -0.903471 0.968412
6 1 0 -0.0716309 0.0727119 0.994777 0.110232
7 1 0 0.474603 0.586975 0.655906 -1.03687
8 1 0 -0.102277 0.346592 0.932423 -0.656286
6 2 0 0.410602 0.72465 -0.553433 0.244851
7 2 0 -0.373167 -0.492069 -0.786521 -0.255024
8 2 0 0.167225 -0.0620812 -0.983962 0.27662
6 0 1 -0.329135 -0.149803 -0.932325 -0.357725
7 0 1 0.0264295 -0.0291666 0.999225 0.875474
8 0 1 0.00572029 -0.471616 0.881785 -0.216625
6 1 1 -0.088173 0.74494 -0.661279 -0.973486
7 1 1 0.190731 0.813569 -0.549297 -0.232645
8 1 1 -0.834407 -0.0342986 0.55008 -1.05254
6 2 1 -0.963282 0.217691 -0.157156 -0.768777
7 2 1 -0.800519 0.0376088 -0.598126 -0.794527
8 2 1 -7.32165e-05 0.291323 0.956625 -0.118319
6 0 2 0.139494 0.775185 -0.61614 -1.01335
7 0 2 -0.0587002 -0.231959 -0.970953 0.406943
8 0 2 -0.487292 -0.765483 -0.420218 -0.220422
6 1 2 -0.514825 0.774164 0.368273 -0.248928
7 1 2 -0.953752 0.189427 -0.233398 -0.891715
8 1 2 -0.868437 0.395907 0.298454 -0.634234
6 2 2 0.122462 -0.414536 -0.901755 0.555432
7 2 2 0.0328228 0.873962 0.484885 0.0403377
8 2 2 -0.0141925 0.0312383 0.999411 -1.30867
0 3 0 0.27019 0.251702 -0.929324 -0.75582
1 3 0 -0.280112 -0.828125 0.485537 0.415993
2 3 0 0.0218424 -0.221404 -0.974938 -0.722614
0 4 0 -0.0783845 -0.0750067 -0.994098 -0.868956
1 4 0 -0.637302 -0.145753 -0.756705 -1.32703
2 4 0 0.244129 0.671889 -0.699261 -0.555072
0 5 0 0.466107 0.533209 -0.705997 -2.14803
1 5 0 -0.558542 0.26347 -0.786521 -1.6919
2 5 0 0.0900446 0.153981 -0.983962 -1.47907
0 3 1 -0.361545 0.00747959 -0.932325 -0.413312
1 3 1 -0.0310403 0.0242014 0.999225 1.52967
2 3 1 0.865245 -0.340282 -0.368185 -0.387781
0 4 1 0.651207 -0.402642 -0.64328 -1.41935
1 4 1 0.827244 0.118065 -0.549297 -0.535091
2 4 1 0.722295 -0.419168 0.55008 0.301013
0 5 1 0.601923 0.0719811 -0.795304 -1.62347
1 5 1 -0.63626 0.487256 -0.598126 -0.749972
2 5 1 0.298499 0.854831 -0.424456 -0.727657
0 3 2 0.521063 -0.590647 -0.61614 0.0908654
1 3 2 -0.149054 0.187172 -0.970953 0.445458
2 3 2 0.407595 0.274394 0.870961 1.02643
0 4 2 0.917678 0.149139 0.368273 -0.488638
1 4 2 0.956737 -0.290549 -0.0153434 -0.530866
2 4 2 -0.948148 0.10927 0.298454 0.322898
0 5 2 0.294969 0.31596 -0.901755 -1.35859
1 5 2 -0.0348125 0.00203635 -0.999392 -1.2138
2 5 2 0.0173972 -0.0295736 0.999411 0.201219
3 3 0 -0.226236 0.291846 -0.929324 -1.53171
4 3 0 -0.207978 -0.849116 0.485537 0.460925
5 3 0 0.197469 -0.102482 -0.974938 -2.04894
3 4 0 -0.115205 0.474896 -0.872469 -1.81507
4 4 0 0.0193546 -0.65347 -0.756705 -1.4907
5 4 0 0.185116 -0.404102 -0.895787 -1.44247
3 5 0 -0.708064 -0.0146048 -0.705997 -0.797758
4 5 0 0.61751 0.00819912 -0.786521 -2.03064
5 5 0 -0.0868251 -0.155819 -0.983962 -0.690242
3 3 1 -0.0844315 -0.351628 -0.932325 -0.830056
4 3 1 0.0108807 0.0378261 0.999225 1.77849
5 3 1 -0.270865 0.494448 -0.825926 -1.64219
3 4 1 0.723009 0.199919 -0.661279 -0.0644722
4 4 1 -0.606966 -0.574339 -0.549297 0.38289
5 4 1 -0.251118 0.838346 -0.483854 -0.652796
3 5 1 0.0432812 0.952147 0.302562 -0.195763
4 5 1 0.698473 0.392914 -0.598126 0.469359
5 5 1 -0.153107 0.247845 0.956625 1.33673
3 3 2 -0.227214 0.754152 -0.61614 -0.497649
4 3 2 -0.0475233 0.234504 -0.970953 -0.588333
5 3 2 0.312322 0.851981 -0.420218 -1.46205
3 4 2 -0.929703 -0.00529289 0.368273 -0.142035
4 4 2 -0.178962 0.983736 -0.0153434 0.0366574
5 4 2 0.683018 0.672176 -0.285772 -1.79737
3 5 2 0.0106979 0.432115 -0.901755 0.2142
4 5 2 -0.874574 0.0024896 0.484885 1.24549
5 5 2 0.211283 0.526258 -0.823658 -0.59836
6 3 0 0.263796 -0.258396 -0.929324 -2.44
7 3 0 0.0974359 -0.362126 -0.927023 -1.52571
8 3 0 0.136589 -0.175614 -0.974938 -0.650933
6 4 0 -0.397999 -0.283539 -0.872469 -1.69013
7 4 0 -0.0328598 0.652931 -0.756705 0.113779
8 4 0 0.198963 0.301662 0.932423 1.40158
6 5 0 0.389569 0.591442 -0.705997 -0.206803
7 5 0 -0.126694 0.408936 0.903726 -0.195642
8 5 0 0.172804 -0.0442371 -0.983962 1.10733
6 3 1 0.0983326 0.347996 -0.932325 -1.98317
7 3 1 -0.0351109 0.562341 -0.82616 -2.06281
8 3 1 -0.655015 0.659845 -0.368185 -1.18632
6 4 1 -0.587553 -0.46636 -0.661279 -0.620937
7 4 1 -0.835433 0.0180201 -0.549297 -1.32889
8 4 1 -0.320455 0.814367 -0.483854 -0.496337
6 5 1 0.550893 -0.7778 0.302562 0.616276
7 5 1 0.16269 -0.0523928 0.985285 -1.73368
8 5 1 0.273108 0.101395 0.956625 0.343653
6 3 2 0.786128 0.0487157 -0.61614 -1.19254
7 3 2 0.238949 -0.0124073 -0.970953 0.198533
8 3 2 -0.306391 0.384123 0.870961 0.566414
6 4 2 0.0101274 0.929663 0.368273 0.0457899
7 4 2 -0.971357 -0.0446167 -0.233398 -0.400529
8 4 2 -0.883282 0.361578 0.298454 -0.621502
6 5 2 0.247084 0.354665 -0.901755 -0.652246
7 5 2 0.231425 -0.0565631 0.971207 -1.24057
8 5 2 0.0096378 0.0329298 0.999411 -1.53502
0 6 0 0.139296 0.341984 -0.929324 -1.46897
1 6 0 -0.319107 -0.196978 -0.927023 -1.54191
2 6 0 -0.194166 -0.108612 -0.974938 -2.77531
0 7 0 0.101062 0.0142986 0.994777 0.834194
1 7 0 0.621428 0.203041 -0.756705 -0.960942
2 7 0 -0.0307693 -0.0304965 -0.999061 -1.17733
0 8 0 0.578437 0.40863 -0.705997 0.424634
1 8 0 -0.61738 0.0150809 -0.786521 0.0941637
2 8 0 0.175164 0.0337016 -0.983962 -0.732376
0 6 1 0.360391 -0.0298211 -0.932325 -1.19634
1 6 1 -0.0183397 -0.0348262 0.999225 2.51639
2 6 1 0.376866 -0.0317191 -0.925725 -0.226053
0 7 1 -0.718265 0.216346 -0.661279 0.795507
1 7 1 0.468293 0.69208 -0.549297 0.536498
2 7 1 -0.671247 -0.561527 -0.483854 0.0454872
0 8 1 -0.071003 -0.950481 0.302562 0.712892
1 8 1 0.0186938 -0.169892 0.985285 -0.918402
2 8 1 -0.266825 -0.116933 0.956625 -0.27973
0 6 2 0.787583 0.00913418 -0.61614 -0.956605
1 6 2 -0.237823 0.0262829 -0.970953 0.403836
2 6 2 -0.413044 0.266121 0.870961 1.69761
0 7 2 0.22095 -0.903081 0.368273 0.20956
1 7 2 0.460655 -0.870002 0.175768 -0.252098
2 7 2 0.642213 -0.711265 -0.285772 -0.081457
0 8 2 -0.233746 0.363594 -0.901755 0.900098
1 8 2 -0.182577 -0.153044 0.971207 -0.710601
2 8 2 0.0307519 0.0152178 0.999411 -0.570952
3 6 0 -0.0758768 0.361385 -0.929324 -2.28442
4 6 0 0.184544 0.326455 -0.927023 -2.15006
5 6 0 -0.188693 -0.117862 -0.974938 -2.54952
3 7 0 0.283414 0.928817 0.238695 -0.750152
4 7 0 0.339215 0.355284 -0.871038 -1.37459
5 7 0 -0.0378125 0.0211425 -0.999061 -0.704527
3 8 0 -0.301211 0.640968 -0.705997 -0.672938
4 8 0 0.528888 -0.318846 -0.786521 -1.10658
5 8 0 0.131737 -0.120265 -0.983962 -0.755443
3 6 1 -0.34423 -0.110798 -0.932325 -1.21764
4 6 1 0.0105142 -0.994994 -0.0993836 0.138415
5 6 1 -0.86498 0.340955 -0.368185 -0.712181
3 7 1 0.656237 0.363405 -0.661279 0.305064
4 7 1 -0.686284 -0.476746 -0.549297 -1.28127
5 7 1 -0.331766 -0.809825 -0.483854 -1.04873
3 8 1 0.790628 -0.532319 0.302562 0.635715
4 8 1 0.43084 -0.675739 -0.598126 -0.189856
5 8 1 0.17703 -0.231364 0.956625 1.51309
3 6 2 0.158113 -0.771603 -0.61614 -0.735154
4 6 2 -0.0174393 0.238635 -0.970953 0.0737593
5 6 2 -0.646081 -0.637178 -0.420218 -0.612671
3 7 2 -0.734331 -0.570205 0.368273 0.190072
4 7 2 -0.729769 -0.642622 -0.233398 -0.400192
5 7 2 0.803546 -0.522158 -0.285772 -0.467676
3 8 2 -0.152031 0.404628 -0.901755 0.939088
4 8 2 0.225037 0.0781993 0.971207 1.29214
5 8 2 0.127807 0.150155 -0.980367 -0.470037
6 6 0 0.202374 0.308871 -0.929324 -1.12179
7 6 0 0.697508 0.527007 0.485537 0.0607195
8 6 0 -0.160069 0.154514 -0.974938 -0.85177
6 7 0 -0.0298929 0.0975931 0.994777 1.11764
7 7 0 -0.60546 -0.450784 0.655906 -0.0135243
8 7 0 0.323355 0.161332 0.932423 -1.49761
6 8 0 -0.322734 0.630405 -0.705997 -0.299493
7 8 0 0.526338 -0.155287 -0.835975 -0.17113
8 8 0 0.0993481 0.345423 0.933173 -0.370923
6 6 1 -0.288764 0.217684 -0.932325 -0.884835
7 6 1 0.00832126 -0.0384703 0.999225 -0.272917
8 6 1 -0.557099 -0.744366 -0.368185 0.494785
6 7 1 -0.749389 0.0335626 -0.661279 -0.824851
7 7 1 0.422751 -0.720801 -0.549297 0.269973
8 7 1 -0.211903 -0.0572032 0.975615 -0.629369
6 8 1 -0.606707 0.735094 0.302562 0.137392
7 8 1 -0.440737 -0.669325 -0.598126 0.372914
8 8 1 -0.260656 0.130106 0.956625 -1.58761
6 6 2 -0.460921 0.638688 -0.61614 -1.2966
7 6 2 0.0840869 0.0714269 0.993895 -0.887622
8 6 2 -0.334777 0.359653 0.870961 -0.088882
6 7 2 0.154938 0.17654 -0.972022 -0.78429
7 7 2 -0.824378 -0.515681 -0.233398 -0.260397
8 7 2 0.0900926 -0.534354 0.840446 -1.03968
6 8 2 0.394906 0.175746 -0.901755 -1.03825
7 8 2 -0.748742 0.451965 0.484885 0.340001
8 8 2 -0.0195043 -0.0282284 0.999411 -0.91563
0 0 3 0.776997 -0.14697 0.612108 1.26052
1 0 3 0.182971 0.327339 -0.927023 -1.10132
2 0 3 0.211587 -0.0687579 -0.974938 -0.786737
0 1 3 -0.0639473 0.0795534 0.994777 1.78109
1 1 3 0.493272 0.429047 -0.756705 -1.61909
2 1 3 0.0299124 -0.0313375 -0.999061 -1.29323
0 2 3 -0.288923 -0.781175 -0.553433 -0.126229
1 2 3 -0.0979465 0.0366827 -0.994515 -1.79495
2 2 3 -0.16785 0.0603709 -0.983962 -1.10632
0 0 4 -0.356934 -0.0580413 -0.932325 -1.08291
1 0 4 0.427986 0.366454 -0.82616 -1.91731
2 0 4 0.596002 0.713598 -0.368185 -0.0220985
0 1 4 -0.251759 -0.706631 -0.661279 -0.492736
1 1 4 0.0148504 0.0086665 -0.999852 -1.83077
2 1 4 -0.265657 -0.833853 -0.483854 -0.919481
0 2 4 0.987031 0.0327351 -0.157156 -0.181712
1 2 4 -0.0977893 0.795414 -0.598126 0.247588
2 2 4 0.060083 -0.28506 0.956625 1.42758
0 0 5 0.0950002 0.148952 -0.98427 -2.40671
1 0 5 -0.557592 -0.502573 -0.660691 0.632912
2 0 5 0.066213 -0.48687 0.870961 0.670574
0 1 5 0.0133586 0.234508 -0.972022 -2.03236
1 1 5 -0.60702 0.759639 -0.233398 -0.106843
2 1 5 -0.0737195 -0.951573 0.298454 -0.797992
0 2 5 0.554071 -0.74544 -0.370573 -0.772279
1 2 5 -0.0487238 0.233201 0.971207 -0.038735
2 2 5 -0.022308 0.0260694 0.999411 0.101307
3 0 3 0.778569 0.138398 0.612108 0.652102
4 0 3 0.0175482 0.87404 0.485537 -0.185944
5 0 3 0.0713702 -0.21072 -0.974938 -0.694945
3 1 3 0.026322 0.0986162 0.994777 0.638506
4 1 3 0.913842 -0.266872 0.306058 -0.37126
5 1 3 0.0431809 0.00349217 -0.999061 -0.468458
3 2 3 -0.288285 -0.646885 -0.705997 -1.11603
4 2 3 0.44903 -0.423978 -0.786521 -1.46587
5 2 3 0.105271 0.144001 -0.983962 -0.853462
3 0 4 -0.333298 0.140297 -0.932325 0.111866
4 0 4 -0.0389709 -0.00552022 0.999225 0.495665
5 0 4 -0.795179 0.481799 -0.368185 -0.0837145
3 1 4 -0.361474 -0.657302 -0.661279 -1.24085
4 1 4 0.145159 -0.890549 -0.431105 -1.41845
5 1 4 -0.617701 -0.619944 -0.483854 -0.929743
3 2 4 -0.419691 0.437438 -0.795304 -0.887075
4 2 4 -0.469073 -0.649782 -0.598126 -0.376125
5 2 4 -0.252735 0.144893 0.956625 0.0660855
3 0 5 -0.352952 0.704128 -0.61614 0.51949
4 0 5 0.388003 -0.642606 -0.660691 0.658336
5 0 5 -0.473372 0.131701 0.870961 0.664278
3 1 5 0.093213 -0.925033 0.368273 -0.561147
4 1 5 0.781327 -0.578838 -0.233398 -1.21591
5 1 5 0.129805 -0.945556 0.298454 -1.14942
3 2 5 0.37791 -0.209813 -0.901755 0.301603
4 2 5 0.215747 0.101045 0.971207 -0.456442
5 2 5 0.0219029 -0.0264107 0.999411 -1.52515
6 0 3 -0.927944 0.327428 -0.178075 -0.220418
7 0 3 0.0631632 0.871931 0.485537 -0.405246
8 0 3 -0.397727 0.159854 -0.903471 -0.135944
6 1 3 0.0550916 -0.0859239 0.994777 1.04474
7 1 3 0.0978503 0.946971 0.306058 -1.24081
8 1 3 -0.0402032 0.0161399 -0.999061 0.469855
6 2 3 0.687535 0.169892 -0.705997 -0.494845
7 2 3 0.163295 0.820301 0.548125 -1.31547
8 2 3 -0.106322 -0.343341 0.933173 0.119947
6 0 4 0.483975 0.371876 -0.792134 -0.252462
7 0 4 0.170643 0.446414 0.878405 -0.141447
8 0 4 -0.913024 0.175577 -0.368185 -0.286814
6 1 4 0.510331 -0.570748 -0.64328 -0.538097
7 1 4 0.177374 0.816585 -0.549297 -0.767101
8 1 4 -0.464165 0.741914 -0.483854 -1.09112
6 2 4 0.815626 -0.493164 0.302562 0.324147
7 2 4 -0.345484 0.723109 -0.598126 -0.104801
8 2 4 -0.152806 0.248031 0.956625 -0.382534
6 0 5 -0.0900787 -0.782468 -0.61614 -0.0614136
7 0 5 -0.39632 0.637509 -0.660691 0.0883453
8 0 5 0.906523 -0.0403996 -0.420218 -0.202787
6 1 5 -0.167473 -0.91451 0.368273 -1.22064
7 1 5 -0.111749 -0.965939 -0.233398 0.516163
8 1 5 0.186373 0.00651821 -0.982457 -1.12312
6 2 5 0.428697 0.0552849 -0.901755 0.33662
7 2 5 -0.399133 0.77819 0.484885 0.622636
8 2 5 0.0216809 0.0265932 0.999411 0.697556
0 3 3 -0.93505 0.306547 -0.178075 -0.0534422
1 3 3 -0.867604 -0.107315 0.485537 0.0564368
2 3 3 -0.14171 0.171508 -0.974938 -0.834429
0 4 3 0.000798861 0.102065 0.994777 0.97395
1 4 3 0.376697 -0.874316 0.306058 -0.0650263
2 4 3 -0.0244781 -0.0357437 -0.999061 0.464629
0 5 3 0.311063 0.636245 -0.705997 -0.69586
1 5 3 -0.54203 0.085723 -0.835975 0.349787
2 5 3 -0.0569286 0.354889 0.933173 0.730495
0 3 4 0.277477 0.231899 -0.932325 -0.717369
1 3 4 0.0308312 -0.0244673 0.999225 0.0580542
2 3 4 0.195777 -0.323582 -0.925725 -0.472536
0 4 4 0.738883 -0.129466 -0.661279 -0.54273
1 4 4 -0.0885165 0.037488 0.995369 -0.258238
2 4 4 0.466992 -0.740138 -0.483854 -0.504497
0 5 4 0.953107 -0.00667005 0.302562 -0.0779132
1 5 4 0.11089 0.130063 0.985285 -1.2614
2 5 4 0.280737 0.0778179 0.956625 -1.07631
0 3 5 0.703028 -0.355138 -0.61614 -0.745629
1 3 5 -0.0925729 -0.0600221 0.993895 -0.449494
2 3 5 0.435434 0.796124 -0.420218 -0.00121734
0 4 5 0.022746 0.233784 -0.972022 -0.291063
1 4 5 0.534349 -0.812401 -0.233398 0.0642733
2 4 5 0.712394 -0.64096 -0.285772 -1.27865
0 5 5 -0.787155 -0.608076 0.103105 0.0755489
1 5 5 -0.237988 0.0108942 0.971207 -0.984076
2 5 5 -0.0107759 -0.0325751 0.999411 -1.75831
3 3 3 -0.0748296 -0.981168 -0.178075 -0.147394
4 3 3 -0.331658 -0.175021 -0.927023 -1.18199
5 3 3 0.204065 0.0886247 -0.974938 -1.40814
3 4 3 -0.0958749 0.0350143 0.994777 0.935667
4 4 3 -0.474839 -0.82514 0.306058 -0.0882138
5 4 3 0.0252165 0.0352267 -0.999061 -0.232184
3 5 3 0.573799 0.415118 -0.705997 0.168838
4 5 3 -0.223914 -0.501007 -0.835975 -0.609872
5 5 3 -0.172567 0.0451551 -0.983962 -1.72677
3 3 4 -0.256378 0.255032 -0.932325 -1.68045
4 3 4 -0.122056 0.923474 0.363727 0.593344
5 3 4 0.0593679 0.4679 0.881785 -0.607641
3 4 4 -0.258465 0.704206 -0.661279 0.867428
4 4 4 -0.176942 -0.884782 -0.431105 0.275835
5 4 4 -0.694844 -0.463253 0.55008 -0.481493
3 5 4 0.659828 -0.687811 0.302562 -0.242496
4 5 4 0.799896 0.049107 -0.598126 -0.0303909
5 5 4 0.286469 0.0529566 0.956625 0.113661
3 3 5 -0.671409 0.411803 -0.61614 -0.0175358
4 3 5 -0.106353 -0.029351 0.993895 -1.50586
5 3 5 0.0928961 0.48249 0.870961 -1.07121
3 4 5 0.917664 -0.149225 0.368273 0.0310997
4 4 5 -0.0222946 -0.0293001 0.999322 -0.84733
5 4 5 -0.536139 -0.0787794 0.840446 -0.68783
3 5 5 0.0108446 -0.994611 0.103105 -0.776759
4 5 5 0.0213209 -0.0275949 -0.999392 -0.0782664
5 5 5 -0.0327106 -0.0103575 0.999411 -0.541666
6 3 3 -0.367465 0.91283 -0.178075 -0.493102
7 3 3 -0.786328 0.382023 0.485537 0.0227736
8 3 3 0.212323 0.0664497 -0.974938 0.547202
6 4 3 -0.0886309 0.0506219 0.994777 0.888935
7 4 3 0.31996 -0.896635 0.306058 0.307537
8 4 3 -0.0395639 0.017649 -0.999061 0.4794
6 5 3 -0.234764 0.668172 -0.705997 -0.557854
7 5 3 0.252731 0.345553 0.903726 -1.05333
8 5 3 -0.0249599 0.358559 0.933173 -0.304743
6 3 4 -0.316064 0.175711 -0.932325 -0.243945
7 3 4 -0.865284 -0.344944 0.363727 0.116172
8 3 4 -0.500974 0.78324 -0.368185 -1.13482
6 4 4 -0.643436 0.385617 -0.661279 0.328497
7 4 4 0.0625468 0.072996 0.995369 -0.045706
8 4 4 0.37215 0.792079 -0.483854 -0.964637
6 5 4 0.941424 0.14892 0.302562 0.0898807
7 5 4 -0.168979 -0.0256706 0.985285 -1.88532
8 5 4 -0.0878505 0.277761 0.956625 -1.85676
6 3 5 0.379248 0.69032 -0.61614 -1.04518
7 3 5 0.707359 0.251259 -0.660691 0.160359
8 3 5 -0.628617 0.654414 -0.420218 -0.424191
6 4 5 0.234046 -0.0198722 -0.972022 -0.418306
7 4 5 -0.836479 0.495811 -0.233398 -0.287869
8 4 5 0.516756 0.80703 -0.285772 -0.953964
6 5 5 0.406746 0.907704 0.103105 -0.118492
7 5 5 -0.189887 0.853715 0.484885 -1.22235
8 5 5 0.0157387 0.0304885 0.999411 0.694654
0 6 3 0.0938317 0.357144 -0.929324 -1.85624
1 6 3 -0.820061 -0.30291 0.485537 0.309059
2 6 3 0.0952603 -0.201053 -0.974938 0.322554
0 7 3 -0.118043 0.474198 -0.872469 -1.64448
1 7 3 -0.502083 0.418701 -0.756705 -1.43288
2 7 3 0.0432746 -0.00202469 -0.999061 -0.363771
0 8 3 0.166323 -0.688407 -0.705997 0.259352
1 8 3 -0.530301 0.14116 -0.835975 -0.403852
2 8 3 0.152403 0.325516 0.933173 0.845296
0 6 4 -0.0101599 -0.36148 -0.932325 -0.357942
1 6 4 -0.64971 -0.667518 0.363727 -0.802809
2 6 4 -0.913455 -0.17332 -0.368185 0.113866
0 7 4 -0.285163 0.693824 -0.661279 -1.63423
1 7 4 -0.388003 0.459855 -0.798741 -0.695633
2 7 4 0.867987 0.111732 -0.483854 -0.675867
0 8 4 -0.924409 0.232217 0.302562 0.50273
1 8 4 0.402241 -0.693143 -0.598126 0.802679
2 8 4 -0.174947 0.232943 0.956625 -0.140096
0 6 5 -0.181257 -0.766496 -0.61614 -1.16166
1 6 5 -0.244356 -0.709773 -0.660691 -0.501431
2 6 5 0.655823 0.45453 -0.602742 0.39337
0 7 5 -0.609695 0.701888 0.368273 -0.043246
1 7 5 0.682764 -0.692358 -0.233398 0.279755
2 7 5 0.94535 -0.156998 -0.285772 -1.01813
0 8 5 -0.0565757 0.428528 -0.901755 -0.28771
1 8 5 -0.0142803 0.237809 0.971207 -0.39034
2 8 5 -0.0292114 -0.0179987 0.999411 -1.75084
3 6 3 0.320347 -0.930412 -0.178075 -0.517083
4 6 3 -0.855077 0.181927 0.485537 0.53036
5 6 3 -0.358842 0.234463 -0.903471 -1.97789
3 7 3 0.013954 0.10111 0.994777 1.08784
4 7 3 0.859408 -0.409568 0.306058 0.80166
5 7 3 -0.0222821 0.0371524 -0.999061 -0.68868
3 8 3 -0.664076 -0.246111 -0.705997 0.68503
4 8 3 0.54479 0.0659455 -0.835975 0.302579
5 8 3 0.0745757 -0.162039 -0.983962 -1.81551
3 6 4 -0.189789 -0.58009 -0.792134 -1.15158
4 6 4 -0.926781 0.0936953 0.363727 -0.491928
5 6 4 -0.929749 -0.0024647 -0.368185 -0.815839
3 7 4 0.748061 -0.0558067 -0.661279 0.0707525
4 7 4 -0.53817 -0.269045 -0.798741 0.404311
5 7 4 -0.500384 -0.717984 -0.483854 -1.10748
3 8 4 -0.407356 -0.861695 0.302562 0.0449596
4 8 4 -0.1632 -0.0507794 0.985285 -0.7769
5 8 4 0.106553 0.271137 0.956625 -0.176137
3 6 5 -0.757688 -0.215129 -0.61614 -1.05244
4 6 5 -0.572149 -0.485936 -0.660691 -0.282841
5 6 5 0.399108 0.690952 -0.602742 0.460668
3 7 5 -0.488903 -0.752308 0.441596 -0.0152296
4 7 5 -0.0208508 -0.0303445 0.999322 0.0298466
5 7 5 -0.843269 0.447015 0.298454 -0.503941
3 8 5 -0.786552 0.608855 0.103105 -0.0823337
4 8 5 0.0121064 0.237929 0.971207 -1.5146
5 8 5 -0.00748537 0.0334848 0.999411 -2.04785
6 6 3 -0.058162 0.364656 -0.929324 -0.942234
7 6 3 -0.441261 -0.754681 0.485537 -0.100296
8 6 3 0.0505703 0.216655 -0.974938 0.50697
6 7 3 -0.0945119 -0.0385422 0.994777 1.92337
7 7 3 -0.845504 0.437552 0.306058 -0.497044
8 7 3 -0.0424652 0.00857299 -0.999061 -0.217239
6 8 3 -0.521544 -0.479124 -0.705997 0.0760803
7 8 3 -0.382076 0.393908 -0.835975 0.219727
8 8 3 -0.240912 0.266737 0.933173 0.729388
6 6 4 0.0194994 -0.361096 -0.932325 -1.14339
7 6 4 -0.673144 -0.643879 0.363727 -0.680393
8 6 4 -0.284754 0.375992 0.881785 0.643666
6 7 4 -0.584259 -0.494805 -0.64328 -0.594581
7 7 4 -0.537877 -0.269631 -0.798741 -0.628228
8 7 4 -0.79579 -0.364148 -0.483854 -0.709714
6 8 4 0.399354 0.865432 0.302562 -0.170346
7 8 4 -0.170212 0.0155215 0.985285 -0.494111
8 8 4 0.106804 -0.271038 0.956625 -0.611242
6 6 5 -0.430937 -0.659291 -0.61614 -0.137752
7 6 5 -0.335559 0.671482 -0.660691 -0.576161
8 6 5 -0.786664 -0.133648 -0.602742 -0.579439
6 7 5 -0.691186 0.621801 0.368273 -0.57735
7 7 5 0.578503 0.781575 -0.233398 0.271235
8 7 5 -0.888756 0.347904 0.298454 -0.926797
6 8 5 0.46225 0.880735 0.103105 -0.746756
7 8 5 -0.240898 0.840747 0.484885 -1.44321
8 8 5 -0.23045 0.708049 0.667502 -0.216261
0 0 6 -0.36775 0.033415 -0.929324 -1.68878
1 0 6 0.539928 0.687555 0.485537 0.218785
2 0 6 -0.110091 0.19333 -0.974938 0.346039
0 1 6 0.0868701 -0.0649901 -0.994098 -2.56139
1 1 6 -0.536993 -0.372876 -0.756705 -1.1886
2 1 6 0.0311326 -0.0301256 -0.999061 -0.991412
0 2 6 0.67776 -0.205449 -0.705997 -1.61509
1 2 6 -0.548663 -0.0106886 -0.835975 -0.972458
2 2 6 -0.176822 0.0234997 -0.983962 -0.932305
0 0 7 -0.327399 0.153561 -0.932325 -0.745795
1 0 7 0.894448 0.260126 0.363727 0.284991
2 0 7 -0.313241 0.875397 -0.368185 -0.398437
0 1 7 -0.248577 -0.707756 -0.661279 -0.0581003
1 1 7 0.367885 -0.476102 -0.798741 -0.545156
2 1 7 -0.0747531 0.87195 -0.483854 -0.721825
0 2 7 0.92938 -0.211445 0.302562 0.50462
1 2 7 -0.747849 0.288042 -0.598126 0.894541
2 2 7 0.0609899 0.284867 0.956625 0.431797
0 0 8 0.747857 0.247145 -0.61614 -0.951912
1 0 8 -0.27422 0.698779 -0.660691 -0.255646
2 0 8 -0.41742 -0.680046 -0.602742 -0.58012
0 1 8 -0.415094 0.831909 0.368273 -0.674162
1 1 8 -0.944146 0.232623 -0.233398 -0.380189
2 1 8 -0.765578 -0.576389 -0.285772 0.0169879
0 2 8 0.081473 0.991328 0.103105 -0.0579861
1 2 8 -0.214525 -0.103615 0.971207 -0.271723
2 2 8 0.366323 -0.0561964 0.928789 -0.756504
3 0 6 0.851666 -0.492904 -0.178075 -0.603357
4 0 6 0.722843 -0.491682 0.485537 -1.29709
5 0 6 -0.0129814 -0.2221 -0.974938 1.77118
3 1 6 0.093252 0.0414978 0.994777 0.6754
4 1 6 0.0899861 -0.0461804 0.994872 -1.17822
5 1 6 -0.288464 0.217658 0.932423 -1.19081
3 2 6 -0.640824 -0.301517 -0.705997 -0.494021
4 2 6 -0.416139 -0.100539 0.903726 -1.0463
5 2 6 -0.139949 -0.331061 0.933173 -1.02904
3 0 7 0.287721 -0.21906 -0.932325 -0.79983
4 0 7 -0.0312604 -0.930981 0.363727 -0.287489
5 0 7 0.350123 0.316019 0.881785 0.98189
3 1 7 -0.733352 0.219967 -0.64328 -0.214944
4 1 7 0.536045 -0.273255 -0.798741 0.0118868
5 1 7 -0.83497 0.0153773 0.55008 0.576013
3 2 7 -0.92896 -0.213285 0.302562 0.202846
4 2 7 0.574933 -0.558299 -0.598126 0.206687
5 2 7 -0.240944 0.163752 0.956625 0.31924
3 0 8 -0.0871281 -0.153689 -0.98427 -1.30435
4 0 8 -0.649641 -0.376105 -0.660691 0.133466
5 0 8 0.0127906 -0.434913 -0.900382 -0.0544582
3 1 8 0.319555 0.838378 0.441596 0.356425
4 1 8 0.905594 0.354154 -0.233398 -1.197
5 1 8 0.915047 0.284647 -0.285772 -0.358194
3 2 8 0.870814 0.480679 0.103105 -0.0722314
4 2 8 0.023717 -0.0255649 -0.999392 -1.58993
5 2 8 0.333723 -0.700645 -0.630655 -0.939065
6 0 6 -0.391501 -0.902782 -0.178075 -0.792268
7 0 6 0.35182 -0.129815 -0.927023 -0.606099
8 0 6 0.198589 -0.100294 -0.974938 -2.38762
6 1 6 -0.00333323 -0.102014 0.994777 -0.396549
7 1 6 0.0545509 -0.0851723 0.994872 1.27964
8 1 6 0.0409084 0.0142582 -0.999061 -1.26313
6 2 6 -0.698378 0.117627 -0.705997 0.549603
7 2 6 0.429715 0.341307 -0.835975 0.0283635
8 2 6 -0.0210212 0.177134 -0.983962 -0.823624
6 0 7 -0.224029 -0.283869 -0.932325 0.0684974
7 0 7 -0.0680827 -0.929014 0.363727 1.201
8 0 7 0.109209 0.923317 -0.368185 -0.222021
6 1 7 0.7333 0.158055 -0.661279 -0.164475
7 1 7 0.470001 0.690921 -0.549297 0.065514
8 1 7 0.16386 0.818878 0.55008 -0.284785
6 2 7 0.726833 -0.616579 0.302562 0.0400531
7 2 7 -0.170332 0.0141437 0.985285 -0.478577
8 2 7 -0.203717 0.208251 0.956625 -1.13198
6 0 8 0.277379 0.737178 -0.61614 -1.10776
7 0 8 0.155387 0.181949 -0.970953 -0.998702
8 0 8 0.335839 -0.276631 -0.900382 -0.501569
6 1 8 0.897123 0.244017 0.368273 -1.00848
7 1 8 0.461675 0.86946 0.175768 -1.38235
8 1 8 -0.65191 0.378087 0.657315 -0.874633
6 2 8 -0.221029 -0.969802 0.103105 -0.208119
7 2 8 0.232648 0.0512994 0.971207 -1.06611
8 2 8 0.149404 -0.339159 0.928789 -0.804529
0 3 6 -0.0829753 -0.980512 -0.178075 0.138879
1 3 6 -0.156295 0.860131 0.485537 0.312839
2 3 6 -0.174179 0.138414 -0.974938 -1.59012
0 4 6 0.0258831 0.0987323 0.994777 0.524776
1 4 6 -0.0978311 -0.0256748 0.994872 -0.107136
2 4 6 0.0179077 -0.0394475 -0.999061 0.52009
0 5 6 -0.316456 0.634065 0.705561 -0.43751
1 5 6 0.20266 0.377106 0.903726 -1.61127
2 5 6 -0.227188 -0.278519 0.933173 -0.412262
0 3 7 0.187005 0.309516 -0.932325 0.58747
1 3 7 0.930146 0.0503068 0.363727 1.04492
2 3 7 0.697858 0.614357 -0.368185 -1.13612
0 4 7 0.7459 0.386511 -0.542442 -0.912771
1 4 7 -0.469372 0.376433 -0.798741 0.177565
2 4 7 0.833411 0.267042 -0.483854 0.152538
0 5 7 0.944421 0.128555 0.302562 -0.911317
1 5 7 0.662674 0.450677 -0.598126 0.848012
2 5 7 -0.208239 -0.203729 0.956625 -0.440523
0 3 8 0.142317 -0.680693 0.718612 0.863992
1 3 8 -0.736115 0.147046 -0.660691 0.405588
2 3 8 -0.168524 0.401139 -0.900382 -0.558717
0 4 8 0.423384 -0.82772 0.368273 -0.0965241
1 4 8 -0.816345 -0.528305 -0.233398 -1.09598
2 4 8 -0.269944 -0.70361 0.657315 0.911002
0 5 8 0.713629 0.692894 0.103105 -0.212219
1 5 8 -0.218826 0.0941916 0.971207 0.616356
2 5 8 0.199388 0.312402 0.928789 -0.125832
3 3 6 0.509973 -0.236937 -0.826915 0.00778169
4 3 6 -0.684147 0.54424 0.485537 0.534212
5 3 6 -0.135184 -0.176697 -0.974938 0.159432
3 4 6 -0.0972291 0.0310566 0.994777 1.58508
4 4 6 -0.030965 -0.949689 -0.31166 0.281393
5 4 6 -0.0277334 0.0332814 -0.999061 -0.415149
3 5 6 -0.476848 -0.523626 -0.705997 -0.250657
4 5 6 0.321841 -0.444482 -0.835975 -1.2662
5 5 6 0.346975 0.0937847 0.933173 0.675288
3 3 7 -0.359347 0.0405082 -0.932325 -0.930724
4 3 7 0.8638 0.348643 0.363727 1.12595
5 3 7 0.242964 -0.897446 -0.368185 0.127139
3 4 7 -0.840075 -0.00555077 -0.542442 -0.716963
4 4 7 -0.207939 0.564601 -0.798741 -0.578411
5 4 7 -0.610072 0.627453 -0.483854 -0.294949
3 5 7 -0.452336 0.877892 -0.157156 0.663213
4 5 7 0.57273 -0.560559 -0.598126 -0.422324
5 5 7 0.151725 0.248694 0.956625 -0.160505
3 3 8 -0.768836 0.171062 -0.61614 -1.53908
4 3 8 -0.639357 -0.393332 -0.660691 -0.55974
5 3 8 -0.43271 -0.0455534 -0.900382 -1.21498
3 4 8 -0.722989 0.584518 0.368273 0.285226
4 4 8 0.946093 0.224573 -0.233398 0.380473
5 4 8 -0.0402227 0.752541 0.657315 0.494081
3 5 8 0.422312 -0.900567 0.103105 1.32841
4 5 8 0.0111709 0.0330344 -0.999392 -0.82332
5 5 8 -0.0956987 0.358039 0.928789 0.695603
6 3 6 -0.349966 -0.919681 -0.178075 -0.00923743
7 3 6 -0.327999 0.181785 -0.927023 -1.5449
8 3 6 -0.0920501 -0.202543 -0.974938 -1.33766
6 4 6 -0.612818 0.377976 -0.693965 -1.17539
7 4 6 -0.111122 0.644244 -0.756705 -2.28237
8 4 6 0.0159144 0.0402929 -0.999061 -1.3259
6 5 6 0.539578 -0.45872 -0.705997 0.0633458
7 5 6 -0.433327 0.33671 -0.835975 -1.29338
8 5 6 -0.157924 -0.0829352 -0.983962 -0.096613
6 3 7 0.327301 0.153769 -0.932325 -0.219747
7 3 7 -0.759891 0.538765 0.363727 0.199794
8 3 7 0.458976 0.10861 0.881785 0.00851263
6 4 7 -0.243607 -0.803998 -0.542442 -0.957574
7 4 7 0.601573 -0.0110383 -0.798741 -0.139337
8 4 7 0.869776 -0.0968213 -0.483854 -0.731503
6 5 7 -0.610728 -0.731757 0.302562 -0.947294
7 5 7 -0.769969 0.222247 -0.598126 0.381669
8 5 7 0.290109 -0.0265657 0.956625 0.422355
6 3 8 0.117159 -0.778874 -0.61614 -1.25217
7 3 8 -0.06201 -0.0912533 0.993895 -0.785618
8 3 8 0.259921 0.416974 0.870961 -1.36297
6 4 8 -0.0638304 -0.927524 0.368273 -0.918015
7 4 8 0.0021041 -0.0367576 0.999322 -0.847877
8 4 8 0.0246684 -0.0157368 0.999572 -1.77938
6 5 8 0.27329 -0.95639 0.103105 -0.671017
7 5 8 -0.205863 -0.119904 0.971207 -0.780446
8 5 8 0.114178 0.352582 0.928789 -0.549006
0 6 6 -0.720257 -0.326427 0.612108 -0.992164
1 6 6 -0.851349 0.19864 0.485537 -0.813732
2 6 6 -0.723313 -0.219839 -0.654591 -0.122172
0 7 6 -0.0213619 0.0998082 0.994777 0.704205
1 7 6 0.54304 0.779728 -0.31166 0.504985
2 7 6 0.0141914 -0.0409316 -0.999061 0.0953391
0 8 6 0.594092 0.583752 -0.553433 -0.526634
1 8 6 -0.428108 -0.0018936 0.903726 -0.0146869
2 8 6 -0.101608 0.0358305 0.994179 -0.744122
0 6 7 -0.879428 -0.42122 0.221766 -0.766904
1 6 7 -0.926959 -0.0919257 0.363727 -1.04726
2 6 7 -0.465101 0.0783317 0.881785 0.209762
0 7 7 -0.306799 -0.782069 -0.542442 -0.147206
1 7 7 -0.596529 0.0785212 -0.798741 -1.16332
2 7 7 -0.653954 0.581575 -0.483854 -0.897012
0 8 7 0.691334 0.656136 0.302562 -0.217986
1 8 7 0.23724 -0.765482 -0.598126 0.973972
2 8 7 -0.252755 -0.144859 0.956625 -0.151594
0 6 8 -0.529224 0.583346 -0.61614 -0.235774
1 6 8 -0.323909 -0.677178 -0.660691 -0.231409
2 6 8 -0.0628778 0.430533 -0.900382 -0.251143
0 7 8 0.68365 -0.630077 0.368273 0.247745
1 7 8 -0.151273 0.960542 -0.233398 0.233253
2 7 8 0.0623893 0.751029 0.657315 -0.992461
0 8 8 0.925714 0.3639 0.103105 -1.61857
1 8 8 0.133778 -0.19713 0.971207 0.729615
2 8 8 0.295074 -0.224236 0.928789 -0.496569
3 6 6 0.211137 -0.961099 -0.178075 -0.635327
4 6 6 0.764383 -0.424231 0.485537 -0.371355
5 6 6 -0.171931 -0.141196 -0.974938 -0.401062
3 7 6 0.0754578 -0.0687323 0.994777 0.44746
4 7 6 0.185725 -0.931866 -0.31166 -0.568356
5 7 6 -0.0148492 -0.0406975 -0.999061 0.173736
3 8 6 0.636976 -0.310556 0.705561 -0.723564
4 8 6 0.240004 -0.354511 0.903726 -1.60189
5 8 6 0.334996 -0.13025 0.933173 0.0484777
3 6 7 0.280154 0.228658 -0.932325 -0.421569
4 6 7 0.807103 -0.465067 0.363727 0.00889666
5 6 7 -0.928358 -0.0509126 -0.368185 0.2159
3 7 7 -0.164904 0.747661 -0.64328 -1.02294
4 7 7 -0.0485161 -0.599715 -0.798741 -1.06415
5 7 7 0.804962 0.343396 -0.483854 0.0752827
3 8 7 -0.589354 0.792441 -0.157156 0.415656
4 8 7 0.737684 -0.313158 -0.598126 0.130566
5 8 7 -0.284998 0.0603748 0.956625 -0.487601
3 6 8 -0.0163758 0.175908 -0.98427 -1.66069
4 6 8 -0.11464 -0.210019 -0.970953 -1.89125
5 6 8 0.202857 -0.384918 -0.900382 -0.515857
3 7 8 -0.710539 0.547839 0.441596 -0.5422
4 7 8 -0.896517 -0.37654 -0.233398 -0.601156
5 7 8 -0.023532 -0.0173903 0.999572 0.695069
3 8 8 0.790499 0.603722 0.103105 0.306277
4 8 8 -0.0449066 -0.487523 -0.871955 -0.707043
5 8 8 -0.258093 0.265967 0.928789 0.0602225
6 6 6 0.0561786 -0.982412 -0.178075 -0.386646
7 6 6 0.424278 0.764357 0.485537 0.777045
8 6 6 0.222385 -0.0064681 -0.974938 -0.853421
6 7 6 -0.006614 0.101854 0.994777 1.25787
7 7 6 -0.308323 -0.89878 -0.31166 0.686606
8 7 6 -0.0312996 0.0299521 -0.999061 -0.796718
6 8 6 -0.410424 0.577165 -0.705997 0.657155
7 8 6 0.0743823 0.543703 -0.835975 -1.22867
8 8 6 0.164109 -0.0699031 -0.983962 -1.29112
6 6 7 -0.9275 -0.300938 0.221766 0.234173
7 6 7 0.699943 0.614639 0.363727 0.751626
8 6 7 0.352864 -0.86019 -0.368185 -0.263319
6 7 7 0.833827 0.102423 -0.542442 0.179535
7 7 7 0.144484 -0.584069 -0.798741 -1.27965
8 7 7 -0.866635 -0.121773 -0.483854 -0.0237063
6 8 7 0.905288 -0.298178 0.302562 -0.202829
7 8 7 0.486929 -0.636511 -0.598126 -1.51623
8 8 7 0.951886 -0.00688104 0.306374 -0.184125
6 6 8 0.660918 -0.428438 -0.61614 -0.781006
7 6 8 0.615988 -0.429007 -0.660691 -0.456564
8 6 8 -0.203719 -0.384462 -0.900382 -0.352501
6 7 8 -0.929443 -0.0226177 0.368273 0.214535
7 7 8 -0.590558 -0.772507 -0.233398 -1.05936
8 7 8 -0.0203561 0.0210192 0.999572 -0.244842
6 8 8 0.181722 -0.503164 0.844868 0.539667
7 8 8 -0.0838515 -0.482352 -0.871955 0.0520961
8 8 8 0.228768 0.291574 0.928789 -0.465661
