Position_x Position_y Position_z Spin_x Spin_y Spin_z Spin_energy Temperature n_spins
0 0 0 0.0010982 -0.0385806 -0.999255 -2.99742 0.001 729
1 0 0 0.0587891 -0.0294272 -0.997837 -2.99648
2 0 0 0.110916 -0.0121919 -0.993755 -2.99521
0 1 0 0.00828911 -0.0181406 -0.999801 -2.99685
1 1 0 0.0636706 -0.00864417 -0.997934 -2.99453
2 1 0 0.092515 0.00776927 -0.995681 -2.99703
0 2 0 0.026519 -0.0345279 -0.999052 -2.9948
1 2 0 0.0755836 -0.0613015 -0.995253 -2.99077
2 2 0 0.111686 -0.00978657 -0.993695 -2.99373
0 0 1 -0.00780393 -0.0171394 -0.999823 -2.99929
1 0 1 -0.00135563 0.0111341 -0.999937 -2.99818
2 0 1 0.0197148 -0.00378732 -0.999798 -2.99723
0 1 1 -0.0135379 0.00701974 -0.999884 -2.99904
1 1 1 0.000490614 -0.000163812 -1 -2.9985
2 1 1 0.0166242 0.00410492 -0.999853 -2.99731
0 2 1 0.00237944 0.00320116 -0.999992 -2.99846
1 2 1 -0.00258046 0.000574748 -0.999997 -2.99556
2 2 1 0.0488802 -0.0369822 -0.99812 -2.99649
0 0 2 0.000180943 0.000422856 -1 -2.99927
1 0 2 -0.00962712 0.000346957 -0.999954 -2.99716
2 0 2 -0.000815801 -0.00296214 -0.999995 -2.99909
0 1 2 0.00843558 -0.00423191 -0.999955 -2.9984
1 1 2 0.0326421 -0.0159726 -0.999339 -2.99814
2 1 2 -0.00103282 -0.00569744 -0.999983 -2.99772
0 2 2 0.00565818 0.0229549 -0.99972 -2.99474
1 2 2 0.030242 -0.00298621 -0.999538 -2.99768
2 2 2 0.0605425 -0.0141229 -0.998066 -2.99648
3 0 0 0.0693196 -0.0354123 -0.996966 -2.99741
4 0 0 0.0591384 -0.043695 -0.997293 -2.9967
5 0 0 0.0386038 -0.017269 -0.999105 -2.99586
3 1 0 0.0888028 -0.0165862 -0.995911 -2.99776
4 1 0 0.0941305 -0.0343667 -0.994967 -2.99655
5 1 0 0.0895368 -0.0558708 -0.994415 -2.99423
3 2 0 0.120687 -0.0203545 -0.992482 -2.99378
4 2 0 0.139356 -0.0291463 -0.989813 -2.99373
5 2 0 0.154173 -0.057884 -0.986347 -2.99095
3 0 1 0.0448776 -0.0311081 -0.998508 -2.99709
4 0 1 0.00553759 -0.00975401 -0.999937 -2.99738
5 0 1 0.0209015 -0.0315048 -0.999285 -2.99915
3 1 1 0.035422 -0.0295644 -0.998935 -2.99862
4 1 1 0.0564374 -0.0327616 -0.997868 -2.99821
5 1 1 0.0398716 -0.0302242 -0.998748 -2.99837
3 2 1 0.0444357 -0.0277824 -0.998626 -2.99691
4 2 1 0.0444367 -0.0647633 -0.996911 -2.99617
5 2 1 0.0698019 -0.0364192 -0.996896 -2.99559
3 0 2 0.000222686 0.000402441 -1 -2.99764
4 0 2 -0.00234591 0.00934336 -0.999954 -2.99624
5 0 2 0.0175852 -0.0219721 -0.999604 -2.99651
3 1 2 0.0432198 -0.0120888 -0.998992 -2.99766
4 1 2 0.0386892 -0.0524097 -0.997876 -2.99664
5 1 2 0.0646706 -0.0297586 -0.997463 -2.99709
3 2 2 0.0320455 -0.0426242 -0.998577 -2.99541
4 2 2 0.0430126 -0.0738531 -0.996341 -2.9974
5 2 2 0.040329 -0.0991359 -0.994256 -2.99251
6 0 0 0.0640153 0.0030543 -0.997944 -2.99707
7 0 0 0.0718865 0.0154576 -0.997293 -2.99458
8 0 0 0.0242919 -0.0233593 -0.999432 -2.99599
6 1 0 0.0296436 -0.0128147 -0.999478 -2.99355
7 1 0 0.0102729 -0.00591838 -0.99993 -2.99305
8 1 0 6.97545e-05 -0.0397265 -0.999211 -2.99447
6 2 0 0.0654809 -0.0338651 -0.997279 -2.99433
7 2 0 0.0344476 -0.0322792 -0.998885 -2.99502
8 2 0 0.0419361 -0.00590808 -0.999103 -2.99652
6 0 1 0.017197 -0.00767609 -0.999823 -2.99875
7 0 1 0.00477053 0.0101512 -0.999937 -2.99839
8 0 1 0.00639602 -0.0190292 -0.999798 -2.99936
6 1 1 0.0460022 0.00354485 -0.998935 -2.998
7 1 1 0.0170674 0.000393008 -0.999854 -2.99909
8 1 1 0.0171231 -0.000122765 -0.999853 -2.99908
6 2 1 0.0535479 -0.0324816 -0.998037 -2.99886
7 2 1 0.0211414 -0.0265334 -0.999424 -2.99931
8 2 1 0.0186675 -0.0154474 -0.999706 -2.9994
6 0 2 0.00042223 -0.000182399 -1 -2.99746
7 0 2 -0.00659364 0.00702322 -0.999954 -2.99729
8 0 2 0.0276155 -0.0054215 -0.999604 -2.99757
6 1 2 0.043223 -0.0523947 -0.997691 -2.99691
7 1 2 0.00236108 -0.0385301 -0.999255 -2.99668
8 1 2 0.00555044 0.0016493 -0.999983 -2.99885
6 2 2 0.0526002 -0.0423001 -0.997719 -2.99782
7 2 2 0.0409256 -0.0241945 -0.998869 -2.99611
8 2 2 0.0031736 -0.00276355 -0.999991 -2.99481
0 3 0 0.0571709 -0.0251377 -0.998048 -2.99742
1 3 0 0.117932 -0.0706963 -0.990502 -2.99325
2 3 0 0.157226 -0.0802166 -0.984299 -2.98736
0 4 0 0.0567893 -0.0500881 -0.997129 -2.9957
1 4 0 0.143861 -0.0744428 -0.986794 -2.9927
2 4 0 0.161179 -0.0627799 -0.984926 -2.98975
0 5 0 0.0674079 -0.0324077 -0.997199 -2.99466
1 5 0 0.0891554 -0.0549228 -0.994502 -2.99577
2 5 0 0.124607 -0.0393323 -0.991426 -2.99258
0 3 1 0.0527177 -0.0142321 -0.998508 -2.999
1 3 1 0.0443232 -0.0191886 -0.998833 -2.99628
2 3 1 0.0820961 -0.0110921 -0.996563 -2.99538
0 4 1 0.0417586 -0.0196212 -0.998935 -2.99839
1 4 1 0.0847216 -0.0136244 -0.996312 -2.99599
2 4 1 0.0675903 -0.0223383 -0.997463 -2.99487
0 5 1 0.0371532 -0.0482778 -0.998143 -2.99881
1 5 1 0.0510714 -0.0293407 -0.998264 -2.99736
2 5 1 0.0787306 -0.000415705 -0.996896 -2.99687
0 3 2 0.0320715 -0.0205956 -0.999273 -2.9971
1 3 2 0.0711669 -0.0326325 -0.99693 -2.99793
2 3 2 0.0714664 -0.0692213 -0.995038 -2.99419
0 4 2 0.0570497 -0.0630474 -0.996379 -2.9973
1 4 2 0.039821 -0.0515551 -0.997876 -2.99458
2 4 2 0.133781 -0.0822913 -0.987588 -2.99114
0 5 2 0.0341197 -0.0409827 -0.998577 -2.99531
1 5 2 0.0349348 -0.0779995 -0.996341 -2.99445
2 5 2 0.126266 -0.0346746 -0.99139 -2.98992
3 3 0 0.165095 -0.100606 -0.981133 -2.99027
4 3 0 0.116904 -0.0517802 -0.991792 -2.99377
5 3 0 0.0909378 -0.0273412 -0.995481 -2.98805
3 4 0 0.160666 -0.0973941 -0.982192 -2.98424
4 4 0 0.121619 -0.035817 -0.99193 -2.9867
5 4 0 0.0904278 -0.0857627 -0.992203 -2.99372
3 5 0 0.109444 -0.0398323 -0.993195 -2.98755
4 5 0 0.0973781 -0.0464771 -0.994162 -2.99336
5 5 0 0.0229028 -0.0770149 -0.996767 -2.99374
3 3 1 0.110095 -0.0141866 -0.99382 -2.99499
4 3 1 0.0734683 -0.0550403 -0.995778 -2.99645
5 3 1 0.0288055 -0.0642999 -0.997515 -2.99661
3 4 1 0.0913944 -0.0253789 -0.995491 -2.99632
4 4 1 0.0668275 -0.00421394 -0.997756 -2.99366
5 4 1 0.0771253 -0.0346339 -0.99642 -2.99675
3 5 1 0.048232 -0.0204955 -0.998626 -2.99718
4 5 1 0.0639967 -0.0235092 -0.997673 -2.9978
5 5 1 0.0475117 -0.0387247 -0.99812 -2.99858
3 3 2 0.0971564 -0.0347554 -0.994662 -2.99347
4 3 2 0.0294095 -0.0958555 -0.994961 -2.99237
5 3 2 0.0273883 -0.08736 -0.9958 -2.99271
3 4 2 0.111832 -0.0356135 -0.993089 -2.99451
4 4 2 0.119975 -0.11928 -0.985585 -2.98652
5 4 2 0.0639576 -0.0995854 -0.992971 -2.98819
3 5 2 0.0899664 -0.0600927 -0.99413 -2.99697
4 5 2 0.107303 -0.0851048 -0.990577 -2.99297
5 5 2 0.0396643 -0.0535313 -0.997778 -2.98948
6 3 0 0.0291924 -0.0553377 -0.998041 -2.98602
7 3 0 0.0427415 -0.0759199 -0.996197 -2.99341
8 3 0 0.0474712 -0.0315203 -0.998375 -2.99778
6 4 0 0.113149 -0.0970841 -0.988824 -2.99211
7 4 0 0.0738528 -0.0311683 -0.996782 -2.99465
8 4 0 0.0806202 -0.0460411 -0.995681 -2.99767
6 5 0 0.065091 -0.0346085 -0.997279 -2.992
7 5 0 0.0628749 -0.0892432 -0.994023 -2.99258
8 5 0 0.0610382 -0.0556304 -0.996584 -2.99588
6 3 1 0.0256696 -0.0608258 -0.997818 -2.99859
7 3 1 0.0304039 -0.037528 -0.998833 -2.99823
8 3 1 0.0370138 -0.00770719 -0.999285 -2.99889
6 4 1 0.0599771 -0.05373 -0.996753 -2.99699
7 4 1 0.0524636 -0.0379377 -0.997902 -2.999
8 4 1 0.049413 -0.0346094 -0.998179 -2.99848
6 5 1 0.0507692 -0.0366731 -0.998037 -2.99861
7 5 1 0.0781018 -0.00830718 -0.996911 -2.9949
8 5 1 0.0145579 -0.0193692 -0.999706 -2.99714
6 3 2 0.064375 -0.0871574 -0.994112 -2.99476
7 3 2 0.0853588 -0.0526029 -0.994961 -2.99559
8 3 2 0.0499896 -0.0409719 -0.997909 -2.99676
6 4 2 0.10814 -0.101958 -0.988894 -2.99141
7 4 2 0.057478 -0.0713623 -0.995793 -2.99353
8 4 2 0.0235489 -0.0753824 -0.996877 -2.9921
6 5 2 0.0464742 -0.0645958 -0.996829 -2.99392
7 5 2 0.0803305 -0.0613649 -0.994878 -2.99359
8 5 2 0.0183882 -0.0439717 -0.998864 -2.99485
0 6 0 0.0228912 -0.0310751 -0.999255 -2.99634
1 6 0 0.0437721 -0.028834 -0.998625 -2.99472
2 6 0 0.0422208 0.00242409 -0.999105 -2.98963
0 7 0 0.00438079 -0.0194576 -0.999801 -2.99796
1 7 0 0.00425836 -0.00172357 -0.999989 -2.9943
2 7 0 0.0323033 -0.0231236 -0.999211 -2.99858
0 8 0 -0.000160966 0.000379989 -1 -2.99738
1 8 0 0.0527779 0.000754573 -0.998606 -2.99714
2 8 0 0.0496933 -0.00457979 -0.998754 -2.99723
0 6 1 0.018823 -0.0267464 -0.999465 -2.99825
1 6 1 0.00980925 -0.00543915 -0.999937 -2.99727
2 6 1 0.0365719 -0.00958761 -0.999285 -2.99857
0 7 1 -0.014624 -0.00432313 -0.999884 -2.99925
1 7 1 -0.00471715 -0.0112892 -0.999925 -2.99961
2 7 1 0.00362839 -0.00143965 -0.999992 -2.99861
0 8 1 -0.0036008 -0.00171563 -0.999992 -2.99964
1 8 1 0.00114509 -0.00238283 -0.999997 -2.99892
2 8 1 0.0193559 -0.0145755 -0.999706 -2.99866
0 6 2 0.000722308 -0.085381 -0.996348 -2.9943
1 6 2 -0.000571158 -0.0782897 -0.99693 -2.99235
2 6 2 0.0701193 -0.0351719 -0.996918 -2.99565
0 7 2 0.00397212 -0.00453853 -0.999982 -2.99277
1 7 2 0.0159387 -0.0277939 -0.999487 -2.99748
2 7 2 0.0458028 0.00213608 -0.998948 -2.99701
0 8 2 -0.0225779 -0.0070128 -0.99972 -2.99679
1 8 2 0.0294464 -0.00751039 -0.999538 -2.99817
2 8 2 -1.7111e-05 0.00420816 -0.999991 -2.99724
3 6 0 0.0242811 -0.00925124 -0.999662 -2.99157
4 6 0 0.0641098 -0.0145624 -0.997837 -2.99583
5 6 0 0.0245344 -0.0231045 -0.999432 -2.99623
3 7 0 0.019328 -0.0258726 -0.999478 -2.99907
4 7 0 0.0495901 -0.0408594 -0.997934 -2.9982
5 7 0 0.000649548 -0.0289708 -0.99958 -2.99771
3 8 0 0.036931 -0.00620509 -0.999299 -2.99657
4 8 0 0.0239358 -0.0206815 -0.9995 -2.99754
5 8 0 0.00958143 -0.0258295 -0.99962 -2.99784
3 6 1 0.0384225 -0.00570558 -0.999245 -2.99797
4 6 1 0.0784087 -0.0141067 -0.996821 -2.99802
5 6 1 0.00937667 -0.0177509 -0.999798 -2.99737
3 7 1 0.0267276 -0.0159298 -0.999516 -2.99842
4 7 1 0.0637632 -0.0112232 -0.997902 -2.99703
5 7 1 7.60922e-05 -0.00225904 -0.999997 -2.99791
3 8 1 0.0308734 0.0348372 -0.998916 -2.99603
4 8 1 -0.000619072 0.00257019 -0.999997 -2.9978
5 8 1 -0.00649237 -0.0121158 -0.999906 -2.99927
3 6 2 0.0900419 -0.0602745 -0.994112 -2.9972
4 6 2 0.0677641 -0.0392126 -0.99693 -2.99718
5 6 2 0.0616804 -0.0392993 -0.997322 -2.99441
3 7 2 0.0501632 -0.0413096 -0.997886 -2.9964
4 7 2 0.0838375 -0.0282995 -0.996078 -2.99388
5 7 2 0.0464902 -0.0263998 -0.99857 -2.99586
3 8 2 0.02043 -0.0130901 -0.999706 -2.997
4 8 2 -0.0287998 0.00969906 -0.999538 -2.99114
5 8 2 0.0179604 -0.0187005 -0.999664 -2.99646
6 6 0 0.0376886 -0.064853 -0.997183 -2.99495
7 6 0 0.0472501 -0.0758856 -0.995996 -2.99633
8 6 0 0.0197345 -0.0431613 -0.998873 -2.99528
6 7 0 0.0321297 -0.00326259 -0.999478 -2.9948
7 7 0 0.0384729 -0.0357093 -0.998621 -2.99807
8 7 0 0.0363694 -0.0159833 -0.999211 -2.99827
6 8 0 0.0268878 -0.0369382 -0.998956 -2.99603
7 8 0 0.0187694 -0.0433163 -0.998885 -2.99639
8 8 0 -0.00656457 -0.0327118 -0.999443 -2.99733
6 6 1 0.00447965 -0.0150845 -0.999876 -2.99645
7 6 1 0.0370839 -0.0514629 -0.997986 -2.99725
8 6 1 0.00783896 -0.0369861 -0.999285 -2.99896
6 7 1 0.00557386 0.0141945 -0.999884 -2.99875
7 7 1 -0.00601502 -0.0159772 -0.999854 -2.99778
8 7 1 -0.00160089 -0.00159567 -0.999997 -2.999
6 8 1 0.00235253 0.00322099 -0.999992 -2.99906
7 8 1 -0.00257195 -0.000611713 -0.999997 -2.99904
8 8 1 0.0149473 -0.0190703 -0.999706 -2.99922
6 6 2 0.0210757 -0.0815378 -0.996447 -2.99148
7 6 2 0.0488153 -0.046187 -0.997739 -2.9927
8 6 2 0.0126309 -0.068158 -0.997595 -2.99643
6 7 2 0.0453031 0.00619303 -0.998954 -2.99321
7 7 2 0.0275901 -0.0432725 -0.998682 -2.99397
8 7 2 0.00286085 -0.00503419 -0.999983 -2.99653
6 8 2 0.00154276 -0.0235915 -0.99972 -2.99676
7 8 2 0.0186194 0.00276601 -0.999823 -2.99668
8 8 2 0.000330528 -0.0019848 -0.999998 -2.99576
0 0 3 0.023813 -0.0205754 -0.999505 -2.99662
1 0 3 0.061243 -0.0477495 -0.99698 -2.99675
2 0 3 0.0344444 -0.0453942 -0.998375 -2.99586
0 1 3 0.0157764 -0.0685324 -0.997524 -2.99416
1 1 3 0.0677583 -0.0428313 -0.996782 -2.99684
2 1 3 0.035759 -0.0216577 -0.999126 -2.98981
0 2 3 0.0835409 -0.0733065 -0.993804 -2.9923
1 2 3 0.079631 -0.0294368 -0.99639 -2.99017
2 2 3 0.115088 -0.0411736 -0.992502 -2.9888
0 0 4 0.048521 -0.0250484 -0.998508 -2.98947
1 0 4 0.0953754 -0.0724584 -0.992801 -2.99756
2 0 4 0.0913468 -0.0946956 -0.991306 -2.99286
0 1 4 0.0738865 -0.0857439 -0.993574 -2.99406
1 1 4 0.132071 -0.0778319 -0.98818 -2.99187
2 1 4 0.195419 -0.0676336 -0.978385 -2.98575
0 2 4 0.153799 -0.124449 -0.980234 -2.99072
1 2 4 0.226974 -0.124883 -0.965861 -2.98222
2 2 4 0.241347 -0.126819 -0.962117 -2.99112
0 0 5 0.124859 -0.0495784 -0.990935 -2.99319
1 0 5 0.0957088 -0.0425221 -0.994501 -2.99294
2 0 5 0.16758 -0.0792879 -0.982665 -2.99268
0 1 5 0.12908 -0.0748908 -0.988802 -2.98976
1 1 5 0.20481 -0.105322 -0.973119 -2.98241
2 1 5 0.270746 -0.0394108 -0.961844 -2.98705
0 2 5 0.275079 -0.126064 -0.953121 -2.9827
1 2 5 0.340299 -0.187185 -0.921498 -2.98387
2 2 5 0.267385 -0.145592 -0.952527 -2.97873
3 0 3 0.0598497 -0.0130261 -0.998122 -2.99583
4 0 3 0.0738036 -0.024161 -0.99698 -2.9917
5 0 3 0.114164 -0.0275347 -0.99308 -2.9908
3 1 3 0.0793827 -0.043121 -0.995911 -2.99431
4 1 3 0.0851628 -0.0939215 -0.99193 -2.9907
5 1 3 0.0855499 -0.0563198 -0.994741 -2.99207
3 2 3 0.130585 -0.0519908 -0.990073 -2.99016
4 2 3 0.127977 -0.0623818 -0.989813 -2.98546
5 2 3 0.162739 -0.113053 -0.980171 -2.98815
3 0 4 0.131767 -0.0682614 -0.988928 -2.99349
4 0 4 0.159882 -0.114636 -0.980457 -2.99103
5 0 4 0.198572 -0.124836 -0.972103 -2.98961
3 1 4 0.185132 -0.0504486 -0.981418 -2.9861
4 1 4 0.193053 -0.188163 -0.962977 -2.98481
5 1 4 0.194881 -0.130592 -0.972094 -2.98927
3 2 4 0.217433 -0.163965 -0.962205 -2.9864
4 2 4 0.250728 -0.204623 -0.946184 -2.98045
5 2 4 0.198144 -0.187271 -0.962117 -2.98824
3 0 5 0.200229 -0.114591 -0.973025 -2.99429
4 0 5 0.198313 -0.165823 -0.96601 -2.99068
5 0 5 0.251888 -0.116808 -0.960681 -2.99192
3 1 5 0.253711 -0.0929798 -0.962801 -2.9927
4 1 5 0.249886 -0.136222 -0.958645 -2.9866
5 1 5 0.290051 -0.163259 -0.942983 -2.99042
3 2 5 0.313233 -0.178185 -0.93281 -2.98637
4 2 5 0.399035 -0.226008 -0.888646 -2.97287
5 2 5 0.33413 -0.224169 -0.915481 -2.98921
6 0 3 0.0585097 -0.021841 -0.998048 -2.99452
7 0 3 0.0644496 -0.0306513 -0.99745 -2.99688
8 0 3 0.0979246 -0.0320627 -0.994677 -2.99405
6 1 3 0.0829973 -0.0448595 -0.99554 -2.99713
7 1 3 0.0656257 -0.0238675 -0.997559 -2.99256
8 1 3 0.0518707 -0.00678798 -0.998631 -2.99357
6 2 3 0.0910018 -0.072686 -0.993195 -2.99015
7 2 3 0.114037 -0.0781627 -0.990397 -2.99252
8 2 3 0.0900416 -0.0836249 -0.992421 -2.99319
6 0 4 0.138846 -0.034404 -0.989716 -2.99103
7 0 4 0.102675 -0.070835 -0.99219 -2.98575
8 0 4 0.163675 -0.0639116 -0.984442 -2.99122
6 1 4 0.165418 -0.0521061 -0.984846 -2.98916
7 1 4 0.180427 -0.0971781 -0.978776 -2.989
8 1 4 0.103964 -0.0771984 -0.99158 -2.99316
6 2 4 0.208732 -0.134993 -0.968611 -2.98721
7 2 4 0.184523 -0.161369 -0.96949 -2.99056
8 2 4 0.145809 -0.120273 -0.981975 -2.99507
6 0 5 0.169506 -0.0657806 -0.983331 -2.98687
7 0 5 0.254264 -0.105455 -0.961368 -2.9892
8 0 5 0.196075 -0.117528 -0.97352 -2.99219
6 1 5 0.28229 -0.0996321 -0.954141 -2.98485
7 1 5 0.232113 -0.144944 -0.961829 -2.99357
8 1 5 0.160053 -0.115603 -0.980316 -2.9945
6 2 5 0.275238 -0.16929 -0.946354 -2.98926
7 2 5 0.301431 -0.169353 -0.938328 -2.98902
8 2 5 0.178009 -0.166017 -0.969923 -2.9899
0 3 3 0.0885262 -0.0426114 -0.995162 -2.99363
1 3 3 0.0683379 -0.0540425 -0.996197 -2.99012
2 3 3 0.148045 -0.125833 -0.980943 -2.98989
0 4 3 0.088416 -0.112948 -0.989659 -2.99186
1 4 3 0.116097 -0.0509459 -0.99193 -2.98491
2 4 3 0.175643 -0.161831 -0.971061 -2.9908
0 5 3 0.093044 -0.13751 -0.986121 -2.98882
1 5 3 0.108031 -0.101659 -0.988936 -2.99056
2 5 3 0.15243 -0.169257 -0.973713 -2.98617
0 3 4 0.155249 -0.139597 -0.977962 -2.98985
1 3 4 0.180683 -0.156443 -0.97102 -2.98393
2 3 4 0.227542 -0.170771 -0.958677 -2.98882
0 4 4 0.196243 -0.135107 -0.971203 -2.99248
1 4 4 0.195196 -0.197359 -0.960702 -2.98786
2 4 4 0.16795 -0.241804 -0.95568 -2.98933
0 5 4 0.256206 -0.170503 -0.951466 -2.98688
1 5 4 0.193375 -0.209245 -0.958552 -2.98992
2 5 4 0.18645 -0.264348 -0.946233 -2.98638
0 3 5 0.2818 -0.197072 -0.939016 -2.98799
1 3 5 0.350757 -0.174593 -0.920047 -2.98736
2 3 5 0.357719 -0.163277 -0.919444 -2.97942
0 4 5 0.23854 -0.189507 -0.952463 -2.98943
1 4 5 0.293691 -0.2176 -0.930804 -2.99297
2 4 5 0.277671 -0.267457 -0.922695 -2.98341
0 5 5 0.323811 -0.214643 -0.921453 -2.97724
1 5 5 0.260237 -0.251841 -0.932123 -2.99254
2 5 5 0.320914 -0.219162 -0.921403 -2.98974
3 3 3 0.152694 -0.121571 -0.980768 -2.99241
4 3 3 0.111218 -0.142442 -0.983535 -2.98161
5 3 3 0.154065 -0.180711 -0.971395 -2.987
3 4 3 0.179018 -0.110248 -0.977649 -2.98029
4 4 3 0.157196 -0.240361 -0.957871 -2.98389
5 4 3 0.203612 -0.210033 -0.956257 -2.98151
3 5 3 0.147477 -0.0974793 -0.98425 -2.99004
4 5 3 0.151026 -0.177487 -0.972466 -2.99081
5 5 3 0.171077 -0.174144 -0.969746 -2.98562
3 3 4 0.185843 -0.218981 -0.957867 -2.98011
4 3 4 0.251642 -0.273284 -0.928435 -2.98635
5 3 4 0.223287 -0.271501 -0.936178 -2.98441
3 4 4 0.231783 -0.310454 -0.921898 -2.97687
4 4 4 0.24908 -0.270986 -0.929799 -2.9928
5 4 4 0.338843 -0.303688 -0.890483 -2.97744
3 5 4 0.243132 -0.200372 -0.949072 -2.9838
4 5 4 0.21897 -0.218479 -0.950957 -2.99335
5 5 4 0.229534 -0.264842 -0.936575 -2.98823
3 3 5 0.361604 -0.286458 -0.887234 -2.97752
4 3 5 0.276653 -0.269429 -0.922427 -2.98693
5 3 5 0.346092 -0.227234 -0.910267 -2.99061
3 4 5 0.319301 -0.340019 -0.884553 -2.99089
4 4 5 0.256163 -0.311356 -0.915116 -2.9915
5 4 5 0.329462 -0.253071 -0.909621 -2.99483
3 5 5 0.292366 -0.301434 -0.907557 -2.98666
4 5 5 0.29928 -0.281218 -0.911783 -2.99251
5 5 5 0.34961 -0.243075 -0.904813 -2.97943
6 3 3 0.141806 -0.158809 -0.977073 -2.98718
7 3 3 0.122808 -0.129417 -0.983956 -2.99242
8 3 3 0.105015 -0.0718428 -0.991872 -2.99126
6 4 3 0.187013 -0.200733 -0.96163 -2.9896
7 4 3 0.152981 -0.164471 -0.974447 -2.99277
8 4 3 0.160887 -0.143427 -0.976496 -2.98725
6 5 3 0.0940311 -0.180519 -0.979066 -2.98557
7 5 3 0.146517 -0.165696 -0.975232 -2.99327
8 5 3 0.0787583 -0.144627 -0.986347 -2.98638
6 3 4 0.27364 -0.225614 -0.934997 -2.98764
7 3 4 0.217569 -0.186731 -0.958016 -2.99333
8 3 4 0.202797 -0.155936 -0.966725 -2.99294
6 4 4 0.272753 -0.222045 -0.93611 -2.99094
7 4 4 0.200023 -0.21624 -0.955631 -2.98977
8 4 4 0.228101 -0.15581 -0.96109 -2.99337
6 5 4 0.21491 -0.260882 -0.941145 -2.9899
7 5 4 0.167611 -0.215245 -0.962069 -2.99414
8 5 4 0.211318 -0.225339 -0.951087 -2.97936
6 3 5 0.306565 -0.257101 -0.91647 -2.99436
7 3 5 0.28037 -0.191906 -0.940513 -2.99484
8 3 5 0.232728 -0.181398 -0.955475 -2.99413
6 4 5 0.322435 -0.254042 -0.911866 -2.99164
7 4 5 0.346037 -0.219828 -0.912104 -2.98238
8 4 5 0.305252 -0.0960398 -0.947416 -2.98159
6 5 5 0.196997 -0.212866 -0.957016 -2.98129
7 5 5 0.251711 -0.151423 -0.955883 -2.97373
8 5 5 0.248975 -0.024705 -0.968195 -2.95837
0 6 3 0.0892278 -0.11697 -0.989119 -2.9902
1 6 3 0.118113 -0.0703934 -0.990502 -2.99198
2 6 3 0.0821202 -0.0839515 -0.99308 -2.99093
0 7 3 0.109046 -0.101671 -0.988824 -2.98997
1 7 3 0.0642023 -0.0614587 -0.996043 -2.99101
2 7 3 0.0919425 -0.0128831 -0.995681 -2.99211
0 8 3 0.0653918 -0.0202265 -0.997655 -2.99192
1 8 3 0.0355149 -0.0311011 -0.998885 -2.99751
2 8 3 0.0800554 0.00685249 -0.996767 -2.99457
0 6 4 0.239147 -0.162496 -0.95729 -2.98597
1 6 4 0.177458 -0.144468 -0.973467 -2.99088
2 6 4 0.152644 -0.167407 -0.973999 -2.98693
0 7 4 0.16062 -0.125128 -0.979053 -2.9941
1 7 4 0.187617 -0.133188 -0.97317 -2.98923
2 7 4 0.18536 -0.091677 -0.978385 -2.99105
0 8 4 0.152872 -0.0385628 -0.987493 -2.9882
1 8 4 0.0739998 -0.0582924 -0.995553 -2.99216
2 8 4 0.0971275 -0.0489574 -0.994067 -2.99411
0 6 5 0.3126 -0.0600483 -0.947985 -2.96058
1 6 5 0.213663 -0.264166 -0.940513 -2.97354
2 6 5 0.290497 -0.184716 -0.938878 -2.98543
0 7 5 0.154949 -0.121331 -0.980444 -2.98079
1 7 5 0.178335 -0.149538 -0.97254 -2.99125
2 7 5 0.186236 -0.0886472 -0.978498 -2.99129
0 8 5 0.189037 -0.115771 -0.975121 -2.99101
1 8 5 0.11918 -0.067474 -0.990577 -2.99288
2 8 5 0.13872 -0.0603237 -0.988493 -2.99784
3 6 3 0.127576 -0.0732647 -0.989119 -2.99617
4 6 3 0.109939 -0.0993405 -0.988961 -2.98935
5 6 3 0.143913 -0.126466 -0.981476 -2.98613
3 7 3 0.119993 -0.0785889 -0.989659 -2.99321
4 7 3 0.0696273 -0.107829 -0.991728 -2.99361
5 7 3 0.0546698 -0.126039 -0.990518 -2.98994
3 8 3 0.0696369 -0.0478818 -0.996423 -2.99464
4 8 3 0.0500798 -0.0773037 -0.995749 -2.99069
5 8 3 0.0882467 -0.0845754 -0.992502 -2.9936
3 6 4 0.164413 -0.161684 -0.97305 -2.99109
4 6 4 0.224865 -0.199375 -0.953774 -2.98984
5 6 4 0.232555 -0.253034 -0.939091 -2.9886
3 7 4 0.190548 -0.136777 -0.972103 -2.99486
4 7 4 0.16956 -0.14963 -0.974095 -2.99296
5 7 4 0.154074 -0.211568 -0.965143 -2.9884
3 8 4 0.133997 -0.11369 -0.984439 -2.99339
4 8 4 0.130936 -0.172404 -0.976285 -2.99179
5 8 4 0.115003 -0.150001 -0.981975 -2.99409
3 6 5 0.265315 -0.175877 -0.947985 -2.99023
4 6 5 0.237822 -0.230477 -0.943568 -2.99282
5 6 5 0.181791 -0.284485 -0.941287 -2.97573
3 7 5 0.248345 -0.112971 -0.962061 -2.99301
4 7 5 0.226654 -0.150849 -0.962223 -2.99041
5 7 5 0.137517 -0.153725 -0.978498 -2.98689
3 8 5 0.164416 -0.0716036 -0.983789 -2.99568
4 8 5 0.162712 -0.0994285 -0.981651 -2.9931
5 8 5 0.171553 -0.175576 -0.969403 -2.99206
6 6 3 0.112597 -0.159427 -0.980768 -2.99038
7 6 3 0.146108 -0.16267 -0.975803 -2.98781
8 6 3 0.088712 -0.0914293 -0.991852 -2.98448
6 7 3 0.051349 -0.0964775 -0.99401 -2.98768
7 7 3 0.144914 -0.072373 -0.986794 -2.98647
8 7 3 0.0726618 -0.0577898 -0.995681 -2.988
6 8 3 0.0378583 -0.102737 -0.993988 -2.99053
7 8 3 0.104268 -0.0325909 -0.994015 -2.98784
8 8 3 0.0868401 -0.0869448 -0.992421 -2.99201
6 6 4 0.21419 -0.191344 -0.957867 -2.98997
7 6 4 0.200062 -0.224253 -0.953774 -2.99307
8 6 4 0.257429 -0.198469 -0.945696 -2.98254
6 7 4 0.185917 -0.138153 -0.972805 -2.98971
7 7 4 0.220289 -0.154047 -0.963194 -2.99069
8 7 4 0.19154 -0.176156 -0.965547 -2.98534
6 8 4 0.133748 -0.141139 -0.980914 -2.99114
7 8 4 0.196933 -0.14807 -0.969171 -2.98837
8 8 4 0.148432 -0.117021 -0.981975 -2.99264
6 6 5 0.325934 -0.183285 -0.927456 -2.97806
7 6 5 0.258546 -0.288531 -0.921902 -2.97486
8 6 5 0.287373 -0.0848398 -0.954054 -2.97523
6 7 5 0.258818 -0.160708 -0.952463 -2.98621
7 7 5 0.320975 -0.214451 -0.922489 -2.98507
8 7 5 0.283331 -0.238653 -0.928853 -2.97578
6 8 5 0.18059 -0.0820516 -0.98013 -2.99119
7 8 5 0.213347 -0.141552 -0.966667 -2.99096
8 8 5 0.147993 -0.195237 -0.969526 -2.98691
0 0 6 0.138553 -0.0334079 -0.989791 -2.9978
1 0 6 0.142876 -0.0368512 -0.989054 -2.99464
2 0 6 0.154034 -0.0789914 -0.984903 -2.99571
0 1 6 0.168053 -0.0468003 -0.984666 -2.99533
1 1 6 0.235574 -0.0471417 -0.970712 -2.98598
2 1 6 0.195334 -0.0956478 -0.976062 -2.9674
0 2 6 0.224696 -0.111442 -0.968035 -2.99207
1 2 6 0.314537 -0.178509 -0.93231 -2.97858
2 2 6 0.464423 -0.20991 -0.860377 -2.9224
0 0 7 0.131806 -0.0367691 -0.990593 -2.99773
1 0 7 0.123758 0.00735631 -0.992285 -2.99441
2 0 7 0.095163 -0.0914137 -0.991256 -2.98785
0 1 7 0.142632 -0.031688 -0.989268 -2.99506
1 1 7 0.148794 -0.0137474 -0.988773 -2.99288
2 1 7 0.197263 -0.0234795 -0.980069 -2.99064
0 2 7 0.221383 -0.0988541 -0.970164 -2.99362
1 2 7 0.216484 -0.114993 -0.96949 -2.99018
2 2 7 0.232984 -0.0884583 -0.968449 -2.96223
0 0 8 0.0604724 -0.0288814 -0.997752 -2.99632
1 0 8 0.0781285 -0.00505475 -0.99693 -2.99681
2 0 8 0.0825979 -0.0171567 -0.996435 -2.99645
0 1 8 0.088853 -0.0330174 -0.995497 -2.99487
1 1 8 0.162306 -0.026572 -0.986383 -2.99275
2 1 8 0.116676 -0.0408582 -0.992329 -2.99523
0 2 8 0.137895 -0.0554943 -0.988891 -2.99227
1 2 8 0.196758 -0.0679653 -0.978093 -2.99217
2 2 8 0.151654 -0.0917484 -0.984166 -2.98723
3 0 6 0.23726 -0.0634943 -0.969369 -2.99282
4 0 6 0.259669 -0.0576361 -0.963976 -2.98915
5 0 6 0.24731 -0.104455 -0.96329 -2.99525
3 1 6 0.297704 -0.0992197 -0.949488 -2.99129
4 1 6 0.312853 -0.12653 -0.941336 -2.99222
5 1 6 0.229967 -0.0864993 -0.969347 -2.9815
3 2 6 0.338402 -0.153371 -0.928419 -2.9804
4 2 6 0.331185 -0.145312 -0.93231 -2.99463
5 2 6 0.342058 -0.178881 -0.922495 -2.97893
3 0 7 0.158706 -0.0689629 -0.984914 -2.9934
4 0 7 0.163909 -0.108903 -0.980446 -2.9926
5 0 7 0.191479 -0.0737073 -0.978725 -2.99408
3 1 7 0.24012 -0.0197607 -0.970542 -2.98551
4 1 7 0.230511 -0.146846 -0.961926 -2.98936
5 1 7 0.189288 -0.143752 -0.971342 -2.99265
3 2 7 0.242535 -0.124169 -0.962164 -2.98565
4 2 7 0.264458 -0.176518 -0.948105 -2.99349
5 2 7 0.218773 -0.202049 -0.954628 -2.99208
3 0 8 0.135706 -0.0485556 -0.989559 -2.99696
4 0 8 0.1213 -0.0734028 -0.989898 -2.99619
5 0 8 0.122455 -0.0591724 -0.990708 -2.99535
3 1 8 0.144938 -0.0199194 -0.98924 -2.99298
4 1 8 0.154584 -0.100083 -0.982897 -2.99308
5 1 8 0.163919 -0.0596018 -0.984672 -2.99353
3 2 8 0.174349 -0.0961242 -0.979981 -2.99122
4 2 8 0.176966 -0.121549 -0.976683 -2.99351
5 2 8 0.215173 -0.132425 -0.967556 -2.99179
6 0 6 0.272291 -0.134985 -0.9527 -2.98933
7 0 6 0.24567 -0.10196 -0.963976 -2.99314
8 0 6 0.136494 -0.106468 -0.984903 -2.99079
6 1 6 0.314324 -0.215034 -0.924641 -2.97808
7 1 6 0.254108 -0.17393 -0.951408 -2.98745
8 1 6 0.203759 -0.0719211 -0.976376 -2.99162
6 2 6 0.190367 -0.252537 -0.948676 -2.9741
7 2 6 0.345287 -0.221305 -0.912031 -2.97296
8 2 6 0.232667 -0.156482 -0.959885 -2.98968
6 0 7 0.192456 -0.0831831 -0.977774 -2.992
7 0 7 0.174411 -0.0636874 -0.982611 -2.99509
8 0 7 0.164967 -0.0408758 -0.985452 -2.9965
6 1 7 0.255399 -0.116196 -0.959828 -2.98617
7 1 7 0.239892 -0.0683266 -0.968392 -2.99178
8 1 7 0.199812 -0.0621923 -0.977859 -2.9952
6 2 7 0.211962 -0.216475 -0.953001 -2.98572
7 2 7 0.206446 -0.0845061 -0.974802 -2.98283
8 2 7 0.189752 -0.0874947 -0.977926 -2.99418
6 0 8 0.0887504 -0.0526371 -0.994662 -2.99399
7 0 8 0.117405 -0.00702485 -0.993059 -2.99519
8 0 8 0.119548 -0.010963 -0.992768 -2.99509
6 1 8 0.141985 -0.071485 -0.987284 -2.99088
7 1 8 0.137151 -0.0710737 -0.987997 -2.98975
8 1 8 0.116113 -0.00474787 -0.993225 -2.99187
6 2 8 0.137449 -0.098411 -0.985608 -2.98791
7 2 8 0.145183 -0.0803984 -0.986133 -2.9923
8 2 8 0.126823 -0.0308432 -0.991446 -2.99436
0 3 6 0.290067 -0.0920503 -0.952569 -2.986
1 3 6 0.269359 -0.169591 -0.94799 -2.98792
2 3 6 0.32957 -0.30156 -0.894676 -2.97906
0 4 6 0.242056 -0.0973282 -0.965369 -2.98539
1 4 6 0.292308 -0.16865 -0.941336 -2.98736
2 4 6 0.394791 -0.317284 -0.862247 -2.9682
0 5 6 0.308664 -0.197362 -0.93047 -2.99196
1 5 6 0.278512 -0.166824 -0.945833 -2.99533
2 5 6 0.290372 -0.226507 -0.92972 -2.98901
0 3 7 0.167789 -0.124243 -0.977962 -2.98919
1 3 7 0.184623 -0.178861 -0.966397 -2.98452
2 3 7 0.267053 -0.315741 -0.910489 -2.97028
0 4 7 0.221608 -0.176406 -0.959047 -2.98939
1 4 7 0.303069 -0.177882 -0.93622 -2.98904
2 4 7 0.258702 -0.220844 -0.940373 -2.98461
0 5 7 0.254043 -0.150089 -0.955477 -2.9937
1 5 7 0.224456 -0.155059 -0.962069 -2.99279
2 5 7 0.215048 -0.204794 -0.954889 -2.99071
0 3 8 0.106019 -0.0382882 -0.993627 -2.99146
1 3 8 0.186392 -0.132246 -0.973534 -2.98858
2 3 8 0.265009 -0.210169 -0.941063 -2.97668
0 4 8 0.132062 -0.0694975 -0.988802 -2.98918
1 4 8 0.22258 -0.123971 -0.967 -2.98863
2 4 8 0.279239 -0.167915 -0.945426 -2.98627
0 5 8 0.186592 -0.0735999 -0.979677 -2.98994
1 5 8 0.166336 -0.0608978 -0.984187 -2.99119
2 5 8 0.16564 -0.148082 -0.975005 -2.98803
3 3 6 0.333015 -0.339522 -0.879674 -2.97584
4 3 6 0.309614 -0.148902 -0.939131 -2.9761
5 3 6 0.253286 -0.237874 -0.93769 -2.98808
3 4 6 0.345579 -0.276215 -0.896817 -2.99523
4 4 6 0.362261 -0.291287 -0.885392 -2.98589
5 4 6 0.278748 -0.322024 -0.904765 -2.9872
3 5 6 0.350564 -0.220927 -0.910108 -2.9906
4 5 6 0.3432 -0.243139 -0.907247 -2.98881
5 5 6 0.292278 -0.252143 -0.922495 -2.98656
3 3 7 0.323586 -0.249296 -0.912767 -2.98328
4 3 7 0.283592 -0.181337 -0.941643 -2.99305
5 3 7 0.249138 -0.235991 -0.939276 -2.99341
3 4 7 0.332832 -0.260327 -0.90634 -2.9949
4 4 7 0.320832 -0.235391 -0.917419 -2.99143
5 4 7 0.258023 -0.184587 -0.948341 -2.98735
3 5 7 0.329735 -0.184122 -0.925945 -2.98947
4 5 7 0.332318 -0.171571 -0.927431 -2.98051
5 5 7 0.203068 -0.160326 -0.96595 -2.98097
3 3 8 0.277768 -0.1296 -0.951866 -2.98345
4 3 8 0.19775 -0.144408 -0.969557 -2.98982
5 3 8 0.197913 -0.154057 -0.968038 -2.98942
3 4 8 0.324536 -0.197631 -0.924996 -2.98222
4 4 8 0.282137 -0.143809 -0.948535 -2.97808
5 4 8 0.159244 -0.156823 -0.974704 -2.98777
3 5 8 0.23817 -0.154708 -0.958822 -2.98109
4 5 8 0.213148 -0.0857378 -0.973251 -2.98079
5 5 8 0.0892508 -0.106442 -0.990305 -2.98697
6 3 6 0.293758 -0.301905 -0.906951 -2.98553
7 3 6 0.290764 -0.226262 -0.929657 -2.99155
8 3 6 0.23112 -0.195823 -0.953015 -2.99205
6 4 6 0.281673 -0.331805 -0.900314 -2.98875
7 4 6 0.309984 -0.287503 -0.906229 -2.98876
8 4 6 0.311626 -0.200023 -0.928913 -2.98503
6 5 6 0.181685 -0.226817 -0.956841 -2.97464
7 5 6 0.350994 -0.296333 -0.888251 -2.96937
8 5 6 0.352524 -0.215646 -0.910617 -2.9792
6 3 7 0.241429 -0.15557 -0.957867 -2.98664
7 3 7 0.235402 -0.131629 -0.962943 -2.991
8 3 7 0.179812 -0.168792 -0.969111 -2.99139
6 4 7 0.274479 -0.242504 -0.930512 -2.98552
7 4 7 0.242961 -0.167525 -0.955461 -2.98663
8 4 7 0.201925 -0.166511 -0.965143 -2.99249
6 5 7 0.299508 -0.242373 -0.922795 -2.97933
7 5 7 0.264499 -0.219955 -0.938968 -2.98563
8 5 7 0.232661 -0.203229 -0.951087 -2.98805
6 3 8 0.177034 -0.186369 -0.966398 -2.98388
7 3 8 0.129132 -0.172366 -0.976532 -2.98556
8 3 8 0.0942798 -0.0743183 -0.992768 -2.9903
6 4 8 0.181119 -0.112763 -0.976975 -2.98859
7 4 8 0.128507 -0.102642 -0.986383 -2.99056
8 4 8 0.141795 -0.0875776 -0.986014 -2.99513
6 5 8 0.144281 -0.138025 -0.979863 -2.98366
7 5 8 0.180315 -0.116588 -0.976675 -2.98867
8 5 8 0.140336 -0.105655 -0.98445 -2.99118
0 6 6 0.245986 -0.233364 -0.940762 -2.98285
1 6 6 0.246875 -0.184353 -0.95135 -2.99374
2 6 6 0.300193 -0.161657 -0.94008 -2.98927
0 7 6 0.259636 -0.131017 -0.956778 -2.9834
1 7 6 0.21222 -0.101555 -0.971931 -2.99353
2 7 6 0.157823 -0.114037 -0.980861 -2.99061
0 8 6 0.163364 -0.067558 -0.98425 -2.99115
1 8 6 0.196704 -0.0895695 -0.976363 -2.9929
2 8 6 0.160815 -0.0354733 -0.986347 -2.99646
0 6 7 0.207812 -0.141315 -0.967907 -2.98956
1 6 7 0.208433 -0.194875 -0.958426 -2.98742
2 6 7 0.226295 -0.136135 -0.964499 -2.9917
0 7 7 0.162827 -0.0458406 -0.985589 -2.9896
1 7 7 0.1361 -0.0705501 -0.98818 -2.99202
2 7 7 0.148942 -0.0771647 -0.985831 -2.99378
0 8 7 0.108822 -0.0359889 -0.99341 -2.99692
1 8 7 0.107317 -0.0543574 -0.992738 -2.99513
2 8 7 0.155804 -0.0191829 -0.987602 -2.99555
0 6 8 0.110685 -0.0923174 -0.989559 -2.99084
1 6 8 0.145957 -0.0773687 -0.986261 -2.99033
2 6 8 0.143361 -0.138668 -0.979908 -2.98486
0 7 8 0.0734612 -0.0428148 -0.996379 -2.99472
1 7 8 0.11079 -0.0722241 -0.991216 -2.99356
2 7 8 0.0615191 -0.0495222 -0.996877 -2.99139
0 8 8 0.0664863 -0.011647 -0.997719 -2.99764
1 8 8 0.0940937 -0.0291086 -0.995138 -2.99771
2 8 8 0.122665 -0.000363162 -0.992448 -2.99576
3 6 6 0.243931 -0.155862 -0.957186 -2.99148
4 6 6 0.183916 -0.212337 -0.959733 -2.98432
5 6 6 0.205074 -0.222059 -0.953223 -2.99226
3 7 6 0.189243 -0.114764 -0.975201 -2.99468
4 7 6 0.129314 -0.120217 -0.984289 -2.98955
5 7 6 0.180172 -0.182959 -0.96647 -2.99438
3 8 6 0.169602 -0.0498708 -0.98425 -2.99635
4 8 6 0.197708 -0.0873316 -0.976363 -2.99302
5 8 6 0.15839 -0.146237 -0.976487 -2.99197
3 6 7 0.245775 -0.153213 -0.957142 -2.98902
4 6 7 0.19161 -0.110287 -0.975255 -2.98547
5 6 7 0.222069 -0.130569 -0.966249 -2.98652
3 7 7 0.133498 -0.110709 -0.984846 -2.98895
4 7 7 0.131526 -0.0709202 -0.988773 -2.9951
5 7 7 0.125138 -0.116613 -0.985262 -2.99032
3 8 7 0.153115 -0.00999253 -0.988158 -2.99428
4 8 7 0.107438 -0.0744999 -0.991417 -2.99397
5 8 7 0.109189 -0.0586154 -0.992291 -2.99335
3 6 8 0.156995 -0.0804305 -0.984319 -2.98242
4 6 8 0.164389 -0.016301 -0.986261 -2.98672
5 6 8 0.104467 -0.059149 -0.992768 -2.98906
3 7 8 0.0533777 -0.0351981 -0.997954 -2.99156
4 7 8 0.0459758 -0.061972 -0.997018 -2.99252
5 7 8 0.0526949 -0.057812 -0.996936 -2.99497
3 8 8 0.12998 -0.0179855 -0.991354 -2.99544
4 8 8 0.0957343 -0.0126054 -0.995327 -2.99484
5 8 8 0.0886601 -0.0417856 -0.995185 -2.99693
6 6 6 0.274302 -0.20814 -0.938848 -2.9906
7 6 6 0.21157 -0.257604 -0.942803 -2.98082
8 6 6 0.296158 -0.187629 -0.936529 -2.98953
6 7 6 0.189584 -0.20865 -0.959439 -2.99223
7 7 6 0.245258 -0.209313 -0.946592 -2.9885
8 7 6 0.243044 -0.223519 -0.943911 -2.98259
6 8 6 0.213119 -0.11624 -0.970087 -2.99229
7 8 6 0.219943 -0.0969427 -0.970684 -2.99186
8 8 6 0.151556 -0.17004 -0.973713 -2.98803
6 6 7 0.327492 -0.154578 -0.932124 -2.97223
7 6 7 0.251027 -0.0986191 -0.962943 -2.98001
8 6 7 0.251191 -0.133571 -0.958677 -2.98607
6 7 7 0.193403 -0.154254 -0.968918 -2.9841
7 7 7 0.177424 -0.0945827 -0.979579 -2.98857
8 7 7 0.150483 -0.0457719 -0.987552 -2.98153
6 8 7 0.166284 -0.0249184 -0.985763 -2.98967
7 8 7 0.157483 -0.0599576 -0.9857 -2.99623
8 8 7 0.129302 -0.0740651 -0.988835 -2.99374
6 6 8 0.100827 -0.134587 -0.985759 -2.98149
7 6 8 0.117392 -0.144527 -0.982513 -2.98864
8 6 8 0.102125 -0.126198 -0.986734 -2.98679
6 7 8 0.103252 -0.0865155 -0.990885 -2.99146
7 7 8 0.0731589 -0.0585219 -0.995602 -2.99324
8 7 8 0.0612115 -0.0240705 -0.997835 -2.99414
6 8 8 0.120182 -0.052674 -0.991354 -2.99583
7 8 8 0.0862049 -0.0476408 -0.995138 -2.99602
8 8 8 0.0609529 -0.0122308 -0.998066 -2.99523
