Position_x Position_y Position_z Spin_x Spin_y Spin_z Spin_energy Temperature n_spins
0 0 0 -0.121043 -0.2572 -0.958748 -2.83771 0.401 729
1 0 0 -0.335009 -0.168518 -0.927023 -2.5689
2 0 0 0.106764 0.41514 -0.903471 -2.60966
0 1 0 -0.0232452 -0.105971 -0.994098 -2.80273
1 1 0 0.162916 -0.104732 -0.981066 -2.89984
2 1 0 0.440342 -0.0605428 -0.895787 -2.74648
0 2 0 -0.274925 -0.261707 -0.925162 -2.57767
1 2 0 0.0313429 0.0997835 -0.994515 -2.90575
2 2 0 0.0338648 -0.0452438 -0.998402 -2.91775
0 0 1 0.334272 0.13796 -0.932325 -2.48444
1 0 1 0.509759 0.240013 -0.82616 -2.46319
2 0 1 -0.00020548 0.000541855 -1 -2.6863
0 1 1 -0.650372 0.403989 -0.64328 -1.80207
1 1 1 -0.0154602 -0.00752481 -0.999852 -2.72796
2 1 1 0.0303307 -0.128071 -0.991301 -2.76873
0 2 1 -0.218235 -0.565567 -0.795304 -2.09246
1 2 1 0.123412 0.315965 -0.94071 -2.69755
2 2 1 0.108787 0.277044 -0.954679 -2.93904
0 0 2 -0.125546 -0.124297 -0.98427 -2.79753
1 0 2 0.0359779 -0.236551 -0.970953 -2.70017
2 0 2 0.606103 -0.455282 -0.652195 -2.26553
0 1 2 0.230128 0.0470486 -0.972022 -2.49001
1 1 2 0.133234 -0.121993 -0.983548 -2.89757
2 1 2 0.167059 -0.0828779 -0.982457 -2.90475
0 2 2 -0.423378 0.0871109 -0.901755 -2.49447
1 2 2 0.0131646 -0.0322917 -0.999392 -2.92068
2 2 2 0.0650019 0.186161 -0.980367 -2.84156
3 0 0 -0.366463 0.0454045 -0.929324 -2.47076
4 0 0 0.357518 -0.113182 -0.927023 -2.52204
5 0 0 0.0795589 -0.207767 -0.974938 -2.87239
3 1 0 0.459645 0.165904 -0.872469 -2.75335
4 1 0 0.446396 0.204997 -0.871038 -2.6358
5 1 0 -0.333598 -0.185035 -0.924378 -2.59237
3 2 0 0.368381 0.0914889 -0.925162 -2.74619
4 2 0 0.0272724 0.100972 -0.994515 -2.91764
5 2 0 0.178244 0.00687722 -0.983962 -2.72822
3 0 1 -0.317779 0.17259 -0.932325 -2.0923
4 0 1 0.523692 -0.207864 -0.82616 -2.33814
5 0 1 -0.000493133 0.000304383 -1 -2.63383
3 1 1 0.700917 0.267255 -0.661279 -2.14905
4 1 1 -0.0158413 0.00668544 -0.999852 -2.43241
5 1 1 -0.861684 -0.173409 -0.476897 -1.66802
3 2 1 0.251432 0.551611 -0.795304 -2.52607
4 2 1 0.259406 -0.0301535 -0.965297 -2.77852
5 2 1 0.112875 -0.226968 -0.967339 -2.49886
3 0 2 0.488493 -0.617856 -0.61614 -2.10735
4 0 2 -0.137596 0.195749 -0.970953 -2.49791
5 0 2 -0.141856 0.00200047 -0.989885 -2.97041
3 1 2 0.155372 -0.176159 -0.972022 -2.657
4 1 2 0.165693 0.071968 -0.983548 -2.93914
5 1 2 -0.10529 -0.15392 -0.982457 -2.68363
3 2 2 0.027994 0.431339 -0.901755 -2.75441
4 2 2 0.0306784 -0.0165799 -0.999392 -2.87999
5 2 2 0.476658 -0.30722 -0.823658 -2.60999
6 0 0 0.199693 0.310611 -0.929324 -2.52483
7 0 0 -0.284537 -0.24427 -0.927023 -2.60969
8 0 0 0.17436 -0.138185 -0.974938 -2.88115
6 1 0 -0.486193 -0.0491327 -0.872469 -2.22355
7 1 0 0.140725 0.133067 -0.981066 -2.79968
8 1 0 -0.10192 -0.0757151 -0.991907 -2.8737
6 2 0 0.410602 0.72465 -0.553433 -1.20052
7 2 0 0.104531 -0.00351536 -0.994515 -2.55859
8 2 0 0.167225 -0.0620812 -0.983962 -2.91171
6 0 1 -0.329135 -0.149803 -0.932325 -2.55658
7 0 1 -0.465407 -0.31758 -0.82616 -2.78024
8 0 1 0.000185086 -0.000549155 -1 -2.76393
6 1 1 -0.145564 0.124021 -0.981545 -2.69696
7 1 1 -0.0148234 -0.00871259 -0.999852 -2.61642
8 1 1 -0.675463 0.0161421 -0.737217 -2.34777
6 2 1 -0.588373 0.145977 -0.795304 -2.10462
7 2 1 -0.800519 0.0376088 -0.598126 -1.88544
8 2 1 0.127338 0.219181 -0.967339 -2.36221
6 0 2 -0.0131407 0.176179 -0.98427 -2.83345
7 0 2 -0.0587002 -0.231959 -0.970953 -2.87692
8 0 2 0.128385 -0.0603691 -0.989885 -2.97824
6 1 2 -0.233329 0.0270207 -0.972022 -2.86117
7 1 2 0.17624 0.0396614 -0.983548 -2.78212
8 1 2 -0.0983489 -0.158445 -0.982457 -2.82721
6 2 2 0.122462 -0.414536 -0.901755 -2.44265
7 2 2 -0.0137525 0.0320457 -0.999392 -2.71486
8 2 2 0.195468 -0.0259471 -0.980367 -2.86595
0 3 0 0.27019 0.251702 -0.929324 -2.54365
1 3 0 -0.404248 0.0168678 -0.914494 -2.75613
2 3 0 0.0218424 -0.221404 -0.974938 -2.48173
0 4 0 -0.0783845 -0.0750067 -0.994098 -2.76803
1 4 0 -0.157776 0.112326 -0.981066 -2.7896
2 4 0 0.244129 0.671889 -0.699261 -2.22777
0 5 0 0.466107 0.533209 -0.705997 -1.54647
1 5 0 -0.558542 0.26347 -0.786521 -2.37859
2 5 0 0.0900446 0.153981 -0.983962 -2.67693
0 3 1 -0.361545 0.00747959 -0.932325 -2.74604
1 3 1 -0.237589 0.148801 -0.959901 -2.90102
2 3 1 0.2383 0.293679 -0.925725 -2.56607
0 4 1 -0.170932 0.0857443 -0.981545 -2.92577
1 4 1 0.0170208 0.00243553 -0.999852 -2.78713
2 4 1 -0.114738 0.0644775 -0.991301 -2.6116
0 5 1 -0.314535 0.588352 -0.744923 -2.21789
1 5 1 -0.63626 0.487256 -0.598126 -2.15297
2 5 1 0.0854524 -0.238649 -0.967339 -2.46904
0 3 2 -0.00374196 0.176629 -0.98427 -2.8852
1 3 2 -0.149054 0.187172 -0.970953 -2.9181
2 3 2 -0.437797 0.61885 -0.652195 -2.26945
0 4 2 -0.172426 0.159505 -0.972022 -2.9111
1 4 2 -0.0350144 0.177222 -0.983548 -3.01094
2 4 2 -0.17958 0.0502812 -0.982457 -2.85746
0 5 2 0.294969 0.31596 -0.901755 -2.66899
1 5 2 -0.0348125 0.00203635 -0.999392 -2.70445
2 5 2 -0.561796 0.0772827 -0.823658 -2.39762
3 3 0 -0.226236 0.291846 -0.929324 -2.66779
4 3 0 -0.0706407 0.368292 -0.927023 -2.61515
5 3 0 0.197469 -0.102482 -0.974938 -2.82557
3 4 0 -0.115205 0.474896 -0.872469 -2.54749
4 4 0 0.440868 0.21663 -0.871038 -2.59905
5 4 0 0.185116 -0.404102 -0.895787 -2.64223
3 5 0 0.379369 0.0124086 -0.925162 -2.61635
4 5 0 0.61751 0.00819912 -0.786521 -2.6548
5 5 0 -0.0264096 -0.0499636 -0.998402 -2.60768
3 3 1 -0.0844315 -0.351628 -0.932325 -2.0724
4 3 1 -0.0162767 0.563201 -0.82616 -2.50197
5 3 1 -0.000520154 0.000255478 -1 -2.89097
3 4 1 0.723009 0.199919 -0.661279 -1.79466
4 4 1 0.000849158 0.0171732 -0.999852 -2.69329
5 4 1 -0.0813706 0.103446 -0.991301 -2.73592
3 5 1 0.406924 -0.449339 -0.795304 -2.49723
4 5 1 0.265818 -0.210726 -0.94071 -2.86973
5 5 1 -0.0660654 -0.244726 -0.967339 -2.81856
3 3 2 -0.173563 -0.0329797 -0.98427 -2.73909
4 3 2 -0.0475233 0.234504 -0.970953 -2.86191
5 3 2 0.0882975 0.111043 -0.989885 -2.91588
3 4 2 -0.214971 -0.0946562 -0.972022 -2.60582
4 4 2 0.0720844 -0.165642 -0.983548 -2.84685
5 4 2 0.182079 0.0403079 -0.982457 -2.97704
3 5 2 0.0106979 0.432115 -0.901755 -2.36221
4 5 2 -0.0334907 0.00971756 -0.999392 -2.93467
5 5 2 -0.152543 0.124947 -0.980367 -2.67425
6 3 0 0.263796 -0.258396 -0.929324 -2.56545
7 3 0 0.0974359 -0.362126 -0.927023 -2.75358
8 3 0 0.136589 -0.175614 -0.974938 -2.93902
6 4 0 -0.0646189 -0.0871466 -0.994098 -2.62967
7 4 0 0.0676141 -0.18149 -0.981066 -2.98721
8 4 0 -0.0137999 0.126214 -0.991907 -2.94711
6 5 0 0.389569 0.591442 -0.705997 -1.9775
7 5 0 0.0976276 0.0375231 -0.994515 -2.87652
8 5 0 0.172804 -0.0442371 -0.983962 -2.64325
6 3 1 0.0983326 0.347996 -0.932325 -2.3957
7 3 1 -0.0351109 0.562341 -0.82616 -2.28849
8 3 1 0.000270269 0.000512624 -1 -2.89546
6 4 1 -0.587553 -0.46636 -0.661279 -1.95596
7 4 1 -0.00111359 -0.0171581 -0.999852 -2.76195
8 4 1 -0.000363246 0.00222772 -0.999997 -3.01145
6 5 1 -0.440109 -0.120999 -0.889755 -2.48976
7 5 1 0.188378 -0.180872 -0.965297 -2.89336
8 5 1 0.211835 -0.139217 -0.967339 -2.61052
6 3 2 -0.149027 -0.0948823 -0.98427 -2.78721
7 3 2 0.238949 -0.0124073 -0.970953 -2.7835
8 3 2 0.128825 -0.0594237 -0.989885 -3.01443
6 4 2 0.229769 0.0487684 -0.972022 -2.64711
7 4 2 -0.122185 -0.133058 -0.983548 -2.93627
8 4 2 0.148323 -0.113038 -0.982457 -2.85981
6 5 2 -0.152345 -0.125748 -0.980295 -2.89402
7 5 2 0.0107001 0.0331899 -0.999392 -2.91335
8 5 2 0.26881 0.499328 -0.823658 -2.57297
0 6 0 -0.340964 -0.447163 -0.826915 -2.46413
1 6 0 -0.319107 -0.196978 -0.927023 -2.84399
2 6 0 -0.194166 -0.108612 -0.974938 -2.77531
0 7 0 -0.0950668 -0.0522728 -0.994098 -2.94484
1 7 0 -0.0508601 0.0222756 -0.998457 -2.91993
2 7 0 -0.0307693 -0.0304965 -0.999061 -3.01083
0 8 0 -0.301288 0.230868 -0.925162 -2.55757
1 8 0 -0.61738 0.0150809 -0.786521 -2.37586
2 8 0 0.175164 0.0337016 -0.983962 -2.72414
0 6 1 0.360391 -0.0298211 -0.932325 -2.26079
1 6 1 -0.532058 -0.185403 -0.82616 -2.35537
2 6 1 0.376866 -0.0317191 -0.925725 -2.67671
0 7 1 -0.0166703 -0.190505 -0.981545 -2.8964
1 7 1 -0.0169346 -0.00297667 -0.999852 -2.91204
2 7 1 0.110999 0.0707209 -0.991301 -2.87441
0 8 1 0.488072 -0.359553 -0.795304 -2.21534
1 8 1 0.316382 -0.122339 -0.94071 -2.68024
2 8 1 0.185298 -0.172973 -0.967339 -2.81647
0 6 2 0.160479 -0.0738784 -0.98427 -2.78198
1 6 2 -0.237823 0.0262829 -0.970953 -2.89338
2 6 2 0.141779 -0.0050732 -0.989885 -2.85318
0 7 2 0.0900419 -0.0805984 -0.992671 -2.74277
1 7 2 0.0217991 0.179328 -0.983548 -2.88141
2 7 2 0.180605 0.0464677 -0.982457 -2.96969
0 8 2 -0.233746 0.363594 -0.901755 -2.20745
1 8 2 -0.00525137 -0.0344744 -0.999392 -2.93042
2 8 2 -0.186067 0.0652719 -0.980367 -2.63149
3 6 0 -0.0758768 0.361385 -0.929324 -2.73788
4 6 0 0.184544 0.326455 -0.927023 -2.7241
5 6 0 -0.188693 -0.117862 -0.974938 -2.755
3 7 0 0.0320353 -0.103653 -0.994098 -2.62921
4 7 0 0.339215 0.355284 -0.871038 -2.72635
5 7 0 -0.0378125 0.0211425 -0.999061 -2.94816
3 8 0 0.376989 0.0441995 -0.925162 -2.4821
4 8 0 0.044213 0.0947858 -0.994515 -2.87665
5 8 0 0.131737 -0.120265 -0.983962 -2.87705
3 6 1 0.294589 -0.0727004 -0.952855 -2.8022
4 6 1 0.141277 -0.0733222 -0.987251 -2.88594
5 6 1 -0.201214 0.32023 -0.925725 -2.47974
3 7 1 0.656237 0.363405 -0.661279 -1.81389
4 7 1 -0.0142423 -0.00963314 -0.999852 -2.75746
5 7 1 -0.09558 0.09048 -0.991301 -2.97945
3 8 1 -0.511251 -0.325753 -0.795304 -1.99171
4 8 1 -0.217373 -0.260411 -0.94071 -2.6885
5 8 1 0.149053 0.205033 -0.967339 -2.84988
3 6 2 0.164852 0.0635253 -0.98427 -2.93473
4 6 2 -0.0174393 0.238635 -0.970953 -2.58705
5 6 2 -0.646081 -0.637178 -0.420218 -1.14577
3 7 2 -0.105892 0.209664 -0.972022 -2.58821
4 7 2 0.134452 0.120649 -0.983548 -2.95193
5 7 2 -0.181262 0.0438317 -0.982457 -2.72719
3 8 2 0.138199 -0.360801 -0.922347 -2.65418
4 8 2 -0.0337907 -0.00861671 -0.999392 -2.85562
5 8 2 0.127807 0.150155 -0.980367 -2.94017
6 6 0 0.202374 0.308871 -0.929324 -2.76585
7 6 0 0.371702 0.049665 -0.927023 -2.58701
8 6 0 -0.160069 0.154514 -0.974938 -2.73489
6 7 0 0.0357833 -0.102419 -0.994098 -2.76602
7 7 0 -0.645229 0.105253 -0.756705 -2.13362
8 7 0 -0.0433105 -0.00099278 -0.999061 -2.91525
6 8 0 -0.332961 0.18224 -0.925162 -2.45737
7 8 0 0.0472256 0.0933213 -0.994515 -2.66318
8 8 0 -0.176054 -0.0286952 -0.983962 -2.92456
6 6 1 -0.288764 0.217684 -0.932325 -2.70295
7 6 1 0.102592 -0.260893 -0.959901 -2.73715
8 6 1 -0.37283 0.0634981 -0.925725 -2.40145
6 7 1 0.127274 -0.142728 -0.981545 -2.83618
7 7 1 0.0164203 -0.00510055 -0.999852 -2.85752
8 7 1 1.61993e-05 0.00225709 -0.999997 -2.8569
6 8 1 0.550949 0.25288 -0.795304 -2.2254
7 8 1 -0.246403 -0.233132 -0.94071 -2.60678
8 8 1 0.0938928 0.235456 -0.967339 -2.75809
6 6 2 0.173648 -0.0325297 -0.98427 -2.4238
7 6 2 -0.102165 0.216363 -0.970953 -2.70936
8 6 2 0.610411 0.370174 -0.700264 -2.33865
6 7 2 -0.0419697 -0.113323 -0.992671 -2.87385
7 7 2 0.0463587 -0.174598 -0.983548 -2.67459
8 7 2 0.639228 0.210703 -0.739589 -2.42738
6 8 2 0.394906 0.175746 -0.901755 -2.76741
7 8 2 0.0237278 0.0255548 -0.999392 -2.85453
8 8 2 0.145381 0.133213 -0.980367 -2.89791
0 0 3 0.0990568 0.266441 -0.958748 -2.51309
1 0 3 0.182971 0.327339 -0.927023 -2.81587
2 0 3 0.211587 -0.0687579 -0.974938 -2.73745
0 1 3 -0.218664 -0.437017 -0.872469 -2.24713
1 1 3 0.493272 0.429047 -0.756705 -2.18762
2 1 3 0.0299124 -0.0313375 -0.999061 -2.84114
0 2 3 0.268083 0.063333 -0.961312 -2.68715
1 2 3 -0.0979465 0.0366827 -0.994515 -2.82776
2 2 3 -0.16785 0.0603709 -0.983962 -2.94405
0 0 4 -0.356934 -0.0580413 -0.932325 -2.41044
1 0 4 0.427986 0.366454 -0.82616 -2.27451
2 0 4 -0.291571 0.240874 -0.925725 -2.42315
0 1 4 -0.251759 -0.706631 -0.661279 -2.14291
1 1 4 0.0148504 0.0086665 -0.999852 -2.63494
2 1 4 -0.0536042 0.120203 -0.991301 -2.85213
0 2 4 -0.0631888 -0.0533577 -0.996574 -2.73563
1 2 4 -0.25296 0.226 -0.94071 -2.76342
2 2 4 -0.252129 -0.0261926 -0.967339 -2.86394
0 0 5 0.0950002 0.148952 -0.98427 -2.8956
1 0 5 0.122544 0.205508 -0.970953 -2.54821
2 0 5 -0.907165 0.021638 -0.420218 -1.42435
0 1 5 0.0133586 0.234508 -0.972022 -2.6799
1 1 5 0.0158868 0.179948 -0.983548 -2.88474
2 1 5 -0.0870684 -0.164913 -0.982457 -2.70823
0 2 5 0.380805 -0.0652966 -0.922347 -2.81548
1 2 5 -0.034767 -0.00270421 -0.999392 -2.8381
2 2 5 -0.151191 0.126579 -0.980367 -2.90666
3 0 3 0.0170677 -0.36887 -0.929324 -2.66551
4 0 3 0.310386 0.210451 -0.927023 -2.64583
5 0 3 0.0713702 -0.21072 -0.974938 -2.86616
3 1 3 0.406005 -0.271953 -0.872469 -2.45743
4 1 3 0.0442604 -0.188551 -0.981066 -2.90434
5 1 3 0.0431809 0.00349217 -0.999061 -3.00788
3 2 3 0.333152 0.181892 -0.925162 -2.65065
4 2 3 0.104394 -0.00639889 -0.994515 -2.72949
5 2 3 0.105271 0.144001 -0.983962 -2.79173
3 0 4 -0.333298 0.140297 -0.932325 -2.67378
4 0 4 -0.264255 -0.0935933 -0.959901 -2.75116
5 0 4 0.320106 0.20141 -0.925725 -2.7096
3 1 4 -0.327608 0.692 -0.64328 -2.00764
4 1 4 -0.0171879 -0.000464512 -0.999852 -2.63442
5 1 4 0.1261 -0.0376944 -0.991301 -2.84851
3 2 4 -0.419691 0.437438 -0.795304 -2.19315
4 2 4 -0.469073 -0.649782 -0.598126 -1.88215
5 2 4 -0.171302 -0.186845 -0.967339 -2.52528
3 0 5 -0.352952 0.704128 -0.61614 -1.86437
4 0 5 -0.0627241 0.230903 -0.970953 -2.75653
5 0 5 0.118165 0.078512 -0.989885 -2.69017
3 1 5 -0.167464 -0.164706 -0.972022 -2.48442
4 1 5 0.177311 -0.0345614 -0.983548 -2.77991
5 1 5 -0.281242 -0.611483 -0.739589 -2.24072
3 2 5 0.37791 -0.209813 -0.901755 -2.34025
4 2 5 -0.0164287 -0.0307596 -0.999392 -2.69713
5 2 5 0.412152 -0.389511 -0.823658 -2.47319
6 0 3 0.367106 -0.0398754 -0.929324 -2.82004
7 0 3 0.144193 -0.346176 -0.927023 -2.68889
8 0 3 0.1603 0.116969 -0.980113 -2.88113
6 1 3 0.108439 0.00334065 -0.994098 -2.75855
7 1 3 -0.0502177 -0.651825 -0.756705 -2.38438
8 1 3 -0.0402032 0.0161399 -0.999061 -2.82441
6 2 3 0.687535 0.169892 -0.705997 -2.35135
7 2 3 0.341368 -0.191465 -0.920223 -2.64855
8 2 3 -0.114583 -0.136707 -0.983962 -2.87036
6 0 4 -0.086272 -0.0057036 -0.996255 -2.83489
7 0 4 0.179432 -0.215393 -0.959901 -2.86154
8 0 4 -0.341875 -0.161727 -0.925725 -2.7266
6 1 4 0.168112 -0.0911489 -0.981545 -2.89055
7 1 4 -0.00514136 -0.0164075 -0.999852 -2.86101
8 1 4 0.0971215 -0.0888234 -0.991301 -2.79935
6 2 4 0.198696 0.572723 -0.795304 -2.40687
7 2 4 -0.0312459 0.33777 -0.94071 -2.72731
8 2 4 -0.250067 -0.0414926 -0.967339 -2.89417
6 0 5 -0.143355 0.103252 -0.98427 -2.87065
7 0 5 0.0733946 0.227736 -0.970953 -2.89301
8 0 5 0.12582 0.0655475 -0.989885 -2.89813
6 1 5 0.0532259 -0.228778 -0.972022 -2.84552
7 1 5 0.179683 -0.0186487 -0.983548 -2.94557
8 1 5 0.186373 0.00651821 -0.982457 -2.99701
6 2 5 0.428697 0.0552849 -0.901755 -2.39183
7 2 5 -0.0253467 -0.02395 -0.999392 -2.92263
8 2 5 -0.0236375 0.195761 -0.980367 -2.70855
0 3 3 0.368415 -0.0250317 -0.929324 -2.82366
1 3 3 -0.119795 0.355357 -0.927023 -2.67253
2 3 3 -0.14171 0.171508 -0.974938 -2.8232
0 4 3 -0.0677378 -0.084745 -0.994098 -2.91414
1 4 3 0.101753 0.164793 -0.981066 -2.96767
2 4 3 -0.0244781 -0.0357437 -0.999061 -2.80191
0 5 3 0.260604 -0.275971 -0.925162 -2.63266
1 5 3 0.0994091 -0.0325111 -0.994515 -2.90411
2 5 3 0.146455 -0.101829 -0.983962 -2.84129
0 3 4 0.277477 0.231899 -0.932325 -2.56886
1 3 4 -0.0674129 -0.559389 -0.82616 -2.28289
2 3 4 0.195777 -0.323582 -0.925725 -2.44827
0 4 4 -0.191134 -0.00613677 -0.981545 -2.8979
1 4 4 0.00625754 0.0160151 -0.999852 -2.77881
2 4 4 0.443507 0.509717 -0.737217 -2.08957
0 5 4 -0.455601 -0.0276459 -0.889755 -2.64012
1 5 4 -0.250874 0.228313 -0.94071 -2.85332
2 5 4 -0.0703074 -0.243541 -0.967339 -2.65375
0 3 5 0.164964 -0.0632355 -0.98427 -2.5956
1 3 5 0.191971 -0.14282 -0.970953 -2.87742
2 3 5 -0.0786974 0.118042 -0.989885 -2.93928
0 4 5 0.022746 0.233784 -0.972022 -2.90586
1 4 5 -0.0393464 0.176311 -0.983548 -2.99219
2 4 5 -0.107062 0.152693 -0.982457 -2.90406
0 5 5 -0.367158 0.228106 -0.901755 -2.73187
1 5 5 -0.0197224 0.0287591 -0.999392 -2.95672
2 5 5 -0.144127 0.134569 -0.980367 -2.91014
3 3 3 -0.0788342 0.360752 -0.929324 -2.66057
4 3 3 -0.331658 -0.175021 -0.927023 -2.47011
5 3 3 0.204065 0.0886247 -0.974938 -2.84159
3 4 3 0.105733 -0.477094 -0.872469 -2.47359
4 4 3 0.653544 -0.0166942 -0.756705 -2.16044
5 4 3 0.0252165 0.0352267 -0.999061 -2.89834
3 5 3 -0.147734 -0.349641 -0.925162 -2.73506
4 5 3 -0.065266 0.0817281 -0.994515 -2.79367
5 5 3 -0.172567 0.0451551 -0.983962 -2.91745
3 3 4 -0.256378 0.255032 -0.932325 -2.81497
4 3 4 -0.563394 0.0069079 -0.82616 -2.67797
5 3 4 -0.27749 0.256969 -0.925725 -2.83988
3 4 4 -0.134643 0.135798 -0.981545 -2.6494
4 4 4 -0.0164755 0.00491927 -0.999852 -2.79112
5 4 4 -0.117059 -0.0601619 -0.991301 -2.95061
3 5 4 -0.204934 -0.570521 -0.795304 -2.39508
4 5 4 -0.0661222 0.332705 -0.94071 -2.5504
5 5 4 -0.123736 -0.221234 -0.967339 -2.77775
3 3 5 -0.0147533 0.176051 -0.98427 -2.91299
4 3 5 -0.159324 0.178512 -0.970953 -2.8349
5 3 5 -0.107899 0.0921132 -0.989885 -2.85586
3 4 5 -0.231122 0.0418917 -0.972022 -2.87509
4 4 5 0.117406 -0.137294 -0.983548 -2.93876
5 4 5 0.184959 -0.0238186 -0.982457 -2.90842
3 5 5 0.37782 0.209975 -0.901755 -2.44613
4 5 5 0.0213209 -0.0275949 -0.999392 -2.79161
5 5 5 0.144044 -0.548488 -0.823658 -2.52404
6 3 3 0.231002 -0.288088 -0.929324 -2.67359
7 3 3 0.462385 -0.417672 -0.782145 -2.70161
8 3 3 0.212323 0.0664497 -0.974938 -2.82582
6 4 3 0.00497705 -0.108376 -0.994098 -2.96658
7 4 3 -0.0959538 -0.168235 -0.981066 -2.90432
8 4 3 -0.0395639 0.017649 -0.999061 -2.98956
6 5 3 0.0942345 -0.367688 -0.925162 -2.76162
7 5 3 0.101327 0.0259222 -0.994515 -2.8656
8 5 3 0.0506407 -0.171037 -0.983962 -2.8377
6 3 4 -0.316064 0.175711 -0.932325 -2.62342
7 3 4 0.264138 -0.0939231 -0.959901 -2.71226
8 3 4 -0.0980754 -0.36526 -0.925725 -2.34688
6 4 4 0.187985 0.0350958 -0.981545 -2.85983
7 4 4 -0.0171872 -0.000492424 -0.999852 -2.9675
8 4 4 0.0778262 -0.106138 -0.991301 -2.96101
6 5 4 0.0265704 -0.455665 -0.889755 -2.72778
7 5 4 -0.325968 0.0938598 -0.94071 -2.73268
8 5 4 0.215612 -0.133292 -0.967339 -2.76675
6 3 5 -0.122458 0.127341 -0.98427 -2.83008
7 3 5 -0.160924 -0.177071 -0.970953 -2.58428
8 3 5 -0.628617 0.654414 -0.420218 -1.19311
6 4 5 0.234046 -0.0198722 -0.972022 -2.95173
7 4 5 0.0210716 0.179415 -0.983548 -2.9274
8 4 5 -0.144587 0.117779 -0.982457 -2.78666
6 5 5 0.422809 0.0898338 -0.901755 -2.65046
7 5 5 -0.0204553 -0.0282425 -0.999392 -2.68844
8 5 5 -0.19109 0.048638 -0.980367 -2.83418
0 6 3 0.0938317 0.357144 -0.929324 -2.66027
1 6 3 -0.371487 0.0512482 -0.927023 -2.77689
2 6 3 0.0952603 -0.201053 -0.974938 -2.94572
0 7 3 -0.118043 0.474198 -0.872469 -2.42105
1 7 3 -0.502083 0.418701 -0.756705 -2.61849
2 7 3 0.0432746 -0.00202469 -0.999061 -2.82038
0 8 3 0.166323 -0.688407 -0.705997 -1.79175
1 8 3 -0.10403 -0.0108137 -0.994515 -2.52035
2 8 3 -0.157402 0.0839219 -0.983962 -2.68577
0 6 4 -0.0101599 -0.36148 -0.932325 -2.59409
1 6 4 -0.203845 0.192451 -0.959901 -2.78535
2 6 4 0.167967 -0.338852 -0.925725 -2.77831
0 7 4 -0.185714 0.0456107 -0.981545 -2.70335
1 7 4 -0.388003 0.459855 -0.798741 -2.13962
2 7 4 0.108723 -0.0741715 -0.991301 -2.52771
0 8 4 0.283479 -0.535847 -0.795304 -2.24049
1 8 4 0.402241 -0.693143 -0.598126 -1.34687
2 8 4 -0.869984 -0.250928 -0.424456 -1.37376
0 6 5 -0.0175337 0.175796 -0.98427 -2.67335
1 6 5 0.110624 0.212162 -0.970953 -2.94639
2 6 5 -0.0757308 0.119966 -0.989885 -2.92372
0 7 5 0.0554915 -0.228239 -0.972022 -2.85049
1 7 5 0.133531 -0.121668 -0.983548 -2.72334
2 7 5 -0.164643 -0.0875791 -0.982457 -2.92898
0 8 5 -0.0565757 0.428528 -0.901755 -2.34824
1 8 5 -0.00591643 -0.0343665 -0.999392 -2.76543
2 8 5 0.176071 -0.0887713 -0.980367 -2.22331
3 6 3 0.157032 -0.236947 -0.958748 -2.8392
4 6 3 0.300153 0.224805 -0.927023 -2.79462
5 6 3 0.154199 -0.160372 -0.974938 -2.44891
3 7 3 -0.0990081 -0.478535 -0.872469 -2.73291
4 7 3 0.0674315 -0.181558 -0.981066 -2.74411
5 7 3 -0.0222821 0.0371524 -0.999061 -2.67824
3 8 3 0.21837 -0.310466 -0.925162 -2.71153
4 8 3 0.54479 0.0659455 -0.835975 -2.55515
5 8 3 0.0745757 -0.162039 -0.983962 -2.9227
3 6 4 -0.189789 -0.58009 -0.792134 -2.52664
4 6 4 0.562569 0.0312493 -0.82616 -2.06446
5 6 4 0.0561693 0.374004 -0.925725 -2.1505
3 7 4 -0.0798836 -0.173748 -0.981545 -2.81571
4 7 4 -0.53817 -0.269045 -0.798741 -2.32157
5 7 4 -0.500384 -0.717984 -0.483854 -1.86691
3 8 4 -0.542786 -0.269955 -0.795304 -2.54967
4 8 4 -0.153292 -0.302599 -0.94071 -2.75696
5 8 4 0.000530774 -0.253486 -0.967339 -2.74304
3 6 5 0.164307 -0.0649215 -0.98427 -2.80607
4 6 5 -0.239161 0.00723947 -0.970953 -2.69598
5 6 5 -0.00767793 -0.141662 -0.989885 -2.88618
3 7 5 0.162653 -0.16946 -0.972022 -2.93003
4 7 5 -0.0729556 0.165261 -0.983548 -2.82834
5 7 5 -0.17535 -0.0634789 -0.982457 -2.73157
3 8 5 0.105984 -0.419052 -0.901755 -2.3242
4 8 5 -0.0299206 -0.0179114 -0.999392 -2.86526
5 8 5 0.0513683 -0.564756 -0.823658 -2.61454
6 6 3 -0.556934 -0.0776884 -0.826915 -2.49359
7 6 3 -0.401913 0.0465476 -0.914494 -2.8284
8 6 3 0.0505703 0.216655 -0.974938 -2.81718
6 7 3 -0.43482 0.223 -0.872469 -2.57073
7 7 3 -0.559456 0.338241 -0.756705 -2.61139
8 7 3 -0.0424652 0.00857299 -0.999061 -2.7106
6 8 3 0.118032 -0.360753 -0.925162 -2.53003
7 8 3 -0.382076 0.393908 -0.835975 -2.2931
8 8 3 0.177956 0.0122502 -0.983962 -2.73268
6 6 4 0.0194994 -0.361096 -0.932325 -2.49496
7 6 4 -0.491732 0.275064 -0.82616 -2.62252
8 6 4 0.000381587 0.000436142 -1 -2.69718
6 7 4 -0.584259 -0.494805 -0.64328 -2.42631
7 7 4 -0.537877 -0.269631 -0.798741 -2.54827
8 7 4 -0.090472 0.0955876 -0.991301 -2.91844
6 8 4 0.0584335 -0.452683 -0.889755 -2.7365
7 8 4 0.180613 0.0108053 -0.983495 -2.65433
8 8 4 -0.139308 0.211774 -0.967339 -2.69348
6 6 5 0.145944 -0.0995589 -0.98427 -2.66405
7 6 5 -0.335559 0.671482 -0.660691 -1.90682
8 6 5 -0.786664 -0.133648 -0.602742 -1.76138
6 7 5 -0.0731938 0.0961577 -0.992671 -2.7184
7 7 5 -0.176862 -0.0367876 -0.983548 -2.77194
8 7 5 0.0752351 -0.170637 -0.982457 -2.76405
6 8 5 -0.361798 -0.236516 -0.901755 -2.60793
7 8 5 0.00409742 0.0346305 -0.999392 -2.88127
8 8 5 -0.0508866 -0.190504 -0.980367 -2.8522
0 0 6 -0.36775 0.033415 -0.929324 -2.69207
1 0 6 -0.0979195 -0.361996 -0.927023 -2.73342
2 0 6 -0.110091 0.19333 -0.974938 -2.52766
0 1 6 0.0868701 -0.0649901 -0.994098 -2.73768
1 1 6 0.169375 -0.461091 -0.871038 -2.72857
2 1 6 0.0311326 -0.0301256 -0.999061 -2.95006
0 2 6 0.368713 0.0901394 -0.925162 -2.6883
1 2 6 -0.0239891 -0.617098 -0.786521 -2.35672
2 2 6 -0.176822 0.0234997 -0.983962 -2.87308
0 0 7 -0.327399 0.153561 -0.932325 -2.39453
1 0 7 0.194611 -0.201784 -0.959901 -2.70398
2 0 7 0.419337 -0.376833 -0.825926 -2.6115
0 1 7 -0.248577 -0.707756 -0.661279 -2.00532
1 1 7 -0.0165317 -0.00472692 -0.999852 -2.75451
2 1 7 0.0289154 -0.128398 -0.991301 -2.92538
0 2 7 0.502212 -0.339523 -0.795304 -2.28351
1 2 7 0.337707 0.0319131 -0.94071 -2.70796
2 2 7 0.0446779 0.249518 -0.967339 -2.76205
0 0 8 -0.109762 -0.138434 -0.98427 -2.93832
1 0 8 -0.239267 0.00143325 -0.970953 -2.95138
2 0 8 -0.107515 0.0925619 -0.989885 -2.72099
0 1 8 0.178972 -0.152123 -0.972022 -2.72198
1 1 8 -0.176801 -0.0370829 -0.983548 -2.96433
2 1 8 -0.136751 -0.086708 -0.986803 -2.92726
0 2 8 0.195608 0.385454 -0.901755 -2.50739
1 2 8 0.0185405 0.0295349 -0.999392 -2.94346
2 2 8 -0.194348 -0.0333174 -0.980367 -2.93371
3 0 6 -0.366487 0.0452119 -0.929324 -2.58426
4 0 6 -0.150317 -0.343561 -0.927023 -2.7587
5 0 6 -0.0129814 -0.2221 -0.974938 -2.98264
3 1 6 -0.107301 -0.0160223 -0.994098 -2.97206
4 1 6 -0.155197 0.115863 -0.981066 -2.77613
5 1 6 -0.0384217 -0.0200141 -0.999061 -2.78419
3 2 6 -0.354382 -0.13597 -0.925162 -2.45679
4 2 6 0.0162765 0.103316 -0.994515 -2.6849
5 2 6 -0.0174233 -0.177524 -0.983962 -2.78768
3 0 7 0.287721 -0.21906 -0.932325 -2.68773
4 0 7 -0.505633 -0.248587 -0.82616 -2.06938
5 0 7 -6.88875e-05 0.000575398 -1 -2.71872
3 1 7 0.185443 0.0466976 -0.981545 -2.85545
4 1 7 0.536045 -0.273255 -0.798741 -2.038
5 1 7 -0.592963 -0.323891 -0.737217 -2.05042
3 2 7 0.606163 -0.00762679 -0.795304 -2.15889
4 2 7 0.574933 -0.558299 -0.598126 -2.21806
5 2 7 0.189714 -0.168119 -0.967339 -2.53243
3 0 8 -0.0871281 -0.153689 -0.98427 -2.81996
4 0 8 -0.649641 -0.376105 -0.660691 -2.11978
5 0 8 0.0127906 -0.434913 -0.900382 -2.59242
3 1 8 0.10483 -0.210197 -0.972022 -2.82063
4 1 8 -0.0714633 0.165911 -0.983548 -2.5751
5 1 8 -0.138515 -0.0838625 -0.986803 -2.86051
3 2 8 -0.167567 0.104609 -0.980295 -2.71867
4 2 8 0.023717 -0.0255649 -0.999392 -2.65134
5 2 8 -0.143188 -0.135566 -0.980367 -2.93464
6 0 6 0.00505223 -0.36923 -0.929324 -2.77177
7 0 6 0.35182 -0.129815 -0.927023 -2.41416
8 0 6 -0.126583 0.409533 -0.903471 -2.53755
6 1 6 0.0927585 -0.0562671 -0.994098 -2.75702
7 1 6 0.270818 0.409818 -0.871038 -2.69146
8 1 6 0.0409084 0.0142582 -0.999061 -2.92742
6 2 6 -0.698378 0.117627 -0.705997 -1.89397
7 2 6 0.0781622 0.0694968 -0.994515 -2.76067
8 2 6 -0.0210212 0.177134 -0.983962 -2.95506
6 0 7 -0.224029 -0.283869 -0.932325 -2.73215
7 0 7 -0.264927 0.497267 -0.82616 -2.37178
8 0 7 0.109209 0.923317 -0.368185 -1.57458
6 1 7 0.150211 -0.118349 -0.981545 -2.7196
7 1 7 -0.00149964 0.0171287 -0.999852 -2.85144
8 1 7 0.123262 -0.0461363 -0.991301 -2.4854
6 2 7 -0.198874 0.410835 -0.889755 -2.35596
7 2 7 0.339196 -0.00325424 -0.94071 -2.78926
8 2 7 -0.117714 0.224497 -0.967339 -2.7331
6 0 8 0.174696 -0.0263268 -0.98427 -2.92265
7 0 8 0.155387 0.181949 -0.970953 -2.71567
8 0 8 0.0705692 0.123073 -0.989885 -2.70888
6 1 8 0.229706 0.0490664 -0.972022 -2.7684
7 1 8 0.131755 -0.123588 -0.983548 -2.95514
8 1 8 -0.108579 0.120124 -0.986803 -2.93696
6 2 8 -0.142457 -0.408097 -0.901755 -2.27096
7 2 8 0.0223252 -0.0267889 -0.999392 -2.94654
8 2 8 -0.197133 -0.00443219 -0.980367 -2.87585
0 3 6 0.13431 -0.343973 -0.929324 -2.68431
1 3 6 0.37337 -0.0349831 -0.927023 -2.67119
2 3 6 -0.174179 0.138414 -0.974938 -2.80958
0 4 6 0.397892 0.28369 -0.872469 -2.68349
1 4 6 -0.130998 0.142653 -0.981066 -2.82861
2 4 6 0.0179077 -0.0394475 -0.999061 -2.73703
0 5 6 0.358951 -0.123405 -0.925162 -2.62642
1 5 6 -0.0209792 0.102465 -0.994515 -2.92257
2 5 6 0.151346 0.094407 -0.983962 -2.93165
0 3 7 0.187005 0.309516 -0.932325 -2.5896
1 3 7 0.367413 -0.427163 -0.82616 -2.26308
2 3 7 0.368304 -0.0859445 -0.925725 -2.47125
0 4 7 0.188146 0.0342217 -0.981545 -2.77765
1 4 7 -0.469372 0.376433 -0.798741 -1.78302
2 4 7 0.833411 0.267042 -0.483854 -0.994382
0 5 7 0.118343 0.165027 -0.979163 -2.77229
1 5 7 -0.180654 -0.287104 -0.94071 -2.65455
2 5 7 0.237199 0.0893964 -0.967339 -2.63368
0 3 8 0.160301 0.074266 -0.98427 -2.92215
1 3 8 -0.16921 0.16917 -0.970953 -2.76813
2 3 8 -0.168524 0.401139 -0.900382 -2.63023
0 4 8 -0.229705 -0.0490709 -0.972022 -2.88617
1 4 8 -0.0216175 -0.17935 -0.983548 -2.80592
2 4 8 -0.146068 0.0698816 -0.986803 -2.40429
0 5 8 -0.284618 -0.325316 -0.901755 -2.50841
1 5 8 0.02324 0.0259993 -0.999392 -2.74331
2 5 8 0.545282 0.15574 -0.823658 -2.46152
3 3 6 0.22506 0.292753 -0.929324 -2.58956
4 3 6 0.135688 -0.349597 -0.927023 -2.53362
5 3 6 -0.135184 -0.176697 -0.974938 -2.95746
3 4 6 -0.099047 -0.0442699 -0.994098 -2.46921
4 4 6 -0.030965 -0.949689 -0.31166 -1.34471
5 4 6 -0.0277334 0.0332814 -0.999061 -2.65352
3 5 6 -0.16285 -0.148724 -0.975377 -2.66042
4 5 6 0.321841 -0.444482 -0.835975 -2.4559
5 5 6 0.0654895 0.16592 -0.983962 -2.34187
3 3 7 -0.359347 0.0405082 -0.932325 -2.31657
4 3 7 -0.221981 -0.517866 -0.82616 -2.55647
5 3 7 -0.346453 -0.151671 -0.925725 -2.72814
3 4 7 -0.840075 -0.00555077 -0.542442 -1.05684
4 4 7 0.0124983 0.0118082 -0.999852 -2.33002
5 4 7 0.0068882 0.131433 -0.991301 -2.3565
3 5 7 0.594388 -0.119146 -0.795304 -1.81406
4 5 7 -0.267311 -0.208829 -0.94071 -2.40247
5 5 7 -0.00450195 -0.905437 -0.424456 -1.20768
3 3 8 0.166324 -0.0595651 -0.98427 -2.53725
4 3 8 -0.639357 -0.393332 -0.660691 -2.12683
5 3 8 -0.43271 -0.0455534 -0.900382 -2.78074
3 4 8 -0.0927425 0.215804 -0.972022 -2.77538
4 4 8 -0.117873 0.136893 -0.983548 -2.78285
5 4 8 -0.0248492 0.160005 -0.986803 -2.8118
3 5 8 -0.253783 0.349902 -0.901755 -2.42739
4 5 8 0.0111709 0.0330344 -0.999392 -2.75809
5 5 8 -0.334248 0.458111 -0.823658 -1.7755
6 3 6 0.0383609 -0.367267 -0.929324 -2.49936
7 3 6 -0.327999 0.181785 -0.927023 -2.67859
8 3 6 -0.0920501 -0.202543 -0.974938 -2.57884
6 4 6 -0.0462457 0.09814 -0.994098 -2.62667
7 4 6 -0.18499 0.455051 -0.871038 -2.80825
8 4 6 0.0159144 0.0402929 -0.999061 -2.8934
6 5 6 0.0859107 -0.261723 -0.961312 -2.58951
7 5 6 -0.433327 0.33671 -0.835975 -2.45791
8 5 6 -0.157924 -0.0829352 -0.983962 -2.81184
6 3 7 0.327301 0.153769 -0.932325 -2.30926
7 3 7 0.27832 0.0335914 -0.959901 -2.85955
8 3 7 -0.000509643 0.000275848 -1 -2.95781
6 4 7 -0.243607 -0.803998 -0.542442 -1.66998
7 4 7 0.00388389 0.0167498 -0.999852 -2.70336
8 4 7 -0.120258 -0.0534816 -0.991301 -2.95318
6 5 7 -0.208557 -0.569207 -0.795304 -2.48252
7 5 7 -0.0473765 0.25682 -0.965297 -2.7835
8 5 7 0.0605087 0.291422 -0.954679 -2.39376
6 3 8 -0.1403 -0.107367 -0.98427 -2.85021
7 3 8 -0.0553587 -0.232779 -0.970953 -2.95295
8 3 8 0.137142 -0.0363187 -0.989885 -2.98816
6 4 8 0.172359 -0.159577 -0.972022 -2.76199
7 4 8 0.0253329 -0.178863 -0.983548 -3.01844
8 4 8 0.130082 -0.0964255 -0.986803 -2.92806
6 5 8 0.254503 -0.349379 -0.901755 -2.33561
7 5 8 -0.0337662 -0.00871206 -0.999392 -2.85441
8 5 8 0.526959 -0.209529 -0.823658 -2.41738
0 6 6 0.167341 0.329171 -0.929324 -2.79393
1 6 6 -0.142554 0.346854 -0.927023 -2.9028
2 6 6 -0.222393 -0.00616931 -0.974938 -2.92816
0 7 6 0.0635012 -0.0879643 -0.994098 -2.87134
1 7 6 -0.0222156 0.490713 -0.871038 -2.64072
2 7 6 0.0141914 -0.0409316 -0.999061 -2.93499
0 8 6 0.306713 -0.22361 -0.925162 -2.64925
1 8 6 -0.10418 0.00925099 -0.994515 -2.66227
2 8 6 0.00337711 0.178345 -0.983962 -2.8308
0 6 7 -0.342242 0.116794 -0.932325 -2.43054
1 6 7 -0.280314 -0.0038043 -0.959901 -2.9257
2 6 7 -0.300311 -0.229885 -0.925725 -2.64169
0 7 7 -0.134498 -0.135941 -0.981545 -2.96572
1 7 7 0.0144058 0.00938688 -0.999852 -2.73682
2 7 7 -0.0616824 -0.116265 -0.991301 -2.93173
0 8 7 -0.0439686 -0.0700473 -0.996574 -2.74598
1 8 7 0.23724 -0.765482 -0.598126 -2.09318
2 8 7 0.0509652 -0.569045 -0.820725 -2.69809
0 6 8 -0.170789 -0.0451975 -0.98427 -2.90184
1 6 8 -0.0759003 0.226913 -0.970953 -2.90726
2 6 8 -0.0628778 0.430533 -0.900382 -2.6787
0 7 8 -0.112952 0.0429598 -0.992671 -2.97206
1 7 8 -0.177736 0.0323045 -0.983548 -3.00833
2 7 8 -0.0634597 0.14897 -0.986803 -2.81213
0 8 8 -0.280081 -0.32923 -0.901755 -2.80741
1 8 8 -0.0176312 -0.0300865 -0.999392 -2.61205
2 8 8 0.207511 -0.527756 -0.823658 -2.56923
3 6 6 -0.185854 -0.215085 -0.958748 -2.79972
4 6 6 0.373779 -0.0303042 -0.927023 -2.62708
5 6 6 -0.171931 -0.141196 -0.974938 -2.8536
3 7 6 -0.0522701 -0.0950682 -0.994098 -2.95358
4 7 6 -0.0476314 -0.187727 -0.981066 -2.8867
5 7 6 -0.0148492 -0.0406975 -0.999061 -2.9605
3 8 6 0.271889 0.26486 -0.925162 -2.62795
4 8 6 -0.0263499 0.101217 -0.994515 -2.69375
5 8 6 -0.0517417 -0.170707 -0.983962 -2.89653
3 6 7 0.280154 0.228658 -0.932325 -2.66665
4 6 7 -0.0163872 0.27986 -0.959901 -2.60463
5 6 7 -0.000541418 0.000206628 -1 -2.65185
3 7 7 0.154594 -0.112564 -0.981545 -2.89405
4 7 7 -0.0485161 -0.599715 -0.798741 -2.30887
5 7 7 0.123023 0.0467697 -0.991301 -2.68861
3 8 7 0.381711 -0.250266 -0.889755 -2.77622
4 8 7 0.737684 -0.313158 -0.598126 -1.83823
5 8 7 0.0768821 -0.241546 -0.967339 -2.75877
3 6 8 -0.0163758 0.175908 -0.98427 -2.89549
4 6 8 -0.11464 -0.210019 -0.970953 -2.77157
5 6 8 0.202857 -0.384918 -0.900382 -2.48867
3 7 8 0.152957 -0.178259 -0.972022 -2.92794
4 7 8 0.173121 -0.0516007 -0.983548 -2.77968
5 7 8 -0.161622 -0.00988317 -0.986803 -2.88126
3 8 8 -0.112505 -0.417349 -0.901755 -2.77856
4 8 8 -0.0449066 -0.487523 -0.871955 -2.48794
5 8 8 0.1103 0.163448 -0.980367 -2.78578
6 6 6 -0.203669 0.308019 -0.929324 -2.61329
7 6 6 0.35515 -0.120406 -0.927023 -2.13927
8 6 6 0.222385 -0.0064681 -0.974938 -2.38515
6 7 6 -0.448912 -0.193071 -0.872469 -2.49191
7 7 6 -0.490493 -0.0266449 -0.871038 -2.42785
8 7 6 -0.0312996 0.0299521 -0.999061 -2.94191
6 8 6 0.263902 0.272819 -0.925162 -2.30707
7 8 6 0.0743823 0.543703 -0.835975 -2.49823
8 8 6 0.164109 -0.0699031 -0.983962 -2.78156
6 6 7 -0.239594 0.18618 -0.952855 -2.7787
7 6 7 -0.106708 0.259237 -0.959901 -2.23087
8 6 7 0.352864 -0.86019 -0.368185 -0.832215
6 7 7 -0.454816 0.596534 -0.661279 -1.88696
7 7 7 0.144484 -0.584069 -0.798741 -1.83056
8 7 7 0.0138923 0.130879 -0.991301 -2.48375
6 8 7 -0.407279 -0.206059 -0.889755 -2.46015
7 8 7 -0.149266 0.214291 -0.965297 -2.59552
8 8 7 -0.238247 0.0865669 -0.967339 -2.63702
6 6 8 -0.0278578 0.174458 -0.98427 -2.79298
7 6 8 0.122186 -0.205721 -0.970953 -2.84939
8 6 8 -0.203719 -0.384462 -0.900382 -2.48562
6 7 8 -0.0412528 0.231237 -0.972022 -2.76594
7 7 8 -0.0303805 -0.178075 -0.983548 -2.77282
8 7 8 0.161775 -0.00694132 -0.986803 -2.904
6 8 8 0.23664 -0.305414 -0.922347 -2.59192
7 8 8 -0.0838515 -0.482352 -0.871955 -2.61556
8 8 8 -0.0246912 -0.195631 -0.980367 -2.913
