Position_x Position_y Position_z Spin_x Spin_y Spin_z Spin_energy Temperature n_spins
0 0 0 -0.121043 -0.2572 -0.958748 -2.94352 0.101 729
1 0 0 -0.00422763 0.00870094 -0.999953 -2.98258
2 0 0 0.0455218 -0.0137068 -0.998869 -3.02644
0 1 0 -0.0232452 -0.105971 -0.994098 -2.98493
1 1 0 0.162916 -0.104732 -0.981066 -2.95475
2 1 0 -0.115463 -0.0528077 -0.991907 -2.99818
0 2 0 -0.175048 0.212691 -0.961312 -2.83545
1 2 0 0.0313429 0.0997835 -0.994515 -2.9813
2 2 0 0.0338648 -0.0452438 -0.998402 -2.98187
0 0 1 0.0762741 -0.0407141 -0.996255 -2.96704
1 0 1 -0.141493 -0.242012 -0.959901 -2.94665
2 0 1 -0.00020548 0.000541855 -1 -2.97992
0 1 1 -0.0949632 -0.165988 -0.981545 -2.9613
1 1 1 -0.0154602 -0.00752481 -0.999852 -2.98529
2 1 1 0.0303307 -0.128071 -0.991301 -3.00138
0 2 1 0.199118 -0.0398849 -0.979163 -2.88464
1 2 1 -0.220668 -0.139665 -0.965297 -2.91079
2 2 1 -0.0258531 0.0249499 -0.999354 -3.01458
0 0 2 0.00430257 0.0875786 -0.996148 -2.98546
1 0 2 0.0359779 -0.236551 -0.970953 -2.97803
2 0 2 0.0824597 -0.115445 -0.989885 -2.99807
0 1 2 0.230128 0.0470486 -0.972022 -2.93155
1 1 2 0.133234 -0.121993 -0.983548 -3.01214
2 1 2 0.167059 -0.0828779 -0.982457 -3.01281
0 2 2 0.0441201 0.192549 -0.980295 -2.96747
1 2 2 0.0131646 -0.0322917 -0.999392 -2.97868
2 2 2 0.0650019 0.186161 -0.980367 -2.98005
3 0 0 0.00217972 -0.0864516 -0.996254 -2.97311
4 0 0 0.00897061 -0.0036204 -0.999953 -3.01144
5 0 0 0.0795589 -0.207767 -0.974938 -2.97897
3 1 0 0.0119642 0.107829 -0.994098 -2.98533
4 1 0 -0.0530094 -0.0165212 -0.998457 -3.03401
5 1 0 -0.0379223 -0.046571 -0.998195 -3.0221
3 2 0 0.368381 0.0914889 -0.925162 -2.7802
4 2 0 -0.00162798 0.00320354 -0.999994 -2.99458
5 2 0 0.178244 0.00687722 -0.983962 -2.93194
3 0 1 0.169602 0.251602 -0.952855 -2.87044
4 0 1 -0.0998844 -0.123929 -0.987251 -2.96609
5 0 1 -0.000493133 0.000304383 -1 -3.02568
3 1 1 0.122694 0.146684 -0.981545 -2.98047
4 1 1 -0.0158413 0.00668544 -0.999852 -3.01545
5 1 1 0.000440007 -0.00221384 -0.999997 -3.01497
3 2 1 0.00652094 0.082446 -0.996574 -2.92877
4 2 1 -0.0214405 -0.179661 -0.983495 -2.9993
5 2 1 0.112875 -0.226968 -0.967339 -2.93565
3 0 2 0.168414 0.0533703 -0.98427 -2.96472
4 0 2 -0.0617958 0.0214384 -0.997859 -3.01397
5 0 2 -0.141856 0.00200047 -0.989885 -2.98772
3 1 2 0.155372 -0.176159 -0.972022 -2.94548
4 1 2 0.165693 0.071968 -0.983548 -2.95238
5 1 2 -0.10529 -0.15392 -0.982457 -2.98947
3 2 2 0.23376 0.133919 -0.963028 -2.93257
4 2 2 0.0306784 -0.0165799 -0.999392 -2.99118
5 2 2 -0.0685481 -0.184885 -0.980367 -2.88698
6 0 0 0.248319 -0.13835 -0.958748 -2.86667
7 0 0 -0.284537 -0.24427 -0.927023 -2.68399
8 0 0 -0.182863 0.077064 -0.980113 -2.95216
6 1 0 -0.105069 -0.0270292 -0.994098 -2.94724
7 1 0 0.140725 0.133067 -0.981066 -2.89718
8 1 0 -0.0364499 -0.0477322 -0.998195 -3.00251
6 2 0 -0.0190311 -0.379094 -0.925162 -2.73567
7 2 0 0.104531 -0.00351536 -0.994515 -2.98476
8 2 0 0.167225 -0.0620812 -0.983962 -2.93082
6 0 1 -0.00801058 0.00578692 -0.999951 -3.00983
7 0 1 0.0952313 0.12754 -0.987251 -2.91462
8 0 1 0.000185086 -0.000549155 -1 -3.00604
6 1 1 -0.145564 0.124021 -0.981545 -2.99801
7 1 1 -0.0148234 -0.00871259 -0.999852 -2.99985
8 1 1 0.00677856 -0.131439 -0.991301 -2.99874
6 2 1 -0.0518044 0.196355 -0.979163 -2.85784
7 2 1 -0.0361793 0.177282 -0.983495 -2.99756
8 2 1 0.127338 0.219181 -0.967339 -2.93584
6 0 2 -0.0680391 -0.0553101 -0.996148 -3.01943
7 0 2 -0.0587002 -0.231959 -0.970953 -2.92127
8 0 2 0.128385 -0.0603691 -0.989885 -2.98606
6 1 2 -0.0602246 -0.104769 -0.992671 -2.93978
7 1 2 0.17624 0.0396614 -0.983548 -2.94454
8 1 2 -0.0983489 -0.158445 -0.982457 -2.93016
6 2 2 0.302674 0.240134 -0.922347 -2.79032
7 2 2 -0.0137525 0.0320457 -0.999392 -2.9683
8 2 2 0.195468 -0.0259471 -0.980367 -2.94877
0 3 0 0.27019 0.251702 -0.929324 -2.77204
1 3 0 0.00946042 0.00201979 -0.999953 -2.98302
2 3 0 0.0218424 -0.221404 -0.974938 -2.97946
0 4 0 -0.0783845 -0.0750067 -0.994098 -2.94625
1 4 0 -0.157776 0.112326 -0.981066 -2.96858
2 4 0 -0.121617 -0.0364663 -0.991907 -2.99066
0 5 0 -0.0811018 -0.263253 -0.961312 -2.9027
1 5 0 0.0960825 0.0413193 -0.994515 -2.96093
2 5 0 0.0900446 0.153981 -0.983962 -2.95564
0 3 1 0.0838212 -0.021199 -0.996255 -2.97015
1 3 1 -0.145824 0.0638015 -0.987251 -2.99764
2 3 1 -0.000573801 8.11223e-05 -1 -2.98759
0 4 1 -0.170932 0.0857443 -0.981545 -2.95576
1 4 1 0.0170208 0.00243553 -0.999852 -2.98805
2 4 1 -0.114738 0.0644775 -0.991301 -3.0268
0 5 1 0.138105 0.148883 -0.979163 -2.85915
1 5 1 -0.186766 -0.182536 -0.965297 -2.9022
2 5 1 -0.00296037 0.0358066 -0.999354 -3.00337
0 3 2 -0.00374196 0.176629 -0.98427 -2.98936
1 3 2 -0.149054 0.187172 -0.970953 -2.98802
2 3 2 0.0875328 0.111647 -0.989885 -2.97855
0 4 2 0.0368663 -0.115085 -0.992671 -2.91308
1 4 2 -0.0350144 0.177222 -0.983548 -2.98909
2 4 2 -0.12624 0.047575 -0.990858 -2.99227
0 5 2 0.294969 0.31596 -0.901755 -2.82321
1 5 2 -0.0348125 0.00203635 -0.999392 -2.94462
2 5 2 0.189865 0.053222 -0.980367 -2.94778
3 3 0 0.0770145 -0.273627 -0.958748 -2.92825
4 3 0 0.00966768 0.000339149 -0.999953 -2.97182
5 3 0 0.197469 -0.102482 -0.974938 -2.88839
3 4 0 0.108325 -0.00599223 -0.994098 -2.94003
4 4 0 -0.188139 0.0459788 -0.981066 -2.99133
5 4 0 -0.00909193 0.12664 -0.991907 -2.99419
3 5 0 0.379369 0.0124086 -0.925162 -2.83651
4 5 0 -0.090374 0.0526467 -0.994515 -2.89561
5 5 0 -0.0264096 -0.0499636 -0.998402 -3.01471
3 3 1 -0.0844315 -0.351628 -0.932325 -2.8485
4 3 1 -0.0494926 -0.275936 -0.959901 -2.9153
5 3 1 -0.000520154 0.000255478 -1 -2.98967
3 4 1 -0.00376872 0.191195 -0.981545 -2.92151
4 4 1 0.000849158 0.0171732 -0.999852 -2.96593
5 4 1 -0.0813706 0.103446 -0.991301 -2.96529
3 5 1 -0.0076346 0.20293 -0.979163 -2.87603
4 5 1 0.265818 -0.210726 -0.94071 -2.83145
5 5 1 -0.0660654 -0.244726 -0.967339 -2.92537
3 3 2 -0.173563 -0.0329797 -0.98427 -2.87977
4 3 2 -0.0475233 0.234504 -0.970953 -2.87696
5 3 2 0.0882975 0.111043 -0.989885 -2.99481
3 4 2 -0.0303424 -0.116974 -0.992671 -2.91798
4 4 2 0.0720844 -0.165642 -0.983548 -2.96786
5 4 2 0.182079 0.0403079 -0.982457 -2.9575
3 5 2 0.0106979 0.432115 -0.901755 -2.71859
4 5 2 -0.0334907 0.00971756 -0.999392 -2.93467
5 5 2 -0.152543 0.124947 -0.980367 -2.94556
6 3 0 0.263796 -0.258396 -0.929324 -2.86882
7 3 0 -0.000213421 0.00967128 -0.999953 -2.98795
8 3 0 0.136589 -0.175614 -0.974938 -2.93525
6 4 0 -0.0646189 -0.0871466 -0.994098 -2.9787
7 4 0 0.0464488 0.0304213 -0.998457 -3.03547
8 4 0 -0.0137999 0.126214 -0.991907 -2.96925
6 5 0 -0.0510256 -0.0731086 -0.996018 -3.01383
7 5 0 0.0976276 0.0375231 -0.994515 -3.01581
8 5 0 0.172804 -0.0442371 -0.983962 -2.93054
6 3 1 0.0669791 -0.0546734 -0.996255 -2.99764
7 3 1 0.141584 -0.0116085 -0.989858 -3.01299
8 3 1 0.000270269 0.000512624 -1 -3.00921
6 4 1 0.111869 -0.155097 -0.981545 -2.96677
7 4 1 -0.00111359 -0.0171581 -0.999852 -3.01255
8 4 1 -0.000363246 0.00222772 -0.999997 -3.01145
6 5 1 -0.111146 -0.169957 -0.979163 -2.98684
7 5 1 0.188378 -0.180872 -0.965297 -2.95259
8 5 1 0.211835 -0.139217 -0.967339 -2.98257
6 3 2 0.19432 -0.0023664 -0.980935 -2.97978
7 3 2 0.238949 -0.0124073 -0.970953 -2.97476
8 3 2 0.128825 -0.0594237 -0.989885 -3.01443
6 4 2 -0.100399 0.0672583 -0.992671 -2.95218
7 4 2 -0.122185 -0.133058 -0.983548 -2.96537
8 4 2 0.148323 -0.113038 -0.982457 -2.9988
6 5 2 -0.152345 -0.125748 -0.980295 -2.96433
7 5 2 0.0107001 0.0331899 -0.999392 -2.98352
8 5 2 0.194371 0.0331806 -0.980367 -2.95941
0 6 0 -0.0517653 -0.0692747 -0.996254 -3.01712
1 6 0 -0.00294151 0.00921557 -0.999953 -3.01321
2 6 0 -0.194166 -0.108612 -0.974938 -2.93338
0 7 0 -0.0950668 -0.0522728 -0.994098 -3.03422
1 7 0 -0.0508601 0.0222756 -0.998457 -3.04278
2 7 0 -0.0307693 -0.0304965 -0.999061 -3.01083
0 8 0 0.00546927 -0.0079232 -0.999954 -2.96792
1 8 0 -0.00277171 0.00228706 -0.999994 -3.03219
2 8 0 0.175164 0.0337016 -0.983962 -2.93815
0 6 1 -0.0833976 -0.0228084 -0.996255 -3.00282
1 6 1 -0.130712 -0.0556332 -0.989858 -3.0249
2 6 1 -0.000212645 -0.000539083 -1 -2.99911
0 7 1 -0.0166703 -0.190505 -0.981545 -2.976
1 7 1 -0.0169346 -0.00297667 -0.999852 -3.01388
2 7 1 0.110999 0.0707209 -0.991301 -3.00099
0 8 1 -0.116715 0.166182 -0.979163 -2.9069
1 8 1 0.0644911 -0.169052 -0.983495 -2.97411
2 8 1 0.185298 -0.172973 -0.967339 -2.94948
0 6 2 0.160479 -0.0738784 -0.98427 -2.90386
1 6 2 -0.237823 0.0262829 -0.970953 -2.91832
2 6 2 0.141779 -0.0050732 -0.989885 -2.99291
0 7 2 0.0900419 -0.0805984 -0.992671 -3.00609
1 7 2 0.0217991 0.179328 -0.983548 -2.93772
2 7 2 0.101076 -0.0893506 -0.990858 -2.98303
0 8 2 0.192478 0.0444272 -0.980295 -2.93588
1 8 2 -0.00525137 -0.0344744 -0.999392 -2.99689
2 8 2 -0.186067 0.0652719 -0.980367 -2.89402
3 6 0 -0.0613207 0.0609787 -0.996254 -2.90436
4 6 0 0.184544 0.326455 -0.927023 -2.74578
5 6 0 -0.188693 -0.117862 -0.974938 -2.88271
3 7 0 0.0320353 -0.103653 -0.994098 -2.91915
4 7 0 0.339215 0.355284 -0.871038 -2.70919
5 7 0 -0.0378125 0.0211425 -0.999061 -2.94816
3 8 0 -0.266129 0.0710996 -0.961312 -2.85696
4 8 0 0.044213 0.0947858 -0.994515 -2.946
5 8 0 0.131737 -0.120265 -0.983962 -2.96301
3 6 1 0.294589 -0.0727004 -0.952855 -2.92519
4 6 1 0.141277 -0.0733222 -0.987251 -2.94859
5 6 1 0.000579507 4.00952e-07 -1 -3.00801
3 7 1 0.159945 -0.104822 -0.981545 -3.00622
4 7 1 -0.0142423 -0.00963314 -0.999852 -2.94261
5 7 1 -0.09558 0.09048 -0.991301 -3.00513
3 8 1 0.0789208 -0.187111 -0.979163 -2.94387
4 8 1 0.0277456 -0.178796 -0.983495 -2.99928
5 8 1 0.0315334 0.0172198 -0.999354 -3.01693
3 6 2 0.164852 0.0635253 -0.98427 -2.9635
4 6 2 -0.0174393 0.238635 -0.970953 -2.94557
5 6 2 0.00304759 -0.0435918 -0.999045 -2.98892
3 7 2 0.0721809 0.0969204 -0.992671 -2.99144
4 7 2 0.134452 0.120649 -0.983548 -2.96725
5 7 2 -0.181262 0.0438317 -0.982457 -2.9657
3 8 2 0.00747139 -0.197398 -0.980295 -2.93351
4 8 2 -0.0337907 -0.00861671 -0.999392 -3.00734
5 8 2 0.127807 0.150155 -0.980367 -2.91959
6 6 0 0.0641316 -0.0580152 -0.996254 -3.00617
7 6 0 0.00187046 0.00949108 -0.999953 -3.01014
8 6 0 -0.160069 0.154514 -0.974938 -2.94393
6 7 0 0.0357833 -0.102419 -0.994098 -2.99898
7 7 0 -0.0549934 0.00765978 -0.998457 -3.02937
8 7 0 -0.0433105 -0.00099278 -0.999061 -3.02328
6 8 0 0.220485 0.165124 -0.961312 -2.90608
7 8 0 0.0472256 0.0933213 -0.994515 -2.95271
8 8 0 -0.176054 -0.0286952 -0.983962 -2.96868
6 6 1 0.0372516 0.0780237 -0.996255 -2.98536
7 6 1 -0.106228 -0.118537 -0.987251 -2.96314
8 6 1 0.000499241 0.000294256 -1 -3.00775
6 7 1 0.127274 -0.142728 -0.981545 -2.97778
7 7 1 0.0164203 -0.00510055 -0.999852 -3.0193
8 7 1 1.61993e-05 0.00225709 -0.999997 -3.01497
6 8 1 -0.07484 -0.0351972 -0.996574 -2.97427
7 8 1 0.179202 0.0249892 -0.983495 -2.99616
8 8 1 0.0938928 0.235456 -0.967339 -2.95158
6 6 2 0.173648 -0.0325297 -0.98427 -2.94864
7 6 2 -0.102165 0.216363 -0.970953 -2.90499
8 6 2 -0.140018 0.0228498 -0.989885 -2.96551
6 7 2 -0.0419697 -0.113323 -0.992671 -3.01073
7 7 2 0.0463587 -0.174598 -0.983548 -2.96154
8 7 2 -0.0819522 -0.167515 -0.982457 -2.97306
6 8 2 0.00157865 -0.197533 -0.980295 -2.98118
7 8 2 0.0237278 0.0255548 -0.999392 -2.99365
8 8 2 0.145381 0.133213 -0.980367 -2.98757
0 0 3 0.0343811 0.0793509 -0.996254 -3.01296
1 0 3 0.00759384 0.00599272 -0.999953 -2.98819
2 0 3 0.211587 -0.0687579 -0.974938 -2.96663
0 1 3 0.0920223 0.0574633 -0.994098 -3.02653
1 1 3 0.191358 0.0298732 -0.981066 -2.99456
2 1 3 0.0299124 -0.0313375 -0.999061 -3.01183
0 2 3 0.268083 0.063333 -0.961312 -2.89181
1 2 3 -0.0979465 0.0366827 -0.994515 -2.95706
2 2 3 -0.16785 0.0603709 -0.983962 -2.94405
0 0 4 0.0406895 0.0762873 -0.996255 -3.01089
1 0 4 -0.267652 -0.0833828 -0.959901 -2.9097
2 0 4 -0.000561775 0.000142259 -1 -2.98288
0 1 4 0.154901 0.112142 -0.981545 -2.98315
1 1 4 0.0148504 0.0086665 -0.999852 -2.99341
2 1 4 -0.000853479 0.00208956 -0.999997 -3.01495
0 2 4 -0.0631888 -0.0533577 -0.996574 -2.92295
1 2 4 0.111738 -0.236041 -0.965297 -2.9181
2 2 4 -0.252129 -0.0261926 -0.967339 -2.93241
0 0 5 0.0950002 0.148952 -0.98427 -2.99358
1 0 5 0.0350189 0.0552449 -0.997859 -3.01107
2 0 5 0.0369429 -0.0233399 -0.999045 -3.00688
0 1 5 -0.119449 -0.0183192 -0.992671 -2.96418
1 1 5 0.0166918 -0.046684 -0.99877 -3.02323
2 1 5 -0.0870684 -0.164913 -0.982457 -2.99302
0 2 5 -0.0412 -0.122639 -0.991596 -3.00263
1 2 5 -0.034767 -0.00270421 -0.999392 -2.99867
2 2 5 -0.151191 0.126579 -0.980367 -2.90666
3 0 3 0.0505484 0.279728 -0.958748 -2.88282
4 0 3 -0.00164103 0.00953342 -0.999953 -2.98531
5 0 3 0.0713702 -0.21072 -0.974938 -2.95094
3 1 3 0.059379 0.0907979 -0.994098 -2.95245
4 1 3 0.0442604 -0.188551 -0.981066 -2.96994
5 1 3 0.0431809 0.00349217 -0.999061 -3.00788
3 2 3 0.333152 0.181892 -0.925162 -2.85063
4 2 3 0.104394 -0.00639889 -0.994515 -2.9925
5 2 3 0.105271 0.144001 -0.983962 -2.94619
3 0 4 -0.333298 0.140297 -0.932325 -2.87478
4 0 4 -0.264255 -0.0935933 -0.959901 -2.94119
5 0 4 0.00042748 0.000391267 -1 -3.00576
3 1 4 -0.140064 -0.1302 -0.981545 -2.96668
4 1 4 -0.0171879 -0.000464512 -0.999852 -2.96654
5 1 4 0.1261 -0.0376944 -0.991301 -2.98327
3 2 4 0.0759352 -0.0327675 -0.996574 -2.87981
4 2 4 0.312193 -0.132665 -0.94071 -2.81264
5 2 4 -0.171302 -0.186845 -0.967339 -2.87135
3 0 5 -0.112711 -0.136044 -0.98427 -2.96419
4 0 5 -0.0327501 0.0566194 -0.997859 -2.99804
5 0 5 0.118165 0.078512 -0.989885 -2.94564
3 1 5 -0.167464 -0.164706 -0.972022 -2.92882
4 1 5 0.177311 -0.0345614 -0.983548 -2.91589
5 1 5 -0.177623 0.0568087 -0.982457 -2.9394
3 2 5 0.37791 -0.209813 -0.901755 -2.6945
4 2 5 -0.0164287 -0.0307596 -0.999392 -2.92996
5 2 5 -0.181431 0.0772268 -0.980367 -3.01147
6 0 3 -0.278293 -0.0579307 -0.958748 -2.86977
7 0 3 0.144193 -0.346176 -0.927023 -2.82039
8 0 3 0.1603 0.116969 -0.980113 -2.95658
6 1 3 0.108439 0.00334065 -0.994098 -2.97402
7 1 3 0.0455313 -0.0317781 -0.998457 -3.00537
8 1 3 -0.0402032 0.0161399 -0.999061 -3.00676
6 2 3 0.00455311 0.275425 -0.961312 -2.95881
7 2 3 -0.0504957 0.0915932 -0.994515 -2.9875
8 2 3 -0.114583 -0.136707 -0.983962 -2.91001
6 0 4 -0.086272 -0.0057036 -0.996255 -2.98027
7 0 4 0.179432 -0.215393 -0.959901 -2.91041
8 0 4 -0.000543626 -0.000200748 -1 -2.99225
6 1 4 0.168112 -0.0911489 -0.981545 -2.99699
7 1 4 -0.00514136 -0.0164075 -0.999852 -2.99112
8 1 4 0.0971215 -0.0888234 -0.991301 -2.98769
6 2 4 -0.0808059 -0.0176147 -0.996574 -2.94187
7 2 4 0.259049 -0.0330795 -0.965297 -2.88692
8 2 4 -0.250067 -0.0414926 -0.967339 -2.89347
6 0 5 -0.143355 0.103252 -0.98427 -2.89818
7 0 5 0.0733946 0.227736 -0.970953 -2.89301
8 0 5 0.12582 0.0655475 -0.989885 -3.003
6 1 5 0.118926 0.0214522 -0.992671 -2.97786
7 1 5 0.179683 -0.0186487 -0.983548 -3.01039
8 1 5 0.186373 0.00651821 -0.982457 -2.99395
6 2 5 -0.185326 0.0683816 -0.980295 -3.00036
7 2 5 -0.0253467 -0.02395 -0.999392 -2.98255
8 2 5 -0.0236375 0.195761 -0.980367 -2.93621
0 3 3 -0.00868156 0.0860422 -0.996254 -2.97897
1 3 3 -0.00946545 0.00199609 -0.999953 -3.0128
2 3 3 -0.14171 0.171508 -0.974938 -2.98241
0 4 3 -0.0677378 -0.084745 -0.994098 -2.99251
1 4 3 0.0517084 -0.0202285 -0.998457 -3.0296
2 4 3 -0.0244781 -0.0357437 -0.999061 -3.01369
0 5 3 0.272016 0.0434385 -0.961312 -2.94946
1 5 3 0.0994091 -0.0325111 -0.994515 -3.01142
2 5 3 0.146455 -0.101829 -0.983962 -2.98568
0 3 4 0.277477 0.231899 -0.932325 -2.788
1 3 4 0.0382198 -0.154514 -0.987251 -2.96711
2 3 4 -0.000102562 0.000570359 -1 -2.97164
0 4 4 -0.191134 -0.00613677 -0.981545 -2.893
1 4 4 0.00625754 0.0160151 -0.999852 -3.0118
2 4 4 -0.113535 -0.0665729 -0.991301 -3.01207
0 5 4 0.177334 -0.0989521 -0.979163 -2.95351
1 5 4 -0.109063 0.144371 -0.983495 -2.96845
2 5 4 -0.00571404 -0.0354715 -0.999354 -3.00822
0 3 5 0.164964 -0.0632355 -0.98427 -2.95205
1 3 5 0.191971 -0.14282 -0.970953 -2.93685
2 3 5 -0.0786974 0.118042 -0.989885 -3.00288
0 4 5 0.022746 0.233784 -0.972022 -2.92579
1 4 5 -0.0393464 0.176311 -0.983548 -2.99219
2 4 5 -0.107062 0.152693 -0.982457 -3.0147
0 5 5 0.111002 0.0664562 -0.991596 -2.97237
1 5 5 -0.0197224 0.0287591 -0.999392 -3.01334
2 5 5 -0.144127 0.134569 -0.980367 -3.01257
3 3 3 -0.0788342 0.360752 -0.929324 -2.86302
4 3 3 0.00963987 -0.000807542 -0.999953 -2.95552
5 3 3 0.204065 0.0886247 -0.974938 -3.00164
3 4 3 0.0995625 0.043098 -0.994098 -2.93166
4 4 3 0.0312814 -0.191133 -0.981066 -2.98013
5 4 3 0.0252165 0.0352267 -0.999061 -2.9995
3 5 3 -0.233522 -0.146107 -0.961312 -2.84216
4 5 3 -0.065266 0.0817281 -0.994515 -2.98477
5 5 3 -0.172567 0.0451551 -0.983962 -2.98431
3 3 4 -0.256378 0.255032 -0.932325 -2.92057
4 3 4 -0.084947 0.26716 -0.959901 -2.89823
5 3 4 -0.00012621 0.000565597 -1 -2.95799
3 4 4 -0.134643 0.135798 -0.981545 -2.98774
4 4 4 -0.0164755 0.00491927 -0.999852 -2.97154
5 4 4 -0.117059 -0.0601619 -0.991301 -2.98124
3 5 4 -0.174359 -0.104105 -0.979163 -2.94852
4 5 4 -0.0661222 0.332705 -0.94071 -2.83465
5 5 4 0.0112793 -0.0341124 -0.999354 -2.98357
3 3 5 -0.0147533 0.176051 -0.98427 -2.9143
4 3 5 -0.159324 0.178512 -0.970953 -2.88494
5 3 5 -0.107899 0.0921132 -0.989885 -2.99693
3 4 5 -0.231122 0.0418917 -0.972022 -2.97565
4 4 5 0.117406 -0.137294 -0.983548 -2.94259
5 4 5 0.184959 -0.0238186 -0.982457 -2.95953
3 5 5 -0.196604 0.0191995 -0.980295 -3.01715
4 5 5 0.0213209 -0.0275949 -0.999392 -2.96446
5 5 5 -0.0402696 0.193027 -0.980367 -2.98441
6 3 3 0.140319 0.247212 -0.958748 -2.90771
7 3 3 0.00273444 -0.00927912 -0.999953 -2.97028
8 3 3 0.212323 0.0664497 -0.974938 -2.95187
6 4 3 0.00497705 -0.108376 -0.994098 -2.95178
7 4 3 -0.0959538 -0.168235 -0.981066 -2.99886
8 4 3 -0.0395639 0.017649 -0.999061 -2.99642
6 5 3 -0.253725 0.107254 -0.961312 -2.92974
7 5 3 0.101327 0.0259222 -0.994515 -2.93468
8 5 3 0.0506407 -0.171037 -0.983962 -2.97666
6 3 4 -0.316064 0.175711 -0.932325 -2.75289
7 3 4 0.264138 -0.0939231 -0.959901 -2.83597
8 3 4 0.000518854 0.000258107 -1 -2.96232
6 4 4 0.187985 0.0350958 -0.981545 -2.90992
7 4 4 -0.0171872 -0.000492424 -0.999852 -2.97996
8 4 4 -0.0011811 0.00192346 -0.999997 -3.01912
6 5 4 -0.0786267 -0.0256457 -0.996574 -2.97584
7 5 4 -0.325968 0.0938598 -0.94071 -2.80002
8 5 4 0.215612 -0.133292 -0.967339 -2.87146
6 3 5 -0.122458 0.127341 -0.98427 -2.96247
7 3 5 -0.160924 -0.177071 -0.970953 -2.92618
8 3 5 -0.0236818 -0.139879 -0.989885 -2.99845
6 4 5 0.234046 -0.0198722 -0.972022 -2.97053
7 4 5 0.0433386 0.0240785 -0.99877 -3.00286
8 4 5 -0.035013 -0.130284 -0.990858 -2.98118
6 5 5 0.0845108 0.178549 -0.980295 -2.9632
7 5 5 -0.0204553 -0.0282425 -0.999392 -2.89652
8 5 5 -0.19109 0.048638 -0.980367 -2.94761
0 6 3 0.21989 0.180143 -0.958748 -2.93534
1 6 3 -0.00706821 0.00660451 -0.999953 -2.96965
2 6 3 0.0952603 -0.201053 -0.974938 -2.99038
0 7 3 -0.00426884 -0.108406 -0.994098 -2.97575
1 7 3 0.110749 -0.158887 -0.981066 -2.96845
2 7 3 0.0432746 -0.00202469 -0.999061 -3.02079
0 8 3 -0.254098 -0.106367 -0.961312 -2.8651
1 8 3 -0.10403 -0.0108137 -0.994515 -2.99497
2 8 3 0.0494076 -0.0274357 -0.998402 -2.99131
0 6 4 0.0735523 0.0454471 -0.996255 -2.98156
1 6 4 -0.203845 0.192451 -0.959901 -2.93864
2 6 4 -0.000370244 -0.000445812 -1 -3.00581
0 7 4 -0.185714 0.0456107 -0.981545 -2.96611
1 7 4 -0.00889865 0.0147124 -0.999852 -2.97044
2 7 4 0.108723 -0.0741715 -0.991301 -3.00058
0 8 4 -0.0163787 0.0810654 -0.996574 -2.95509
1 8 4 -0.295193 0.16711 -0.94071 -2.90698
2 8 4 -0.0137052 0.0332121 -0.999354 -2.99601
0 6 5 -0.0175337 0.175796 -0.98427 -2.93456
1 6 5 0.110624 0.212162 -0.970953 -2.94639
2 6 5 -0.0757308 0.119966 -0.989885 -3.00845
0 7 5 0.0554915 -0.228239 -0.972022 -2.85049
1 7 5 0.133531 -0.121668 -0.983548 -2.95265
2 7 5 -0.164643 -0.0875791 -0.982457 -2.94988
0 8 5 -0.0565757 0.428528 -0.901755 -2.65335
1 8 5 -0.00591643 -0.0343665 -0.999392 -2.94019
2 8 5 0.176071 -0.0887713 -0.980367 -2.94575
3 6 3 -0.0368802 -0.0782207 -0.996254 -3.00389
4 6 3 -1.50549e-05 0.00967362 -0.999953 -3.00173
5 6 3 0.154199 -0.160372 -0.974938 -2.95064
3 7 3 -0.108238 -0.00739398 -0.994098 -3.00055
4 7 3 0.0674315 -0.181558 -0.981066 -2.96765
5 7 3 -0.0222821 0.0371524 -0.999061 -2.99394
3 8 3 -0.273315 0.0343287 -0.961312 -2.90049
4 8 3 0.000104949 -0.00359194 -0.999994 -2.98426
5 8 3 0.0745757 -0.162039 -0.983962 -2.98122
3 6 4 0.0797424 0.0334145 -0.996255 -2.9946
4 6 4 0.15684 -0.0271385 -0.987251 -2.94399
5 6 4 -0.000579501 2.58253e-06 -1 -3.02397
3 7 4 -0.0798836 -0.173748 -0.981545 -2.96686
4 7 4 0.0164877 -0.00487834 -0.999852 -2.98256
5 7 4 0.00263516 0.131587 -0.991301 -3.01662
3 8 4 -0.0526734 0.196123 -0.979163 -2.8193
4 8 4 -0.153292 -0.302599 -0.94071 -2.84793
5 8 4 0.00397422 0.0357083 -0.999354 -2.98612
3 6 5 -0.0787058 0.0386513 -0.996148 -3.00392
4 6 5 -0.239161 0.00723947 -0.970953 -2.94465
5 6 5 -0.0261943 0.034977 -0.999045 -3.00891
3 7 5 0.00615131 -0.120689 -0.992671 -2.98857
4 7 5 -0.0729556 0.165261 -0.983548 -2.94873
5 7 5 -0.17535 -0.0634789 -0.982457 -2.98699
3 8 5 -0.0828143 -0.377383 -0.922347 -2.78922
4 8 5 -0.0299206 -0.0179114 -0.999392 -2.96945
5 8 5 -0.0854822 -0.177691 -0.980367 -2.9713
6 6 3 -0.00685546 -0.0862069 -0.996254 -3.00333
7 6 3 0.00795173 -0.005509 -0.999953 -3.01485
8 6 3 0.00127013 -0.0475236 -0.998869 -3.01161
6 7 3 -0.0987155 -0.0450043 -0.994098 -2.98879
7 7 3 0.181802 0.066771 -0.981066 -2.96369
8 7 3 -0.0424652 0.00857299 -0.999061 -3.00849
6 8 3 -0.116297 -0.249709 -0.961312 -2.94263
7 8 3 -0.0340715 0.0988851 -0.994515 -2.918
8 8 3 0.177956 0.0122502 -0.983962 -2.9316
6 6 4 0.0368173 -0.0782296 -0.996255 -3.01857
7 6 4 -0.0270763 -0.156851 -0.987251 -2.95508
8 6 4 0.000381587 0.000436142 -1 -3.01543
6 7 4 0.0702257 0.177871 -0.981545 -2.99001
7 7 4 0.0110908 -0.0131391 -0.999852 -3.00339
8 7 4 -0.090472 0.0955876 -0.991301 -3.00555
6 8 4 0.065486 0.0505119 -0.996574 -2.99724
7 8 4 0.180613 0.0108053 -0.983495 -2.96786
8 8 4 -0.139308 0.211774 -0.967339 -2.90629
6 6 5 -0.0876265 0.00318183 -0.996148 -2.99391
7 6 5 0.185774 0.150793 -0.970953 -2.88727
8 6 5 -0.124266 0.0684482 -0.989885 -2.95588
6 7 5 -0.0731938 0.0961577 -0.992671 -2.94236
7 7 5 -0.176862 -0.0367876 -0.983548 -2.92654
8 7 5 0.0752351 -0.170637 -0.982457 -2.9619
6 8 5 0.194297 -0.0356416 -0.980295 -2.92952
7 8 5 0.00409742 0.0346305 -0.999392 -2.99368
8 8 5 -0.0508866 -0.190504 -0.980367 -2.8522
0 0 6 0.0747325 0.0435165 -0.996254 -2.97144
1 0 6 -0.00517543 0.00817277 -0.999953 -3.01796
2 0 6 -0.110091 0.19333 -0.974938 -2.96353
0 1 6 0.0868701 -0.0649901 -0.994098 -3.01293
1 1 6 0.165903 0.0999323 -0.981066 -2.97811
2 1 6 0.0311326 -0.0301256 -0.999061 -2.99652
0 2 6 0.00281609 -0.0891097 -0.996018 -3.00188
1 2 6 -0.074672 -0.073234 -0.994515 -2.9662
2 2 6 -0.176822 0.0234997 -0.983962 -2.96619
0 0 7 -0.327399 0.153561 -0.932325 -2.85194
1 0 7 -0.0136784 0.158582 -0.987251 -2.9728
2 0 7 -0.000534251 -0.00022451 -1 -2.98749
0 1 7 -0.0323977 0.0978285 -0.994676 -2.9805
1 1 7 -0.0165317 -0.00472692 -0.999852 -3.01148
2 1 7 0.0289154 -0.128398 -0.991301 -2.98141
0 2 7 -0.0768355 -0.187977 -0.979163 -2.93558
1 2 7 -0.149343 -0.102149 -0.983495 -2.95687
2 2 7 0.0446779 0.249518 -0.967339 -2.86616
0 0 8 -0.109762 -0.138434 -0.98427 -2.94069
1 0 8 -0.239267 0.00143325 -0.970953 -2.9858
2 0 8 -0.107515 0.0925619 -0.989885 -3.00478
0 1 8 0.0125896 0.120188 -0.992671 -2.95511
1 1 8 -0.176801 -0.0370829 -0.983548 -2.98414
2 1 8 -0.136751 -0.086708 -0.986803 -3.0236
0 2 8 -0.382757 0.0526602 -0.922347 -2.86506
1 2 8 0.0185405 0.0295349 -0.999392 -2.9712
2 2 8 -0.194348 -0.0333174 -0.980367 -2.98129
3 0 6 0.0212329 0.083832 -0.996254 -2.9562
4 0 6 0.00903734 0.00345045 -0.999953 -3.01586
5 0 6 -0.0129814 -0.2221 -0.974938 -2.97862
3 1 6 -0.107301 -0.0160223 -0.994098 -2.9824
4 1 6 -0.155197 0.115863 -0.981066 -2.97447
5 1 6 -0.0384217 -0.0200141 -0.999061 -3.01791
3 2 6 0.148729 -0.162846 -0.975377 -2.83262
4 2 6 0.0162765 0.103316 -0.994515 -2.94015
5 2 6 0.00282738 0.0564432 -0.998402 -2.99813
3 0 7 0.287721 -0.21906 -0.932325 -2.85738
4 0 7 0.13567 0.0832401 -0.987251 -2.96567
5 0 7 -6.88875e-05 0.000575398 -1 -2.99179
3 1 7 0.185443 0.0466976 -0.981545 -2.88447
4 1 7 0.0171296 0.00148932 -0.999852 -2.9901
5 1 7 0.00217858 -0.000590327 -0.999997 -3.0176
3 2 7 -0.273461 0.365453 -0.889755 -2.69189
4 2 7 0.255171 0.2235 -0.94071 -2.8205
5 2 7 0.189714 -0.168119 -0.967339 -2.91421
3 0 8 -0.0871281 -0.153689 -0.98427 -2.96147
4 0 8 -0.10879 -0.213109 -0.970953 -2.90576
5 0 8 0.0975288 0.10303 -0.989885 -2.97681
3 1 8 -0.0929189 0.077264 -0.992671 -3.00032
4 1 8 -0.0714633 0.165911 -0.983548 -2.96531
5 1 8 -0.138515 -0.0838625 -0.986803 -2.98915
3 2 8 -0.167567 0.104609 -0.980295 -2.9247
4 2 8 0.023717 -0.0255649 -0.999392 -2.96588
5 2 8 -0.143188 -0.135566 -0.980367 -2.92761
6 0 6 0.00505223 -0.36923 -0.929324 -2.79176
7 0 6 0.35182 -0.129815 -0.927023 -2.84422
8 0 6 0.0165931 -0.0445508 -0.998869 -3.0027
6 1 6 0.0927585 -0.0562671 -0.994098 -3.00805
7 1 6 0.192877 -0.0175722 -0.981066 -3.01472
8 1 6 0.0409084 0.0142582 -0.999061 -3.02508
6 2 6 0.00233254 0.00934073 -0.999954 -3.03038
7 2 6 0.0781622 0.0694968 -0.994515 -3.01034
8 2 6 -0.0210212 0.177134 -0.983962 -2.97789
6 0 7 -0.224029 -0.283869 -0.932325 -2.87579
7 0 7 -0.0600095 -0.147425 -0.987251 -2.95779
8 0 7 1.75407e-05 -0.000579242 -1 -2.99947
6 1 7 0.150211 -0.118349 -0.981545 -2.95456
7 1 7 -0.00149964 0.0171287 -0.999852 -2.9777
8 1 7 0.123262 -0.0461363 -0.991301 -2.97313
6 2 7 -0.0151964 -0.0812954 -0.996574 -2.97479
7 2 7 0.339196 -0.00325424 -0.94071 -2.87146
8 2 7 -0.117714 0.224497 -0.967339 -2.87311
6 0 8 0.174696 -0.0263268 -0.98427 -2.95187
7 0 8 0.032108 0.056986 -0.997859 -2.96696
8 0 8 0.0705692 0.123073 -0.989885 -2.96537
6 1 8 -0.0597069 0.105065 -0.992671 -2.96875
7 1 8 0.131755 -0.123588 -0.983548 -2.9556
8 1 8 -0.108579 0.120124 -0.986803 -2.97376
6 2 8 -0.0683109 0.185352 -0.980295 -2.9027
7 2 8 0.0223252 -0.0267889 -0.999392 -2.98839
8 2 8 -0.197133 -0.00443219 -0.980367 -2.94369
0 3 6 0.13431 -0.343973 -0.929324 -2.90266
1 3 6 0.37337 -0.0349831 -0.927023 -2.77228
2 3 6 -0.174179 0.138414 -0.974938 -2.90803
0 4 6 0.101329 -0.0710855 -0.99231 -2.95188
1 4 6 -0.130998 0.142653 -0.981066 -2.92407
2 4 6 0.0179077 -0.0394475 -0.999061 -2.9937
0 5 6 0.358951 -0.123405 -0.925162 -2.8394
1 5 6 -0.0209792 0.102465 -0.994515 -2.92761
2 5 6 0.0470912 0.0312449 -0.998402 -2.99612
0 3 7 -0.0294554 -0.0812881 -0.996255 -2.99059
1 3 7 0.141103 0.0736564 -0.987251 -2.97375
2 3 7 0.000570022 0.000104419 -1 -2.97142
0 4 7 0.188146 0.0342217 -0.981545 -2.9432
1 4 7 -0.00484799 0.0164966 -0.999852 -2.98145
2 4 7 0.037689 0.126102 -0.991301 -3.01945
0 5 7 0.0465153 0.0683827 -0.996574 -2.88867
1 5 7 -0.180654 -0.287104 -0.94071 -2.81283
2 5 7 0.0255542 0.0252559 -0.999354 -3.00226
0 3 8 -0.0580945 -0.0656776 -0.996148 -2.94351
1 3 8 0.0629789 -0.017663 -0.997859 -3.02107
2 3 8 -0.140871 0.0168052 -0.989885 -3.00763
0 4 8 -0.229705 -0.0490709 -0.972022 -2.92046
1 4 8 -0.0216175 -0.17935 -0.983548 -2.95956
2 4 8 -0.146068 0.0698816 -0.986803 -2.99361
0 5 8 -0.284618 -0.325316 -0.901755 -2.79376
1 5 8 0.02324 0.0259993 -0.999392 -2.92527
2 5 8 0.0962781 0.17208 -0.980367 -3.01141
3 3 6 0.0220188 -0.083629 -0.996254 -2.93743
4 3 6 0.135688 -0.349597 -0.927023 -2.71181
5 3 6 -0.135184 -0.176697 -0.974938 -2.93666
3 4 6 -0.099047 -0.0442699 -0.994098 -3.01724
4 4 6 0.0527473 -0.0173398 -0.998457 -3.00292
5 4 6 -0.0277334 0.0332814 -0.999061 -3.00909
3 5 6 -0.16285 -0.148724 -0.975377 -2.9971
4 5 6 -0.0105037 -0.104062 -0.994515 -2.99674
5 5 6 0.0654895 0.16592 -0.983962 -2.92223
3 3 7 -0.359347 0.0405082 -0.932325 -2.86837
4 3 7 -0.12093 0.252915 -0.959901 -2.83524
5 3 7 0.000502227 0.00028913 -1 -2.94493
3 4 7 -0.079596 0.142825 -0.986542 -3.00423
4 4 7 0.0124983 0.0118082 -0.999852 -2.97909
5 4 7 0.0068882 0.131433 -0.991301 -2.9868
3 5 7 -0.058595 0.0583651 -0.996574 -2.97644
4 5 7 -0.267311 -0.208829 -0.94071 -2.85092
5 5 7 -0.234518 -0.0962105 -0.967339 -2.94488
3 3 8 -0.061833 -0.0621708 -0.996148 -2.96024
4 3 8 -0.193461 0.140795 -0.970953 -2.96919
5 3 8 -0.43271 -0.0455534 -0.900382 -2.7534
3 4 8 -0.0927425 0.215804 -0.972022 -2.96813
4 4 8 -0.117873 0.136893 -0.983548 -3.02521
5 4 8 -0.0248492 0.160005 -0.986803 -2.96524
3 5 8 0.236382 0.129234 -0.963028 -2.94961
4 5 8 0.0111709 0.0330344 -0.999392 -2.95814
5 5 8 -0.147703 -0.130633 -0.980367 -2.93858
6 3 6 0.0823674 0.0263485 -0.996254 -3.00562
7 3 6 -0.00107413 0.00961381 -0.999953 -2.98712
8 3 6 -0.0920501 -0.202543 -0.974938 -2.94707
6 4 6 0.0442873 0.115582 -0.99231 -2.97907
7 4 6 0.191083 -0.0315853 -0.981066 -2.86704
8 4 6 0.0159144 0.0402929 -0.999061 -2.99197
6 5 6 0.204772 -0.0818988 -0.975377 -2.81288
7 5 6 -0.433327 0.33671 -0.835975 -2.48039
8 5 6 -0.157924 -0.0829352 -0.983962 -2.84798
6 3 7 0.041759 -0.0757072 -0.996255 -3.01194
7 3 7 0.27832 0.0335914 -0.959901 -2.96287
8 3 7 -0.000509643 0.000275848 -1 -2.98978
6 4 7 -0.114017 -0.153526 -0.981545 -2.95517
7 4 7 0.00388389 0.0167498 -0.999852 -2.98887
8 4 7 -0.120258 -0.0534816 -0.991301 -2.98485
6 5 7 -0.0584097 0.0585507 -0.996574 -2.97053
7 5 7 -0.0473765 0.25682 -0.965297 -2.9449
8 5 7 0.0178135 0.0312019 -0.999354 -3.00879
6 3 8 -0.0708935 0.0516008 -0.996148 -2.93806
7 3 8 0.115741 0.0132842 -0.993191 -3.02229
8 3 8 0.137142 -0.0363187 -0.989885 -2.99987
6 4 8 -0.0816238 0.0891134 -0.992671 -3.01014
7 4 8 -0.00447457 -0.049376 -0.99877 -3.02995
8 4 8 0.130082 -0.0964255 -0.986803 -2.94519
6 5 8 0.0669601 0.185844 -0.980295 -2.96183
7 5 8 -0.0337662 -0.00871206 -0.999392 -2.98954
8 5 8 -0.113093 0.161527 -0.980367 -2.88694
0 6 6 0.184986 -0.215832 -0.958748 -2.83797
1 6 6 -0.142554 0.346854 -0.927023 -2.78562
2 6 6 -0.222393 -0.00616931 -0.974938 -2.94915
0 7 6 0.0635012 -0.0879643 -0.994098 -2.98213
1 7 6 0.0573084 0.185003 -0.981066 -2.95229
2 7 6 0.0141914 -0.0409316 -0.999061 -3.00878
0 8 6 -0.213817 -0.0540519 -0.975377 -2.89283
1 8 6 -0.10418 0.00925099 -0.994515 -3.00196
2 8 6 0.00218528 -0.0564717 -0.998402 -2.99555
0 6 7 -0.0777759 -0.0377664 -0.996255 -2.99735
1 6 7 0.147994 -0.0585934 -0.987251 -2.88774
2 6 7 -0.000561616 -0.000142883 -1 -3.01952
0 7 7 -0.134498 -0.135941 -0.981545 -2.98982
1 7 7 0.0144058 0.00938688 -0.999852 -3.01231
2 7 7 -0.0616824 -0.116265 -0.991301 -3.00392
0 8 7 -0.0439686 -0.0700473 -0.996574 -2.96005
1 8 7 0.178553 0.0292674 -0.983495 -2.97629
2 8 7 0.0222808 -0.0281858 -0.999354 -3.01667
0 6 8 -0.170789 -0.0451975 -0.98427 -2.98374
1 6 8 -0.0759003 0.226913 -0.970953 -2.93686
2 6 8 0.0992459 0.101377 -0.989885 -2.9869
0 7 8 -0.112952 0.0429598 -0.992671 -2.98435
1 7 8 0.0390969 -0.0304867 -0.99877 -3.00795
2 7 8 -0.0634597 0.14897 -0.986803 -2.9816
0 8 8 -0.355749 -0.150727 -0.922347 -2.87566
1 8 8 -0.0176312 -0.0300865 -0.999392 -2.98061
2 8 8 -0.128133 0.149877 -0.980367 -2.95759
3 6 6 -0.185854 -0.215085 -0.958748 -2.97709
4 6 6 0.00440215 -0.00861395 -0.999953 -2.97
5 6 6 -0.171931 -0.141196 -0.974938 -2.94147
3 7 6 -0.0522701 -0.0950682 -0.994098 -3.00513
4 7 6 -0.0476314 -0.187727 -0.981066 -2.97202
5 7 6 -0.0148492 -0.0406975 -0.999061 -2.9605
3 8 6 -0.255937 0.101863 -0.961312 -2.87091
4 8 6 -0.0263499 0.101217 -0.994515 -2.98246
5 8 6 -0.0517417 -0.170707 -0.983962 -2.96257
3 6 7 -0.0691724 -0.0518707 -0.996255 -2.97875
4 6 7 -0.0163872 0.27986 -0.959901 -2.81762
5 6 7 -0.000541418 0.000206628 -1 -2.96826
3 7 7 0.154594 -0.112564 -0.981545 -2.99064
4 7 7 0.00106596 -0.0171611 -0.999852 -2.99709
5 7 7 0.123023 0.0467697 -0.991301 -3.00408
3 8 7 -0.0339284 -0.200219 -0.979163 -2.91127
4 8 7 0.150421 0.100554 -0.983495 -2.98714
5 8 7 -0.0184047 0.0308568 -0.999354 -2.96221
3 6 8 -0.0163758 0.175908 -0.98427 -2.94876
4 6 8 -0.11464 -0.210019 -0.970953 -2.78739
5 6 8 0.127185 0.0628581 -0.989885 -2.91834
3 7 8 0.0394176 -0.114236 -0.992671 -2.9636
4 7 8 0.0241849 -0.0432793 -0.99877 -2.95794
5 7 8 -0.161622 -0.00988317 -0.986803 -2.96595
3 8 8 -0.348147 -0.167541 -0.922347 -2.86255
4 8 8 0.0316056 0.0147357 -0.999392 -2.97091
5 8 8 0.1103 0.163448 -0.980367 -2.95757
6 6 6 0.0852511 0.014522 -0.996254 -2.89112
7 6 6 -0.0095366 -0.00162244 -0.999953 -2.92139
8 6 6 0.222385 -0.0064681 -0.974938 -2.92557
6 7 6 -0.448912 -0.193071 -0.872469 -2.48735
7 7 6 0.193227 0.013176 -0.981066 -2.85984
8 7 6 -0.0312996 0.0299521 -0.999061 -2.98677
6 8 6 0.107972 0.25342 -0.961312 -2.59694
7 8 6 0.074784 -0.0731196 -0.994515 -2.96808
8 8 6 0.164109 -0.0699031 -0.983962 -2.97187
6 6 7 -0.239594 0.18618 -0.952855 -2.89284
7 6 7 -0.0121021 0.15871 -0.987251 -2.97738
8 6 7 0.000384312 0.000433743 -1 -3.02417
6 7 7 0.183125 -0.0550912 -0.981545 -2.74976
7 7 7 0.00357689 0.0168181 -0.999852 -2.98057
8 7 7 0.0138923 0.130879 -0.991301 -3.00216
6 8 7 -0.407279 -0.206059 -0.889755 -2.64106
7 8 7 -0.0473462 -0.335891 -0.94071 -2.88781
8 8 7 0.0299802 0.0198006 -0.999354 -2.99009
6 6 8 -0.0278578 0.174458 -0.98427 -2.96216
7 6 8 0.122186 -0.205721 -0.970953 -2.92075
8 6 8 0.0402007 -0.0171299 -0.999045 -2.99209
6 7 8 -0.115196 0.0365171 -0.992671 -2.96257
7 7 8 -0.0303805 -0.178075 -0.983548 -2.98907
8 7 8 0.161775 -0.00694132 -0.986803 -2.97114
6 8 8 0.170964 -0.168144 -0.970824 -2.85831
7 8 8 0.00357996 -0.0346878 -0.999392 -2.99498
8 8 8 -0.0246912 -0.195631 -0.980367 -2.94308
