Position_x Position_y Position_z Spin_x Spin_y Spin_z Spin_energy Temperature n_spins
0 0 0 0.242332 -0.198899 -0.949586 -2.65883 0.251 729
1 0 0 -0.182143 -0.105506 -0.977595 -2.74949
2 0 0 0.372708 0.0624336 -0.925846 -2.76159
0 1 0 0.0922918 -0.162234 -0.982427 -2.85958
1 1 0 0.16689 0.122403 -0.978348 -2.84051
2 1 0 -0.026668 -0.114023 -0.99312 -2.83908
0 2 0 0.0538394 0.0509851 -0.997247 -2.90808
1 2 0 -0.10475 0.256016 -0.96098 -2.7568
2 2 0 -0.0115335 -0.146089 -0.989204 -2.87796
0 0 1 -0.345409 -0.513409 -0.78556 -2.40605
1 0 1 0.110778 -0.162298 -0.980504 -2.8449
2 0 1 -0.0841352 0.0587936 -0.994718 -2.86278
0 1 1 0.028929 -0.359012 -0.932884 -2.76096
1 1 1 0.0125663 -0.246205 -0.969136 -2.7541
2 1 1 -0.00872295 0.0263946 -0.999614 -2.76781
0 2 1 -0.00330151 -0.00917575 -0.999952 -2.82893
1 2 1 -0.527376 0.309265 -0.791347 -2.42649
2 2 1 -0.22166 0.219482 -0.950102 -2.7024
0 0 2 -0.0515649 -0.0339889 -0.998091 -2.80697
1 0 2 0.0422655 -0.0600037 -0.997303 -2.90805
2 0 2 -0.377258 0.172595 -0.909883 -2.56485
0 1 2 -0.109208 0.0573833 -0.992361 -2.88126
1 1 2 -0.00716915 0.0436614 -0.999021 -2.87092
2 1 2 0.438703 -0.108498 -0.892058 -2.33955
0 2 2 0.0432008 0.119016 -0.991952 -2.92642
1 2 2 -0.209109 -0.233343 -0.949644 -2.67656
2 2 2 -0.498413 0.367905 -0.785004 -2.19709
3 0 0 0.273124 0.153912 -0.949586 -2.84598
4 0 0 0.209078 -0.0243693 -0.977595 -2.83225
5 0 0 -0.21862 0.308244 -0.925846 -2.33988
3 1 0 0.181175 -0.0448703 -0.982427 -2.84806
4 1 0 0.195268 0.0512849 -0.979408 -2.87142
5 1 0 0.167255 0.428214 -0.888064 -2.65565
3 2 0 -0.0724754 -0.0156677 -0.997247 -2.94153
4 2 0 -0.24803 0.122466 -0.96098 -2.83271
5 2 0 -0.0287149 0.143703 -0.989204 -2.81776
3 0 1 0.00976739 0.12554 -0.99204 -2.80641
4 0 1 0.0635338 0.0111432 -0.997917 -2.82419
5 0 1 0.214284 -0.408354 -0.887316 -2.57955
3 1 1 0.208288 -0.612331 -0.762671 -2.30386
4 1 1 0.0918987 -0.228756 -0.969136 -2.79649
5 1 1 0.397335 0.144496 -0.906226 -2.78161
3 2 1 0.00340458 0.00913801 -0.999952 -2.83976
4 2 1 -0.00289443 0.13393 -0.990987 -2.89474
5 2 1 0.294655 0.102389 -0.950102 -2.88302
3 0 2 -0.0611206 0.00885738 -0.998091 -2.84359
4 0 2 0.13642 -0.537994 -0.831836 -2.57271
5 0 2 0.29659 -0.367306 -0.881544 -2.85128
3 1 2 0.0727375 0.0996422 -0.992361 -2.77205
4 1 2 -0.0261066 0.0357234 -0.999021 -2.8515
5 1 2 0.193098 0.0263842 -0.980825 -2.90266
3 2 2 -0.0446557 -0.118478 -0.991952 -2.77245
4 2 2 -0.0523492 0.022052 -0.998385 -2.96832
5 2 2 0.0133532 -0.0179802 -0.999749 -2.91472
6 0 0 -0.295119 -0.105786 -0.949586 -2.83091
7 0 0 -0.12021 -0.172792 -0.977595 -2.61161
8 0 0 -0.367264 0.0890288 -0.925846 -2.63535
6 1 0 0.138932 -0.124642 -0.982427 -2.70302
7 1 0 0.246178 0.511913 -0.823007 -2.48555
8 1 0 -0.158549 0.282017 -0.946218 -2.70299
6 2 0 -0.00243403 -0.0741096 -0.997247 -2.90797
7 2 0 -0.123521 0.247506 -0.96098 -2.71512
8 2 0 0.385175 0.0177324 -0.922673 -2.64387
6 0 1 0.0296131 -0.122388 -0.99204 -2.84626
7 0 1 0.174105 -0.0911039 -0.980504 -2.92467
8 0 1 0.0822414 0.0614146 -0.994718 -2.6985
6 1 1 0.160844 0.322267 -0.932884 -2.82175
7 1 1 0.146798 0.198053 -0.969136 -2.84822
8 1 1 -0.130135 0.241759 -0.96157 -2.82547
6 2 1 0.00962632 -0.00155833 -0.999952 -2.91518
7 2 1 -0.0872557 -0.247991 -0.964825 -2.79516
8 2 1 -0.311292 -0.020066 -0.950102 -2.6355
6 0 2 -0.16724 -0.39835 -0.901858 -2.72928
7 0 2 0.0661444 -0.0318078 -0.997303 -2.83934
8 0 2 0.0935457 0.46274 -0.881544 -2.57799
6 1 2 0.162314 0.0941112 -0.982241 -2.8542
7 1 2 0.0104303 0.0429991 -0.999021 -2.91762
8 1 2 -0.0744887 0.445739 -0.892058 -2.63103
6 2 2 -0.125102 0.019508 -0.991952 -2.8788
7 2 2 0.0297877 -0.0483676 -0.998385 -2.91504
8 2 2 0.0218987 -0.00469483 -0.999749 -2.81458
0 3 0 0.131918 -0.2844 -0.949586 -2.79741
1 3 0 0.160117 0.136639 -0.977595 -2.87494
2 3 0 0.234374 -0.296442 -0.925846 -2.51091
0 4 0 0.161552 0.0934809 -0.982427 -2.91127
1 4 0 0.0966491 0.183013 -0.978348 -2.83394
2 4 0 -0.439748 -0.134025 -0.888064 -2.34798
0 5 0 0.00982403 0.0734959 -0.997247 -2.89638
1 5 0 -0.276512 -0.00759853 -0.96098 -2.72039
2 5 0 0.33088 -0.197971 -0.922673 -2.64569
0 3 1 -0.0887527 -0.0893236 -0.99204 -2.86481
1 3 1 0.124237 0.152242 -0.980504 -2.73824
2 3 1 0.164617 -0.430781 -0.887316 -2.4002
0 4 1 0.0463417 0.0112885 -0.998862 -2.96846
1 4 1 -0.0326913 0.244348 -0.969136 -2.95268
2 4 1 0.113876 0.24983 -0.96157 -2.25944
0 5 1 -0.00950527 -0.00217811 -0.999952 -2.9529
1 5 1 -0.122358 0.232684 -0.964825 -2.85202
2 5 1 0.0107679 -0.311752 -0.950102 -2.72038
0 3 2 0.0457552 0.0414807 -0.998091 -2.90801
1 3 2 -0.0466668 -0.0566483 -0.997303 -2.89554
2 3 2 -0.309 0.356929 -0.881544 -2.32562
0 4 2 0.117614 -0.0372338 -0.992361 -2.97578
1 4 2 -0.0254444 0.0361981 -0.999021 -2.91549
2 4 2 -0.358242 -0.27549 -0.892058 -2.53843
0 5 2 0.0115965 -0.00144715 -0.999932 -2.94421
1 5 2 -0.00784247 -0.000476076 -0.999969 -2.76114
2 5 2 0.363747 -0.501455 -0.785004 -2.27655
3 3 0 -0.192372 0.247546 -0.949586 -2.68124
4 3 0 0.126939 -0.167911 -0.977595 -2.64624
5 3 0 0.0271981 -0.0966777 -0.994944 -2.84654
3 4 0 0.168823 0.0796027 -0.982427 -2.49495
4 4 0 -0.104306 -0.558372 -0.823007 -2.35947
5 4 0 -0.201239 -0.253326 -0.946218 -2.75226
3 5 0 0.0741495 0.000121332 -0.997247 -2.89555
4 5 0 0.458692 0.014791 -0.888472 -2.50189
5 5 0 0.300609 0.241471 -0.922673 -2.65711
3 3 1 -0.00412255 -0.125852 -0.99204 -2.67147
4 3 1 -0.123044 -0.153207 -0.980504 -2.88929
5 3 1 0.0928685 -0.0437133 -0.994718 -2.9398
3 4 1 0.421115 -0.712351 -0.561443 -1.56459
4 4 1 0.106691 0.222242 -0.969136 -2.40871
5 4 1 0.022229 -0.0166925 -0.999614 -2.66813
3 5 1 -0.00756351 0.0061553 -0.999952 -2.72736
4 5 1 0.000839139 -0.262892 -0.964825 -2.77102
5 5 1 0.0613561 -0.305844 -0.950102 -2.77242
3 3 2 0.388436 0.189127 -0.901858 -2.5744
4 3 2 -0.0460089 -0.0571839 -0.997303 -2.91563
5 3 2 -0.178996 -0.054921 -0.982316 -2.77692
3 4 2 -0.120857 -0.0247583 -0.992361 -2.62305
4 4 2 -0.00726226 0.043646 -0.999021 -2.90152
5 4 2 0.0824168 0.444341 -0.892058 -2.58936
3 5 2 -0.00480716 0.010652 -0.999932 -2.85699
4 5 2 -0.284952 -0.1303 -0.949644 -2.58449
5 5 2 0.516396 -0.0963639 -0.850911 -2.37224
6 3 0 0.137072 0.281952 -0.949586 -2.651
7 3 0 0.0188624 -0.0717206 -0.997246 -2.81761
8 3 0 0.377687 -0.0127015 -0.925846 -2.8079
6 4 0 -0.0264839 -0.294663 -0.955234 -2.611
7 4 0 0.492961 -0.28222 -0.823007 -2.446
8 4 0 0.0583521 0.318223 -0.946218 -2.64922
6 5 0 0.0700371 0.0243509 -0.997247 -2.83777
7 5 0 -0.249685 -0.385064 -0.888472 -2.6356
8 5 0 -0.332397 -0.195413 -0.922673 -2.64768
6 3 1 -0.0725961 -0.102886 -0.99204 -2.65583
7 3 1 0.171563 -0.0958039 -0.980504 -2.93103
8 3 1 0.402856 -0.22445 -0.887316 -2.68987
6 4 1 0.548533 -0.619591 -0.561443 -1.91608
7 4 1 0.167698 -0.180699 -0.969136 -2.74991
8 4 1 -0.018515 -0.0207355 -0.999614 -2.8619
6 5 1 -0.00966502 -0.00129685 -0.999952 -2.72711
7 5 1 -0.250114 0.0809709 -0.964825 -2.74058
8 5 1 -0.262383 -0.168702 -0.950102 -2.90785
6 3 2 0.402587 -0.156765 -0.901858 -2.70258
7 3 2 0.0639918 -0.0359426 -0.997303 -2.91205
8 3 2 0.472092 0.00294841 -0.881544 -2.74076
6 4 2 0.0942938 -0.0795487 -0.992361 -2.70403
7 4 2 0.0440724 -0.00391682 -0.999021 -2.94289
8 4 2 0.194446 0.0131749 -0.980825 -2.89417
6 5 2 0.125995 0.0125069 -0.991952 -2.92496
7 5 2 0.205878 0.236199 -0.949644 -2.74851
8 5 2 -0.0223955 -0.000188867 -0.999749 -2.87167
0 6 0 -0.0719194 0.305145 -0.949586 -2.90254
1 6 0 0.0828879 0.193487 -0.977595 -2.76186
2 6 0 -0.0266847 -0.376957 -0.925846 -2.61224
0 7 0 -0.140939 0.122368 -0.982427 -2.92556
1 7 0 0.0439226 -0.202251 -0.978348 -2.67473
2 7 0 0.274831 0.170701 -0.946218 -2.66115
0 8 0 -0.0571861 0.0472007 -0.997247 -2.8497
1 8 0 -0.383701 -0.251775 -0.888472 -2.7281
2 8 0 0.211466 -0.322422 -0.922673 -2.68923
0 6 1 -0.0638417 0.108536 -0.99204 -2.90085
1 6 1 -0.195281 0.0218587 -0.980504 -2.81616
2 6 1 0.0826619 -0.0608475 -0.994718 -2.83128
0 7 1 0.0455184 0.0142499 -0.998862 -2.95093
1 7 1 0.125681 -0.212083 -0.969136 -2.90343
2 7 1 0.254712 -0.102493 -0.96157 -2.75433
0 8 1 0.00892366 -0.00393225 -0.999952 -2.85606
1 8 1 -0.0865179 -0.102276 -0.990987 -2.88889
2 8 1 -0.125763 -0.285463 -0.950102 -2.83485
0 6 2 -0.364591 -0.231786 -0.901858 -2.41787
1 6 2 -0.170751 0.554148 -0.814717 -2.42125
2 6 2 -0.472075 -0.00500797 -0.881544 -2.39643
0 7 2 0.121249 0.0227576 -0.992361 -2.84667
1 7 2 -0.043978 0.00486379 -0.999021 -2.78719
2 7 2 -0.125718 0.434082 -0.892058 -2.52992
0 8 2 -0.115343 0.0522231 -0.991952 -2.90084
1 8 2 0.312567 -0.0218586 -0.949644 -2.7825
2 8 2 0.000836131 0.0223807 -0.999749 -2.84182
3 6 0 0.125893 0.287118 -0.949586 -2.69639
4 6 0 -0.0342167 0.207694 -0.977595 -2.74476
5 6 0 0.098986 -0.0169731 -0.994944 -2.79759
3 7 0 -0.0393601 -0.182451 -0.982427 -2.79958
4 7 0 -0.291263 -0.487673 -0.823007 -2.25079
5 7 0 0.29878 0.349388 -0.888064 -2.43061
3 8 0 -0.0740326 -0.0041639 -0.997247 -2.83494
4 8 0 0.174951 -0.424275 -0.888472 -2.43217
5 8 0 -0.289864 0.254269 -0.922673 -2.58948
3 6 1 -0.0418858 0.118749 -0.99204 -2.90746
4 6 1 -0.0973638 0.170683 -0.980504 -2.83276
5 6 1 -0.231594 -0.398792 -0.887316 -2.607
3 7 1 -0.174754 -0.314941 -0.932884 -2.71911
4 7 1 0.205929 0.135528 -0.969136 -2.68512
5 7 1 0.237468 -0.13781 -0.96157 -2.7651
3 8 1 -0.0065363 -0.00723679 -0.999952 -2.91678
4 8 1 0.0702487 0.253334 -0.964825 -2.74646
5 8 1 0.285762 0.125082 -0.950102 -2.72088
3 6 2 0.00993046 -0.0609555 -0.998091 -2.89881
4 6 2 -0.0367579 0.063527 -0.997303 -2.93588
5 6 2 0.157145 0.10179 -0.982316 -2.68904
3 7 2 0.118756 -0.0334108 -0.992361 -2.86486
4 7 2 -0.000937165 0.0442362 -0.999021 -2.87326
5 7 2 0.0247116 -0.451244 -0.892058 -2.55837
3 8 2 -0.0880292 -0.0910056 -0.991952 -2.96133
4 8 2 -0.229157 -0.213688 -0.949644 -2.59043
5 8 2 0.509446 -0.293674 -0.808839 -2.57328
6 6 0 -0.193893 0.246356 -0.949586 -2.81398
7 6 0 -0.126343 -0.16836 -0.977595 -2.6373
8 6 0 0.336617 0.171749 -0.925846 -2.47973
6 7 0 -0.0924428 0.162148 -0.982427 -2.91042
7 7 0 -0.0343872 0.204089 -0.978348 -2.91464
8 7 0 -0.000656433 -0.00988699 -0.999951 -2.83079
6 8 0 -0.0635229 0.0382492 -0.997247 -2.92355
7 8 0 0.156436 0.228132 -0.96098 -2.67366
8 8 0 -0.108934 -0.369875 -0.922673 -2.69657
6 6 1 -0.119023 -0.0411009 -0.99204 -2.902
7 6 1 0.191835 -0.0425648 -0.980504 -2.74938
8 6 1 -0.0832798 -0.174436 -0.98114 -2.77467
6 7 1 -0.0468832 0.00877212 -0.998862 -2.94248
7 7 1 0.167126 0.181228 -0.969136 -2.88697
8 7 1 0.100752 0.255405 -0.96157 -2.77366
6 8 1 0.00741747 0.00633053 -0.999952 -2.94691
7 8 1 0.0171437 -0.262334 -0.964825 -2.81108
8 8 1 -0.0561669 -0.30684 -0.950102 -2.81984
6 6 2 0.0353518 0.0506403 -0.998091 -2.86907
7 6 2 -0.0471427 0.553015 -0.831836 -2.41918
8 6 2 0.260924 -0.393444 -0.881544 -2.38961
6 7 2 -0.0641521 -0.105375 -0.992361 -2.9461
7 7 2 -0.0168958 0.0408932 -0.999021 -2.74744
8 7 2 0.451891 0.00514446 -0.892058 -2.70955
6 8 2 -0.0953703 -0.0832806 -0.991952 -2.84133
7 8 2 -0.305373 -0.0701651 -0.949644 -2.85215
8 8 2 0.0192503 0.0114465 -0.999749 -2.79586
0 0 3 0.116331 -0.291123 -0.949586 -2.7991
1 0 3 0.0390137 0.0630679 -0.997246 -2.90284
2 0 3 0.187658 0.328014 -0.925846 -2.64576
0 1 3 -0.0182326 -0.185756 -0.982427 -2.87891
1 1 3 0.196062 -0.0662894 -0.978348 -2.86456
2 1 3 0.116179 0.0146603 -0.99312 -2.87263
0 2 3 -0.0597767 -0.0438737 -0.997247 -2.87726
1 2 3 -0.370794 -0.270423 -0.888472 -2.60599
2 2 3 0.155844 -0.352685 -0.922673 -2.54943
0 0 4 0.609004 -0.109593 -0.78556 -2.48416
1 0 4 0.144267 -0.133414 -0.980504 -2.85834
2 0 4 -0.0997558 0.0241702 -0.994718 -2.8784
0 1 4 0.346731 0.0974908 -0.932884 -2.77545
1 1 4 0.236503 -0.0695771 -0.969136 -2.93152
2 1 4 -0.0249372 -0.273424 -0.96157 -2.87843
0 2 4 -0.0071112 0.00667273 -0.999952 -2.81513
1 2 4 0.212305 0.155048 -0.964825 -2.66753
2 2 4 -0.161225 -0.267043 -0.950102 -2.81569
0 0 5 -0.0212338 0.057994 -0.998091 -2.82289
1 0 5 0.053426 -0.0503238 -0.997303 -2.94794
2 0 5 -0.0697583 -0.173752 -0.982316 -2.91725
0 1 5 -0.0692404 -0.102103 -0.992361 -2.89727
1 1 5 0.0246288 0.0367579 -0.999021 -2.91674
2 1 5 -0.192583 -0.0299085 -0.980825 -2.8354
0 2 5 -0.0896136 0.0894459 -0.991952 -2.92976
1 2 5 -0.0244916 -0.312371 -0.949644 -2.65635
2 2 5 -0.500978 -0.158024 -0.850911 -2.61603
3 0 3 -0.297646 -0.0984509 -0.949586 -2.76922
4 0 3 -0.0627599 -0.0395074 -0.997246 -2.78119
5 0 3 0.46195 -0.13562 -0.876476 -2.66655
3 1 3 0.162142 -0.0924546 -0.982427 -2.91341
4 1 3 0.171208 -0.116286 -0.978348 -2.88668
5 1 3 0.237034 -0.220195 -0.946218 -2.85898
3 2 3 0.0677817 0.0300632 -0.997247 -2.89201
4 2 3 0.0875233 0.262405 -0.96098 -2.57474
5 2 3 -0.120651 -0.36622 -0.922673 -2.65698
3 0 4 -0.106606 0.0670139 -0.99204 -2.91084
4 0 4 -0.175501 -0.0883845 -0.980504 -2.76054
5 0 4 0.256296 0.383384 -0.887316 -2.43182
3 1 4 -0.0463705 -0.0111697 -0.998862 -2.9376
4 1 4 -0.230497 -0.0874411 -0.969136 -2.81721
5 1 4 -0.251808 -0.109432 -0.96157 -2.65187
3 2 4 -0.210091 0.142571 -0.967231 -2.70954
4 2 4 0.198907 -0.578106 -0.791347 -2.20666
5 2 4 -0.167342 0.129804 -0.977316 -2.68507
3 0 5 -0.425877 -0.0726626 -0.901858 -2.74951
4 0 5 0.0635591 0.0367023 -0.997303 -2.73446
5 0 5 0.706988 0.340695 -0.619754 -1.92603
3 1 5 0.112023 -0.0516747 -0.992361 -2.86979
4 1 5 -0.00836354 0.0434485 -0.999021 -2.96065
5 1 5 0.0187763 0.193985 -0.980825 -2.67412
3 2 5 -0.111485 0.0600191 -0.991952 -2.90272
4 2 5 0.00318431 -0.056715 -0.998385 -2.8269
5 2 5 -0.0210191 -0.00773254 -0.999749 -2.86897
6 0 3 -0.274978 -0.150575 -0.949586 -2.67085
7 0 3 0.205981 -0.0433537 -0.977595 -2.75003
8 0 3 -0.116557 -0.359476 -0.925846 -2.64393
6 1 3 0.133338 -0.130609 -0.982427 -2.87883
7 1 3 -0.13058 -0.160572 -0.978348 -2.83798
8 1 3 0.0654676 -0.455034 -0.888064 -2.50701
6 2 3 -0.0319245 0.0669252 -0.997247 -2.82485
7 2 3 -0.450896 -0.085498 -0.888472 -2.6527
8 2 3 -0.274453 0.270832 -0.922673 -2.67209
6 0 4 0.125392 0.0115165 -0.99204 -2.88889
7 0 4 0.184878 0.066578 -0.980504 -2.93995
8 0 4 -0.00203931 0.102622 -0.994718 -2.77101
6 1 4 0.339469 0.120364 -0.932884 -2.82254
7 1 4 0.233384 -0.0794144 -0.969136 -2.89313
8 1 4 -0.0274847 0.00416602 -0.999614 -2.85101
6 2 4 0.253072 0.02047 -0.967231 -2.89599
7 2 4 0.188318 0.183438 -0.964825 -2.78532
8 2 4 -0.253811 0.181343 -0.950102 -2.82707
6 0 5 0.0609023 -0.0102514 -0.998091 -2.79947
7 0 5 -0.0682773 -0.0269264 -0.997303 -2.93461
8 0 5 0.138059 0.00102313 -0.990423 -2.89114
6 1 5 0.123201 -0.00639711 -0.992361 -2.94968
7 1 5 -0.0167946 -0.0409348 -0.999021 -2.9307
8 1 5 -0.023772 -0.193437 -0.980825 -2.92954
6 2 5 -0.00113161 0.126609 -0.991952 -2.9264
7 2 5 0.312423 -0.0238244 -0.949644 -2.58415
8 2 5 -0.00485656 -0.0218634 -0.999749 -2.8747
0 3 3 0.234342 -0.208253 -0.949586 -2.64985
1 3 3 0.0171859 -0.0721407 -0.997246 -2.84654
2 3 3 -0.207472 -0.434449 -0.876476 -2.63932
0 4 3 0.125443 0.138209 -0.982427 -2.91478
1 4 3 0.106495 0.177464 -0.978348 -2.816
2 4 3 -0.304275 -0.344613 -0.888064 -2.69222
0 5 3 0.0459465 -0.0581986 -0.997247 -2.9487
1 5 3 0.193593 -0.197581 -0.96098 -2.88046
2 5 3 0.132845 -0.0618651 -0.989204 -2.81489
0 3 4 -0.3374 0.518708 -0.78556 -2.27623
1 3 4 -0.0828305 0.178189 -0.980504 -2.78683
2 3 4 -0.0439616 -0.459062 -0.887316 -2.50808
0 4 4 0.00715175 0.0471576 -0.998862 -2.86376
1 4 4 0.047599 0.0232738 -0.998595 -2.93543
2 4 4 -0.23625 -0.139888 -0.96157 -2.80584
0 5 4 -0.00678246 0.00700661 -0.999952 -2.94501
1 5 4 0.0952666 -0.245025 -0.964825 -2.83329
2 5 4 0.0670922 0.200876 -0.977316 -2.85642
0 3 5 0.061208 -0.0082316 -0.998091 -2.78193
1 3 5 -0.0321141 0.0659962 -0.997303 -2.761
2 3 5 -0.755749 0.211537 -0.619754 -1.99339
0 4 5 0.0634921 -0.105774 -0.992361 -2.93922
1 4 5 0.0320734 -0.0304798 -0.999021 -2.97786
2 4 5 0.119166 0.0476095 -0.991732 -2.71709
0 5 5 0.0834976 -0.0951804 -0.991952 -2.97185
1 5 5 -0.0531978 0.0199177 -0.998385 -2.90458
2 5 5 0.0125242 0.0185672 -0.999749 -2.89789
3 3 3 0.310078 -0.0462352 -0.949586 -2.79767
4 3 3 0.0166592 -0.209834 -0.977595 -2.85164
5 3 3 0.100327 -0.00455253 -0.994944 -2.89148
3 4 3 0.0928216 0.161932 -0.982427 -2.82674
4 4 3 0.0961436 0.177528 -0.979408 -2.91377
5 4 3 0.293195 0.136777 -0.946218 -2.72873
3 5 3 -0.0332168 -0.0662933 -0.997247 -2.87338
4 5 3 0.387047 0.2466 -0.888472 -2.39635
5 5 3 -0.339403 -0.182974 -0.922673 -2.3972
3 3 4 0.114803 0.0517311 -0.99204 -2.89207
4 3 4 0.133707 -0.143996 -0.980504 -2.85576
5 3 4 0.0397271 0.0946423 -0.994718 -2.89729
3 4 4 0.0476542 -0.0020156 -0.998862 -2.95261
4 4 4 0.220397 0.110453 -0.969136 -2.83311
5 4 4 0.00975448 0.0260311 -0.999614 -2.87571
3 5 4 -0.00113389 0.00968549 -0.999952 -2.77293
4 5 4 -0.185851 0.582434 -0.791347 -2.2051
5 5 4 0.0341177 -0.310067 -0.950102 -2.63105
3 3 5 0.00735987 -0.061319 -0.998091 -2.6852
4 3 5 0.435962 -0.34349 -0.831836 -2.65317
5 3 5 0.383654 -0.275116 -0.881544 -2.509
3 4 5 0.119541 -0.0304846 -0.992361 -2.97345
4 4 5 0.0262357 -0.0356287 -0.999021 -2.83181
5 4 5 -0.449525 0.0464641 -0.892058 -2.44878
3 5 5 0.0127664 -0.125969 -0.991952 -2.90185
4 5 5 -0.0552502 0.0131962 -0.998385 -2.6598
5 5 5 0.160898 -0.500062 -0.850911 -2.44711
6 3 3 0.231518 -0.170164 -0.957833 -2.85997
7 3 3 -0.0523768 -0.0525005 -0.997246 -2.9065
8 3 3 -0.0551498 -0.0839334 -0.994944 -2.75557
6 4 3 -0.185367 0.0218346 -0.982427 -2.84446
7 4 3 -0.194399 -0.0710191 -0.978348 -2.84987
8 4 3 0.0926236 0.450291 -0.888064 -2.52872
6 5 3 0.0136715 -0.0728783 -0.997247 -2.91575
7 5 3 -0.112202 -0.252838 -0.96098 -2.77319
8 5 3 -0.117774 -0.0872035 -0.989204 -2.77379
6 3 4 0.124932 0.0157377 -0.99204 -2.95835
7 3 4 0.0637381 0.185876 -0.980504 -2.85466
8 3 4 0.180493 0.0691779 -0.98114 -2.65172
6 4 4 -0.0453213 -0.0148649 -0.998862 -2.96607
7 4 4 0.0914162 -0.228949 -0.969136 -2.82941
8 4 4 -0.0285127 -0.273075 -0.96157 -2.66344
6 5 4 -0.00926505 0.00304191 -0.999952 -2.94582
7 5 4 0.259096 0.0445228 -0.964825 -2.81784
8 5 4 0.208574 0.231953 -0.950102 -2.78901
6 3 5 -0.0325256 0.0525002 -0.998091 -2.83011
7 3 5 -0.369557 0.414096 -0.831836 -2.26818
8 3 5 -0.246334 -0.402739 -0.881544 -2.30802
6 4 5 -0.0826958 0.0915463 -0.992361 -2.90473
7 4 5 0.288553 0.193079 -0.937794 -2.73075
8 4 5 0.413705 -0.181879 -0.892058 -2.61879
6 5 5 -0.118077 0.0457062 -0.991952 -2.80468
7 5 5 0.384678 0.333696 -0.860622 -2.78951
8 5 5 0.0181516 -0.0131192 -0.999749 -2.76864
0 6 3 0.313353 0.00977573 -0.949586 -2.72389
1 6 3 0.0721981 0.197725 -0.977595 -2.82851
2 6 3 -0.0835029 -0.0557994 -0.994944 -2.86642
0 7 3 -0.165718 -0.0858786 -0.982427 -2.67901
1 7 3 0.186098 -0.0905651 -0.978348 -2.78827
2 7 3 -0.238096 -0.219047 -0.946218 -2.69282
0 8 3 0.190364 0.127029 -0.97346 -2.81385
1 8 3 -0.0265306 0.275341 -0.96098 -2.79114
2 8 3 -0.116007 -0.0895403 -0.989204 -2.83359
0 6 4 0.00476258 -0.125829 -0.99204 -2.71344
1 6 4 -0.0781689 0.180283 -0.980504 -2.90848
2 6 4 0.00177561 0.102627 -0.994718 -2.81378
0 7 4 -0.828443 -0.0292993 -0.559306 -1.77513
1 7 4 -0.121163 0.214696 -0.969136 -2.66851
2 7 4 0.272238 -0.0356249 -0.96157 -2.76315
0 8 4 -0.00836839 0.00500645 -0.999952 -2.61118
1 8 4 -0.240915 -0.105227 -0.964825 -2.75718
2 8 4 -0.0510974 0.307724 -0.950102 -2.72248
0 6 5 -0.0186873 -0.058864 -0.998091 -2.91531
1 6 5 -0.0300921 0.0669424 -0.997303 -2.93893
2 6 5 0.300246 0.286296 -0.909883 -2.80914
0 7 5 0.115115 0.0443594 -0.992361 -2.6699
1 7 5 -0.0251077 -0.0364324 -0.999021 -2.91994
2 7 5 0.188161 0.050778 -0.980825 -2.93096
0 8 5 0.105899 -0.0694019 -0.991952 -2.96022
1 8 5 0.239111 -0.202489 -0.949644 -2.85989
2 8 5 -0.00846468 -0.0207351 -0.999749 -2.88791
3 6 3 0.292972 -0.111594 -0.949586 -2.86867
4 6 3 0.107085 -0.181219 -0.977595 -2.86094
5 6 3 -0.00329848 -0.377886 -0.925846 -2.69002
3 7 3 0.181561 -0.0432822 -0.982427 -2.88051
4 7 3 -0.178001 -0.105596 -0.978348 -2.79578
5 7 3 -0.409299 0.209322 -0.888064 -2.39468
3 8 3 -0.0376525 0.0638784 -0.997247 -2.9024
4 8 3 0.194824 0.196367 -0.96098 -2.68592
5 8 3 0.385304 0.0146478 -0.922673 -2.65393
3 6 4 0.604393 -0.132685 -0.78556 -2.38771
4 6 4 -0.0513946 -0.18966 -0.980504 -2.51222
5 6 4 0.0294453 0.0983279 -0.994718 -2.82224
3 7 4 -0.0476086 -0.00289951 -0.998862 -2.80133
4 7 4 0.131622 0.129546 -0.982799 -2.80027
5 7 4 0.0210136 -0.0181988 -0.999614 -2.89331
3 8 4 0.0278489 -0.252367 -0.967231 -2.65197
4 8 4 -0.338191 0.509311 -0.791347 -2.23266
5 8 4 -0.108387 -0.292502 -0.950102 -2.51139
3 6 5 0.179114 0.393153 -0.901858 -2.7517
4 6 5 0.278103 0.48032 -0.831836 -2.51557
5 6 5 0.459826 0.106957 -0.881544 -2.66744
3 7 5 0.121002 0.0240367 -0.992361 -2.93494
4 7 5 0.0437688 -0.00648145 -0.999021 -2.89354
5 7 5 0.187031 -0.0547928 -0.980825 -2.9308
3 8 5 -0.0705626 -0.105129 -0.991952 -2.92405
4 8 5 0.0120566 0.05551 -0.998385 -2.85319
5 8 5 -0.00266889 0.0222367 -0.999749 -2.72817
6 6 3 -0.150291 -0.275133 -0.949586 -2.82455
7 6 3 -0.0200204 0.20954 -0.977595 -2.76104
8 6 3 0.288017 0.244653 -0.925846 -2.72078
6 7 3 -0.129968 -0.133963 -0.982427 -2.83437
7 7 3 -0.426895 0.374726 -0.823007 -2.53136
8 7 3 -0.00955424 0.00262677 -0.999951 -2.75297
6 8 3 0.0151505 -0.0725853 -0.997247 -2.87912
7 8 3 -0.36669 -0.275963 -0.888472 -2.59418
8 8 3 0.274633 -0.270649 -0.922673 -2.73385
6 6 4 0.111083 0.0592984 -0.99204 -2.92007
7 6 4 -0.153009 0.12329 -0.980504 -2.83754
8 6 4 0.0960714 -0.0361345 -0.994718 -2.8234
6 7 4 -0.0403791 0.0253873 -0.998862 -2.97116
7 7 4 -0.0607534 0.174401 -0.982799 -2.90762
8 7 4 -0.138759 0.236915 -0.96157 -2.64938
6 8 4 -0.00361334 -0.00905749 -0.999952 -2.96322
7 8 4 -0.0374132 -0.128631 -0.990987 -2.87415
8 8 4 0.262021 -0.169263 -0.950102 -2.80392
6 6 5 -0.00597308 0.0614695 -0.998091 -2.85849
7 6 5 0.326311 0.317658 -0.890289 -2.66567
8 6 5 -0.270893 0.314213 -0.909883 -2.6121
6 7 5 0.036226 -0.117928 -0.992361 -2.96917
7 7 5 0.0378329 0.0229432 -0.999021 -2.88694
8 7 5 -0.118629 -0.154629 -0.980825 -2.84631
6 8 5 -0.0505313 -0.116094 -0.991952 -2.9572
7 8 5 -0.302502 -0.0816603 -0.949644 -2.84061
8 8 5 -0.0153561 -0.0163029 -0.999749 -2.90997
0 0 6 -0.134319 -0.283274 -0.949586 -2.72811
1 0 6 -0.205741 0.044477 -0.977595 -2.75227
2 0 6 0.0241385 -0.377129 -0.925846 -2.56297
0 1 6 0.165255 0.0867677 -0.982427 -2.82844
1 1 6 -0.00526809 -0.206898 -0.978348 -2.78776
2 1 6 0.0786139 -0.452947 -0.888064 -2.633
0 2 6 -0.0730894 -0.0124941 -0.997247 -2.89926
1 2 6 -0.425277 0.172501 -0.888472 -2.49381
2 2 6 0.0432951 0.322019 -0.945743 -2.57553
0 0 7 0.0643796 0.108217 -0.99204 -2.90952
1 0 7 -0.0579689 0.0282899 -0.997917 -2.82703
2 0 7 -0.0607556 0.457143 -0.887316 -2.5713
0 1 7 -0.0590193 0.355308 -0.932884 -2.83169
1 1 7 0.200086 0.144015 -0.969136 -2.82035
2 1 7 -0.252931 0.10681 -0.96157 -2.66624
0 2 7 -0.00974847 -0.00024829 -0.999952 -2.91277
1 2 7 0.192351 -0.179204 -0.964825 -2.73495
2 2 7 -0.257378 0.176244 -0.950102 -2.80549
0 0 8 0.0610557 -0.00929452 -0.998091 -2.86711
1 0 8 -0.453743 -0.319633 -0.831836 -2.39154
2 0 8 0.453225 0.132162 -0.881544 -2.45475
0 1 8 -0.0633605 0.105853 -0.992361 -2.91135
1 1 8 0.043717 -0.00682218 -0.999021 -2.81194
2 1 8 0.425665 0.151793 -0.892058 -2.63349
0 2 8 0.12661 0.00104737 -0.991952 -2.94831
1 2 8 0.0745921 -0.304322 -0.949644 -2.80913
2 2 8 -0.00299493 0.0221952 -0.999749 -2.82711
3 0 6 -0.30706 0.0632448 -0.949586 -2.81763
4 0 6 -0.201682 0.0602679 -0.977595 -2.82924
5 0 6 -0.159818 -0.342443 -0.925846 -2.48304
3 1 6 0.0694973 -0.173228 -0.982427 -2.86868
4 1 6 0.00604569 0.206877 -0.978348 -2.82758
5 1 6 -0.329208 -0.32088 -0.888064 -2.50468
3 2 6 0.0708197 0.0219712 -0.997247 -2.91752
4 2 6 -0.00534065 -0.0114744 -0.99992 -2.92848
5 2 6 0.378865 -0.0716628 -0.922673 -2.56989
3 0 7 -0.123578 -0.0241694 -0.99204 -2.82794
4 0 7 0.159482 0.114795 -0.980504 -2.81446
5 0 7 0.0129011 -0.101828 -0.994718 -2.70164
3 1 7 -0.0424297 -0.0217876 -0.998862 -2.95264
4 1 7 -0.00633198 0.246444 -0.969136 -2.94167
5 1 7 -0.108658 0.252143 -0.96157 -2.64812
3 2 7 0.00776956 0.00589308 -0.999952 -2.96011
4 2 7 0.058487 0.12052 -0.990987 -2.82795
5 2 7 -0.139582 -0.278966 -0.950102 -2.5228
3 0 8 -0.218406 0.37276 -0.901858 -2.45267
4 0 8 0.553917 -0.0349855 -0.831836 -2.41408
5 0 8 0.766545 -0.168264 -0.619754 -2.03962
3 1 8 -0.0659751 -0.104243 -0.992361 -2.83567
4 1 8 -0.0249506 -0.0365402 -0.999021 -2.75324
5 1 8 0.388822 -0.230324 -0.892058 -2.48022
3 2 8 -0.104792 -0.0710624 -0.991952 -2.93129
4 2 8 -0.505706 0.0599362 -0.860622 -2.49609
5 2 8 0.397114 0.475468 -0.785004 -1.97281
6 0 6 0.303038 0.0803359 -0.949586 -2.77721
7 0 6 0.0276502 0.20867 -0.977595 -2.83874
8 0 6 -0.289056 0.243425 -0.925846 -2.56889
6 1 6 0.0903645 -0.163316 -0.982427 -2.8688
7 1 6 -0.103795 0.173165 -0.979408 -2.82337
8 1 6 0.302642 -0.114365 -0.946218 -2.63231
6 2 6 0.0428073 -0.060545 -0.997247 -2.85171
7 2 6 -0.447601 0.101345 -0.888472 -2.36398
8 2 6 -0.111573 0.095008 -0.989204 -2.85932
6 0 7 -0.0517808 -0.11478 -0.99204 -2.94811
7 0 7 -0.134184 -0.143552 -0.980504 -2.81007
8 0 7 0.0652152 -0.0792615 -0.994718 -2.87292
6 1 7 0.0230799 -0.0417409 -0.998862 -2.95631
7 1 7 0.182369 0.0291254 -0.982799 -2.81484
8 1 7 -0.273482 0.0242949 -0.96157 -2.69104
6 2 7 0.00969853 -0.00101635 -0.999952 -2.86235
7 2 7 0.602562 0.103392 -0.791347 -2.35496
8 2 7 0.037275 0.309703 -0.950102 -2.68321
6 0 8 -0.00471875 -0.0615785 -0.998091 -2.71649
7 0 8 0.407366 0.203563 -0.890289 -2.50179
8 0 8 0.180769 0.0487686 -0.982316 -2.87965
6 1 8 0.0160591 -0.122317 -0.992361 -2.94052
7 1 8 -0.0337068 -0.028663 -0.999021 -2.77468
8 1 8 0.178378 -0.0785115 -0.980825 -2.83836
6 2 8 -0.125116 0.0194174 -0.991952 -2.79016
7 2 8 0.20929 0.233181 -0.949644 -2.80278
8 2 8 0.0191506 -0.0116125 -0.999749 -2.89442
0 3 6 0.250824 -0.188077 -0.949586 -2.79594
1 3 6 0.0430524 -0.206044 -0.977595 -2.75633
2 3 6 -0.276419 0.257685 -0.925846 -2.67269
0 4 6 0.132219 0.131742 -0.982427 -2.85013
1 4 6 0.168412 0.120301 -0.978348 -2.90705
2 4 6 0.0625024 -0.103516 -0.992662 -2.87563
0 5 6 -0.0678822 0.0298358 -0.997247 -2.82905
1 5 6 0.267061 0.373223 -0.888472 -2.6496
2 5 6 -0.113631 -0.368459 -0.922673 -2.59657
0 3 7 0.0923804 0.0855663 -0.99204 -2.84771
1 3 7 0.183132 -0.0712394 -0.980504 -2.96466
2 3 7 -0.0114978 -0.101996 -0.994718 -2.80589
0 4 7 -0.266522 -0.242266 -0.932884 -2.68822
1 4 7 0.211275 -0.127033 -0.969136 -2.86592
2 4 7 0.247303 -0.119263 -0.96157 -2.75969
0 5 7 -0.196229 -0.161117 -0.967231 -2.72537
1 5 7 0.0345731 0.26061 -0.964825 -2.84825
2 5 7 0.27782 0.14185 -0.950102 -2.72416
0 3 8 -0.0156292 0.0597487 -0.998091 -2.93034
1 3 8 0.0703766 -0.0208316 -0.997303 -2.88562
2 3 8 -0.42562 0.204272 -0.881544 -2.47511
0 4 8 -0.0688165 -0.102389 -0.992361 -2.92837
1 4 8 0.0266851 -0.0352934 -0.999021 -2.93928
2 4 8 0.0452107 -0.120097 -0.991732 -2.78965
0 5 8 -0.0828877 -0.095712 -0.991952 -2.8621
1 5 8 0.0272723 0.312141 -0.949644 -2.72158
2 5 8 0.449389 -0.272029 -0.850911 -2.56812
3 3 6 -0.307536 -0.0608892 -0.949586 -2.80503
4 3 6 0.149323 0.148358 -0.977595 -2.70197
5 3 6 -0.200496 -0.320329 -0.925846 -2.61457
3 4 6 -0.0503245 -0.179736 -0.982427 -2.83155
4 4 6 -0.0564707 0.193832 -0.979408 -2.87738
5 4 6 -0.120892 0.00268159 -0.992662 -2.84087
3 5 6 0.0217939 -0.0708744 -0.997247 -2.84173
4 5 6 0.336081 0.312517 -0.888472 -2.6945
5 5 6 0.385271 -0.0154969 -0.922673 -2.69457
3 3 7 -0.0660041 0.107234 -0.99204 -2.82942
4 3 7 -0.190185 -0.0494186 -0.980504 -2.84655
5 3 7 -0.0770778 0.0677822 -0.994718 -2.87737
3 4 7 -0.572961 -0.300081 -0.762671 -2.26672
4 4 7 -0.212657 0.124707 -0.969136 -2.85789
5 4 7 -0.0253085 0.0114997 -0.999614 -2.92694
3 5 7 -0.11683 0.225422 -0.967231 -2.74502
4 5 7 -0.000458028 0.262893 -0.964825 -2.84586
5 5 7 0.0587343 0.203477 -0.977316 -2.82943
3 3 8 0.0426406 0.0446762 -0.998091 -2.80892
4 3 8 -0.36593 0.417305 -0.831836 -2.56321
5 3 8 -0.456604 0.119968 -0.881544 -2.60266
3 4 8 0.0648423 -0.104951 -0.992361 -2.84366
4 4 8 -0.0323023 0.0302371 -0.999021 -2.78345
5 4 8 -0.140351 0.13522 -0.980825 -2.84034
3 5 8 -0.108164 -0.0658165 -0.991952 -2.83806
4 5 8 -0.224032 -0.219056 -0.949644 -2.54579
5 5 8 0.0543002 0.617107 -0.785004 -2.31034
6 3 6 -0.304106 0.0761929 -0.949586 -2.78941
7 3 6 -0.00452983 -0.210445 -0.977595 -2.61244
8 3 6 0.0737802 0.370628 -0.925846 -2.47023
6 4 6 0.168154 0.0810051 -0.982427 -2.86903
7 4 6 0.167188 0.121995 -0.978348 -2.93166
8 4 6 -0.112217 0.0450503 -0.992662 -2.75924
6 5 6 -0.0703612 0.023398 -0.997247 -2.86415
7 5 6 0.224028 0.16226 -0.96098 -2.8428
8 5 6 0.353673 0.153589 -0.922673 -2.69573
6 3 7 -0.0668878 0.106685 -0.99204 -2.86594
7 3 7 0.172743 -0.0936597 -0.980504 -2.84669
8 3 7 0.400984 -0.227777 -0.887316 -2.567
6 4 7 0.322259 -0.160859 -0.932884 -2.76597
7 4 7 0.076738 0.234277 -0.969136 -2.84833
8 4 7 0.115594 0.24904 -0.96157 -2.79112
6 5 7 0.121795 -0.222779 -0.967231 -2.85788
7 5 7 -0.249114 -0.0839961 -0.964825 -2.7361
8 5 7 0.158763 0.140167 -0.977316 -2.85629
6 3 8 -0.358522 -0.104641 -0.927638 -2.74567
7 3 8 0.0659444 -0.0322204 -0.997303 -2.91238
8 3 8 -0.0790064 -0.169746 -0.982316 -2.81343
6 4 8 -0.0312632 0.11934 -0.992361 -2.84389
7 4 8 0.0180093 0.0404151 -0.999021 -2.88882
8 4 8 -0.0233628 0.193486 -0.980825 -2.91833
6 5 8 0.0496004 -0.116494 -0.991952 -2.7703
7 5 8 0.00598712 0.0564879 -0.998385 -2.83147
8 5 8 0.000928542 0.0223771 -0.999749 -2.87954
0 6 6 -0.161134 -0.268927 -0.949586 -2.69293
1 6 6 0.122634 0.171081 -0.977595 -2.87791
2 6 6 0.0526535 -0.0855215 -0.994944 -2.85871
0 7 6 -0.0371097 -0.182922 -0.982427 -2.91952
1 7 6 0.206191 0.0178836 -0.978348 -2.87612
2 7 6 -0.057829 -0.106197 -0.992662 -2.86045
0 8 6 -0.0561339 0.0484473 -0.997247 -2.83717
1 8 6 0.379269 -0.258403 -0.888472 -2.52419
2 8 6 -0.341911 0.178243 -0.922673 -2.56685
0 6 7 -0.247033 0.567337 -0.78556 -2.34753
1 6 7 0.170646 0.0974286 -0.980504 -2.78953
2 6 7 -0.0987508 -0.0279946 -0.994718 -2.88807
0 7 7 -0.0216066 -0.0425222 -0.998862 -2.83431
1 7 7 -0.0339955 0.24417 -0.969136 -2.80374
2 7 7 0.271649 -0.0398673 -0.96157 -2.7514
0 8 7 0.00497309 -0.00838825 -0.999952 -2.96176
1 8 7 -0.171734 -0.199049 -0.964825 -2.76373
2 8 7 -0.103808 0.294158 -0.950102 -2.81163
0 6 8 0.00945008 0.431928 -0.901858 -2.78196
1 6 8 0.185818 0.522991 -0.831836 -2.69278
2 6 8 -0.138049 -0.126484 -0.982316 -2.71499
0 7 8 -0.121045 -0.0238222 -0.992361 -2.76999
1 7 8 -0.269324 0.496417 -0.825248 -2.44397
2 7 8 -0.183911 0.0644938 -0.980825 -2.7945
0 8 8 0.0568882 -0.113115 -0.991952 -2.95763
1 8 8 -0.0266935 -0.312191 -0.949644 -2.69117
2 8 8 -0.0197286 -0.0106008 -0.999749 -2.83359
3 6 6 0.179242 0.257212 -0.949586 -2.82576
4 6 6 0.110661 -0.179058 -0.977595 -2.61854
5 6 6 0.150116 0.346805 -0.925846 -2.7152
3 7 6 0.103944 0.155027 -0.982427 -2.9548
4 7 6 0.0378636 0.203472 -0.978348 -2.91948
5 7 6 0.0531115 0.108634 -0.992662 -2.88726
3 8 6 0.0590337 0.0448685 -0.997247 -2.85211
4 8 6 0.0670222 0.45401 -0.888472 -2.61402
5 8 6 -0.353393 -0.154233 -0.922673 -2.61461
3 6 7 -0.0473487 -0.116678 -0.99204 -2.8732
4 6 7 -0.193342 -0.0350881 -0.980504 -2.91129
5 6 7 -0.0983153 -0.0294876 -0.994718 -2.89575
3 7 7 -0.0261351 0.0398991 -0.998862 -2.94155
4 7 7 0.0520309 0.0100064 -0.998595 -2.94496
5 7 7 0.00503421 -0.027339 -0.999614 -2.95245
3 8 7 0.103349 0.231913 -0.967231 -2.88131
4 8 7 -0.262358 -0.0167771 -0.964825 -2.75318
5 8 7 -0.0494071 0.308 -0.950102 -2.76436
3 6 8 -0.37309 0.0170787 -0.927638 -2.76201
4 6 8 -0.0711233 -0.018119 -0.997303 -2.929
5 6 8 0.106129 -0.154248 -0.982316 -2.75267
3 7 8 0.116131 0.041628 -0.992361 -2.88537
4 7 8 -0.0267974 -0.0352082 -0.999021 -2.88146
5 7 8 0.16088 -0.110002 -0.980825 -2.90876
3 8 8 0.0925996 0.0863509 -0.991952 -2.89211
4 8 8 -0.307107 0.0621383 -0.949644 -2.59987
5 8 8 0.00576808 0.0216408 -0.999749 -2.71277
6 6 6 -0.28565 0.129188 -0.949586 -2.73957
7 6 6 0.0803389 -0.194559 -0.977595 -2.73264
8 6 6 -0.317085 -0.205586 -0.925846 -2.67501
6 7 6 0.126154 -0.137561 -0.982427 -2.868
7 7 6 0.053829 0.199843 -0.978348 -2.85523
8 7 6 -0.118666 0.0232486 -0.992662 -2.87182
6 8 6 0.0569627 0.0474702 -0.997247 -2.88664
7 8 6 0.136814 -0.240413 -0.96098 -2.78564
8 8 6 -0.0739272 -0.316394 -0.945743 -2.75485
6 6 7 0.121986 0.0312259 -0.99204 -2.89893
7 6 7 0.0634531 -0.0115939 -0.997917 -2.87359
8 6 7 -0.0507284 0.0892303 -0.994718 -2.7911
6 7 7 -0.0127291 0.0459669 -0.998862 -2.96594
7 7 7 0.126566 0.13449 -0.982799 -2.90304
8 7 7 0.244153 -0.125586 -0.96157 -2.86726
6 8 7 -0.00226356 -0.00948529 -0.999952 -2.94666
7 8 7 -0.150619 -0.215469 -0.964825 -2.83892
8 8 7 0.203771 0.0577041 -0.977316 -2.85651
6 6 8 0.2266 0.296884 -0.927638 -2.7711
7 6 8 0.294105 0.470692 -0.831836 -2.47231
8 6 8 -0.381796 0.277689 -0.881544 -2.39064
6 7 8 0.0796288 -0.0942261 -0.992361 -2.90904
7 7 8 0.0152074 -0.0415506 -0.999021 -2.80524
8 7 8 0.330279 -0.308461 -0.892058 -2.55045
6 8 8 0.0401901 0.120066 -0.991952 -2.93457
7 8 8 -0.311142 0.0369666 -0.949644 -2.68747
8 8 8 0.0165174 0.0151252 -0.999749 -2.85527
