Position_x Position_y Position_z Spin_x Spin_y Spin_z Spin_energy Temperature n_spins
0 0 0 0.0478022 0.0971231 -0.994124 -2.95179 0.051 729
1 0 0 -0.070733 -0.020086 -0.997293 -2.95482
2 0 0 0.110916 -0.0121919 -0.993755 -2.91909
0 1 0 -0.0652212 -0.0426918 -0.996957 -2.96385
1 1 0 0.0475449 -0.0645382 -0.996782 -2.96793
2 1 0 0.0456002 0.115987 -0.992203 -2.9596
0 2 0 -0.0228458 -0.147662 -0.988774 -2.97297
1 2 0 -0.00519847 -0.0312029 -0.9995 -2.99114
2 2 0 -0.0416687 -0.00756691 -0.999103 -2.97942
0 0 1 0.0352386 0.138637 -0.989716 -2.95955
1 0 1 0.0529697 -0.0595075 -0.996821 -2.97528
2 0 1 0.0197148 -0.00378732 -0.999798 -2.98497
0 1 1 -0.0135379 0.00701974 -0.999884 -2.97766
1 1 1 0.0630637 0.0599754 -0.996206 -2.98477
2 1 1 0.0166242 0.00410492 -0.999853 -2.98607
0 2 1 0.0992973 -0.147828 -0.984016 -2.95221
1 2 1 -0.0154309 0.0568423 -0.998264 -2.97816
2 2 1 0.0182966 -0.0408327 -0.998998 -2.99446
0 0 2 0.125182 -0.049843 -0.990881 -2.93254
1 0 2 -0.0604055 -0.0600821 -0.996364 -2.96373
2 0 2 -0.0530041 -0.14107 -0.98858 -2.95181
0 1 2 -0.146032 0.0157651 -0.989154 -2.91527
1 1 2 0.16395 0.0771563 -0.983447 -2.9352
2 1 2 0.171069 -0.0985725 -0.980316 -2.92961
0 2 2 0.141718 -0.044843 -0.988891 -2.95349
1 2 2 0.030242 -0.00298621 -0.999538 -2.98633
2 2 2 -0.00203808 -0.00368173 -0.999991 -2.96884
3 0 0 -0.0560284 -0.0926216 -0.994124 -2.95319
4 0 0 0.0591384 -0.043695 -0.997293 -2.98206
5 0 0 0.0825105 -0.122495 -0.989033 -2.94888
3 1 0 -0.077698 0.00627773 -0.996957 -2.97836
4 1 0 -0.0801451 0.00157056 -0.996782 -2.97014
5 1 0 0.045832 0.115896 -0.992203 -2.96121
3 2 0 0.00661255 -0.149272 -0.988774 -2.93473
4 2 0 0.00159425 -0.0315927 -0.9995 -2.98796
5 2 0 0.0778369 -0.0199311 -0.996767 -2.96
3 0 1 0.0195615 0.141702 -0.989716 -2.96712
4 0 1 0.0782535 0.0149436 -0.996821 -2.97504
5 0 1 0.00127126 0.020035 -0.999798 -2.96917
3 1 1 0.00850289 0.0126591 -0.999884 -2.9846
4 1 1 -0.0835672 -0.0243023 -0.996206 -2.98358
5 1 1 -0.0125198 0.0116821 -0.999853 -2.95863
3 2 1 0.0441966 -0.0146102 -0.998916 -2.9886
4 2 1 -0.0437081 0.0394812 -0.998264 -2.97944
5 2 1 -0.208039 -0.0567755 -0.976471 -2.92701
3 0 2 0.0542141 0.123352 -0.990881 -2.94183
4 0 2 -0.07883 -0.032319 -0.996364 -2.97045
5 0 2 -0.00488075 -0.124612 -0.992194 -2.94375
3 1 2 0.0209387 -0.14538 -0.989154 -2.94398
4 1 2 -0.169326 0.0645109 -0.983447 -2.94304
5 1 2 -0.298291 -0.115866 -0.947416 -2.87254
3 2 2 -0.00348497 -0.0233837 -0.99972 -2.98937
4 2 2 0.00378747 -0.0301522 -0.999538 -2.98575
5 2 2 0.00258285 0.00332232 -0.999991 -2.95338
6 0 0 -0.0954838 0.0509979 -0.994124 -2.94507
7 0 0 0.0718865 0.0154576 -0.997293 -2.96172
8 0 0 0.013945 0.267805 -0.963372 -2.88704
6 1 0 0.0398819 0.0669763 -0.996957 -2.97798
7 1 0 -0.0729985 0.0331198 -0.996782 -2.97176
8 1 0 0.121687 -0.0269191 -0.992203 -2.9462
6 2 0 -0.0255112 0.0977341 -0.994886 -2.97997
7 2 0 -0.028999 -0.0126374 -0.9995 -2.99267
8 2 0 0.0419361 -0.00590808 -0.999103 -2.97584
6 0 1 0.14101 0.0240455 -0.989716 -2.94541
7 0 1 0.0790443 -0.00994652 -0.996821 -2.99158
8 0 1 0.00639602 -0.0190292 -0.999798 -2.96446
6 1 1 0.00770477 0.0131601 -0.999884 -2.99031
7 1 1 -0.000731525 -0.0870261 -0.996206 -2.96722
8 1 1 0.0171231 -0.000122765 -0.999853 -2.98185
6 2 1 -0.0368742 -0.0284093 -0.998916 -2.98265
7 2 1 -0.0028632 0.05883 -0.998264 -2.96797
8 2 1 -0.00821164 -0.215491 -0.976471 -2.9281
6 0 2 0.0338904 0.130408 -0.990881 -2.94678
7 0 2 0.0136505 -0.0840972 -0.996364 -2.95745
8 0 2 -0.149723 0.017128 -0.98858 -2.94402
6 1 2 -0.0431402 0.0151542 -0.998954 -2.95833
7 1 2 0.144295 0.109598 -0.983447 -2.9254
8 1 2 0.0483696 -0.0546257 -0.997335 -2.96465
6 2 2 -0.0233899 -0.00344282 -0.99972 -2.99115
7 2 2 0.016731 -0.0253687 -0.999538 -2.98663
8 2 2 0.0031736 -0.00276355 -0.999991 -2.96149
0 3 0 -0.000450788 -0.0640865 -0.997944 -2.9765
1 3 0 0.0696828 -0.0234713 -0.997293 -2.98588
2 3 0 0.0759185 -0.126687 -0.989033 -2.94272
0 4 0 -0.0560446 -0.0541793 -0.996957 -2.97746
1 4 0 0.0472311 0.0647683 -0.996782 -2.97833
2 4 0 0.00302614 0.0396111 -0.999211 -2.94796
0 5 0 -0.000407006 6.81749e-05 -1 -2.98017
1 5 0 -0.0154755 -0.027589 -0.9995 -2.99097
2 5 0 0.0739094 0.0315156 -0.996767 -2.9799
0 3 1 0.113569 0.0869712 -0.989716 -2.9638
1 3 1 0.02124 0.076784 -0.996821 -2.98536
2 3 1 -0.0127372 -0.0155171 -0.999798 -2.94427
0 4 1 -0.0148944 0.00327224 -0.999884 -2.98149
1 4 1 0.00827644 0.0866347 -0.996206 -2.95821
2 4 1 -0.144535 0.336885 -0.930386 -2.82924
0 5 1 0.122979 0.128799 -0.984016 -2.962
1 5 1 0.0510714 -0.0293407 -0.998264 -2.9807
2 5 1 -0.0445554 -0.0041102 -0.998998 -2.95428
0 3 2 0.133857 0.0154052 -0.990881 -2.97258
1 3 2 0.0155538 -0.0837661 -0.996364 -2.96593
2 3 2 0.0823265 0.0936709 -0.992194 -2.95615
0 4 2 0.02345 0.0392533 -0.998954 -2.97666
1 4 2 -0.174694 -0.0481129 -0.983447 -2.947
2 4 2 -0.173715 0.0938299 -0.980316 -2.94135
0 5 2 0.116303 0.160682 -0.98013 -2.93297
1 5 2 -0.0103515 -0.0285718 -0.999538 -2.9765
2 5 2 -0.00383762 0.00172674 -0.999991 -2.97958
3 3 0 -0.0384771 0.10118 -0.994124 -2.94399
4 3 0 0.0443519 0.0586473 -0.997293 -2.97271
5 3 0 0.0121581 -0.147191 -0.989033 -2.94588
3 4 0 0.0525674 -0.0575592 -0.996957 -2.97845
4 4 0 -0.0451903 -0.0662083 -0.996782 -2.97501
5 4 0 0.0904278 -0.0857627 -0.992203 -2.96188
3 5 0 0.14232 0.045508 -0.988774 -2.94775
4 5 0 0.030313 0.00904259 -0.9995 -2.98742
5 5 0 0.0229028 -0.0770149 -0.996767 -2.9802
3 3 1 0.141455 -0.0212686 -0.989716 -2.96358
4 3 1 -0.0123397 -0.0787061 -0.996821 -2.97206
5 3 1 -0.00141933 0.0200251 -0.999798 -2.96519
3 4 1 -0.0146402 -0.00426786 -0.999884 -2.94343
4 4 1 0.0866371 0.00825181 -0.996206 -2.964
5 4 1 0.0136657 0.0103182 -0.999853 -2.98241
3 5 1 -0.125156 -0.126686 -0.984016 -2.9309
4 5 1 -0.0393049 0.0438667 -0.998264 -2.96216
5 5 1 0.215357 0.0111832 -0.976471 -2.93494
3 3 2 0.103476 0.0862992 -0.990881 -2.96858
4 3 2 0.0791994 0.0314027 -0.996364 -2.96966
5 3 2 0.122774 -0.0873891 -0.98858 -2.95613
3 4 2 -0.11931 -0.0886266 -0.988894 -2.95267
4 4 2 -0.179201 0.0110728 -0.98375 -2.92811
5 4 2 -0.019289 -0.070367 -0.997335 -2.98104
3 5 2 -0.0565915 -0.137449 -0.988891 -2.96886
4 5 2 0.0155237 -0.0261249 -0.999538 -2.98229
5 5 2 -0.000166159 0.00420492 -0.999991 -2.97328
6 3 0 -0.0939636 0.0537474 -0.994124 -2.97028
7 3 0 -0.0490047 -0.0548192 -0.997293 -2.9767
8 3 0 0.144588 -0.030125 -0.989033 -2.96977
6 4 0 -0.0610172 0.0485107 -0.996957 -2.96922
7 4 0 0.0738528 -0.0311683 -0.996782 -2.94595
8 4 0 0.12457 0.0038283 -0.992203 -2.97705
6 5 0 -0.0387051 -0.144318 -0.988774 -2.94975
7 5 0 0.00720576 0.0308013 -0.9995 -2.98445
8 5 0 0.0288057 -0.0750071 -0.996767 -2.97664
6 3 1 -0.105333 -0.0967831 -0.989716 -2.95312
7 3 1 0.0789792 0.0104503 -0.996821 -2.97376
8 3 1 0.00965052 0.0176036 -0.999798 -2.97033
6 4 1 -0.0125647 0.00864176 -0.999884 -2.97603
7 4 1 0.0793943 0.0356457 -0.996206 -2.9861
8 4 1 -0.0152043 -0.00787687 -0.999853 -2.99013
6 5 1 0.148446 -0.0983715 -0.984016 -2.92546
7 5 1 -0.0501162 -0.0309439 -0.998264 -2.97592
8 5 1 -0.00467959 -0.0444992 -0.998998 -2.92805
6 3 2 0.134489 -0.00822613 -0.990881 -2.94788
7 3 2 -0.0594413 -0.0610362 -0.996364 -2.95947
8 3 2 -0.0629696 -0.107642 -0.992194 -2.95129
6 4 2 0.00607364 -0.146755 -0.989154 -2.95006
7 4 2 0.174268 0.0432007 -0.98375 -2.93471
8 4 2 -0.0216637 0.0696726 -0.997335 -2.96954
6 5 2 -0.131114 -0.0700282 -0.988891 -2.94791
7 5 2 0.000258284 -0.030388 -0.999538 -2.98254
8 5 2 0.00282088 -0.00312275 -0.999991 -2.95336
0 6 0 0.0424553 -0.0995766 -0.994124 -2.96074
1 6 0 0.0582362 -0.0448904 -0.997293 -2.97017
2 6 0 0.249232 0.0989811 -0.963372 -2.90186
0 7 0 0.0227678 0.0745521 -0.996957 -2.95623
1 7 0 -0.0800607 -0.00399853 -0.996782 -2.97047
2 7 0 0.107267 -0.0634529 -0.992203 -2.89839
0 8 0 -0.0852083 -0.122741 -0.988774 -2.93133
1 8 0 -0.017759 -0.0261775 -0.9995 -2.96266
2 8 0 -0.125005 0.308644 -0.942928 -2.80343
0 6 1 0.135187 0.0467593 -0.989716 -2.92097
1 6 1 -0.0637868 -0.0477301 -0.996821 -2.97107
2 6 1 0.0122917 -0.0158724 -0.999798 -2.97044
0 7 1 -0.014624 -0.00432313 -0.999884 -2.98336
1 7 1 -0.0735471 0.0465284 -0.996206 -2.98674
2 7 1 -0.0085507 0.0148358 -0.999853 -2.98343
0 8 1 -0.0423473 -0.0193262 -0.998916 -2.97383
1 8 1 -0.0483455 -0.0336433 -0.998264 -2.99278
2 8 1 0.00460447 -0.044507 -0.998998 -2.95936
0 6 2 -0.07932 -0.108918 -0.990881 -2.93341
1 6 2 0.0839516 -0.0145196 -0.996364 -2.96045
2 6 2 -0.0411391 -0.101227 -0.994012 -2.96969
0 7 2 0.135032 -0.0620949 -0.988894 -2.93627
1 7 2 -0.165468 -0.0738448 -0.983447 -2.93281
2 7 2 -0.16756 -0.0878706 -0.981938 -2.94417
0 8 2 0.198352 0.00120092 -0.98013 -2.93561
1 8 2 0.0294464 -0.00751039 -0.999538 -2.97743
2 8 2 -1.7111e-05 0.00420816 -0.999991 -2.97271
3 6 0 -0.108237 0.00161312 -0.994124 -2.92114
4 6 0 -0.0699303 0.0227235 -0.997293 -2.97506
5 6 0 -0.0196769 -0.146376 -0.989033 -2.93307
3 7 0 0.0231352 -0.0744389 -0.996957 -2.95773
4 7 0 0.0835637 0.0953471 -0.99193 -2.9463
5 7 0 0.272848 -0.127709 -0.953543 -2.87518
3 8 0 -0.112391 0.0984589 -0.988774 -2.95196
4 8 0 0.0239358 -0.0206815 -0.9995 -2.98298
5 8 0 -0.0337454 -0.0729183 -0.996767 -2.95856
3 6 1 -0.015024 0.142254 -0.989716 -2.94675
4 6 1 0.0784087 -0.0141067 -0.996821 -2.97814
5 6 1 0.00937667 -0.0177509 -0.999798 -2.97143
3 7 1 -0.0151218 0.00197007 -0.999884 -2.98321
4 7 1 0.0856238 0.0155768 -0.996206 -2.9847
5 7 1 -0.0119767 0.0122382 -0.999853 -2.94095
3 8 1 0.0308734 0.0348372 -0.998916 -2.97731
4 8 1 -0.0458522 0.0369694 -0.998264 -2.97943
5 8 1 -0.212823 -0.0347859 -0.976471 -2.94568
3 6 2 0.113082 0.0732627 -0.990881 -2.94752
4 6 2 -0.00956974 -0.00110537 -0.999954 -2.97674
5 6 2 -0.0888081 -0.121751 -0.98858 -2.91872
3 7 2 0.137991 -0.0503237 -0.989154 -2.92759
4 7 2 0.117027 0.138339 -0.983447 -2.90697
5 7 2 -0.0306323 -0.265904 -0.963513 -2.87908
3 8 2 -0.121103 0.157096 -0.98013 -2.93
4 8 2 -0.0287998 0.00969906 -0.999538 -2.98085
5 8 2 -0.00363541 0.0021196 -0.999991 -2.95951
6 6 0 -0.104797 0.0271223 -0.994124 -2.96802
7 6 0 -0.0147631 0.0720323 -0.997293 -2.98691
8 6 0 -0.0317557 0.144238 -0.989033 -2.86868
6 7 0 -0.035556 -0.0693697 -0.996957 -2.95667
7 7 0 -0.0800119 0.00487862 -0.996782 -2.97239
8 7 0 -0.109634 0.177969 -0.97791 -2.95618
6 8 0 -0.0917858 -0.042168 -0.994886 -2.97641
7 8 0 -0.0257311 0.0183998 -0.9995 -2.99038
8 8 0 -0.0774469 -0.0213964 -0.996767 -2.96034
6 6 1 -0.0115534 0.142578 -0.989716 -2.95892
7 6 1 0.0588112 0.0537417 -0.996821 -2.93635
8 6 1 0.463156 -0.0804505 -0.882618 -2.64189
6 7 1 0.00557386 0.0141945 -0.999884 -2.9831
7 7 1 -0.0808777 0.0321384 -0.996206 -2.98278
8 7 1 0.0061366 0.0159862 -0.999853 -2.90865
6 8 1 -0.166707 0.0626251 -0.984016 -2.92005
7 8 1 0.0574215 -0.0131126 -0.998264 -2.97586
8 8 1 -0.0179961 -0.040966 -0.998998 -2.99537
6 6 2 -0.0576003 0.121808 -0.990881 -2.95901
7 6 2 0.0843643 0.0118888 -0.996364 -2.95894
8 6 2 -0.100848 -0.111982 -0.98858 -2.85231
6 7 2 0.0453031 0.00619303 -0.998954 -2.9549
7 7 2 -0.181197 -0.000792518 -0.983447 -2.9227
8 7 2 0.059867 -0.260882 -0.963513 -2.89438
6 8 2 0.140317 -0.0490499 -0.988891 -2.94379
7 8 2 0.00724174 0.0295137 -0.999538 -2.98028
8 8 2 -0.00302049 0.00293011 -0.999991 -2.96314
0 0 3 -0.0250686 -0.105307 -0.994124 -2.96023
1 0 3 -0.0591329 0.0437024 -0.997293 -2.97226
2 0 3 -0.105942 -0.102905 -0.989033 -2.95224
0 1 3 -0.039177 0.067391 -0.996957 -2.96194
1 1 3 0.0677583 -0.0428313 -0.996782 -2.96775
2 1 3 -0.0733366 0.100768 -0.992203 -2.91141
0 2 3 -0.0565891 -0.138288 -0.988774 -2.95047
1 2 3 -0.0105899 -0.0298077 -0.9995 -2.97921
2 2 3 -0.0776038 -0.245626 -0.966253 -2.85926
0 0 4 -0.136578 -0.0425264 -0.989716 -2.94816
1 0 4 0.0754847 0.0254753 -0.996821 -2.97347
2 0 4 -0.0142031 -0.0141877 -0.999798 -2.98286
0 1 4 0.00575006 0.014124 -0.999884 -2.98594
1 1 4 0.0605503 0.0625119 -0.996206 -2.98802
2 1 4 -0.00523049 0.0163051 -0.999853 -2.97727
0 2 4 -0.0289451 -0.0364551 -0.998916 -2.9822
1 2 4 0.0272504 -0.0522166 -0.998264 -2.98975
2 2 4 -0.0404116 -0.0192089 -0.998998 -2.97078
0 0 5 0.0636537 -0.118756 -0.990881 -2.95616
1 0 5 -0.0156277 -0.0837524 -0.996364 -2.96895
2 0 5 0.121948 -0.0885378 -0.98858 -2.95043
0 1 5 -0.0122942 0.146365 -0.989154 -2.91825
1 1 5 0.119091 0.136565 -0.983447 -2.95354
2 1 5 0.183875 0.194508 -0.963513 -2.90729
0 2 5 -0.147119 0.0212334 -0.988891 -2.96814
1 2 5 0.00390219 -0.0301375 -0.999538 -2.98007
2 2 5 -0.0031591 -0.00278011 -0.999991 -2.96284
3 0 3 0.00742858 0.107994 -0.994124 -2.96176
4 0 3 -0.0244178 0.0693568 -0.997293 -2.98187
5 0 3 -0.107108 -0.0312896 -0.993755 -2.97794
3 1 3 0.0140578 -0.0766731 -0.996957 -2.9755
4 1 3 -0.0624758 -0.0502242 -0.996782 -2.97573
5 1 3 -0.0993459 0.0752517 -0.992203 -2.95394
3 2 3 -1.85561e-05 -0.000412259 -1 -2.97035
4 2 3 0.00538415 -0.0311714 -0.9995 -2.99259
5 2 3 0.0604045 0.0529823 -0.996767 -2.95469
3 0 4 -0.110507 -0.090831 -0.989716 -2.95267
4 0 4 -0.117047 -0.043126 -0.99219 -2.97172
5 0 4 0.0187445 -0.00718754 -0.999798 -2.98396
3 1 4 -0.0148135 0.00362094 -0.999884 -2.9758
4 1 4 0.0709665 0.0503768 -0.996206 -2.97477
5 1 4 0.00583712 0.0160979 -0.999853 -2.98034
3 2 4 0.169224 0.0554648 -0.984016 -2.93985
4 2 4 0.0577902 -0.0113777 -0.998264 -2.97115
5 2 4 -0.180435 -0.118097 -0.976471 -2.92036
3 0 5 -0.0972994 -0.0932079 -0.990881 -2.94914
4 0 5 -0.0252044 -0.0813844 -0.996364 -2.9727
5 0 5 0.116384 -0.0447965 -0.992194 -2.9634
3 1 5 0.116092 0.0899813 -0.989154 -2.96638
4 1 5 0.168206 0.0673757 -0.983447 -2.96365
5 1 5 0.0718134 0.0129005 -0.997335 -2.97472
3 2 5 0.159843 0.117453 -0.98013 -2.96603
4 2 5 -0.0238822 -0.018792 -0.999538 -2.94701
5 2 5 -0.00281941 -0.00312407 -0.999991 -2.97573
6 0 3 -0.0474562 0.043072 -0.997944 -2.97102
7 0 3 0.0730526 -0.00836198 -0.997293 -2.97962
8 0 3 -0.0304101 0.0364359 -0.998873 -2.97792
6 1 3 0.0779407 0.00128017 -0.996957 -2.96796
7 1 3 -0.0674265 -0.0433517 -0.996782 -2.96581
8 1 3 -0.0171397 -0.123445 -0.992203 -2.9719
6 2 3 -0.0994019 -0.0179455 -0.994886 -2.97913
7 2 3 -0.0203955 -0.0241799 -0.9995 -2.97983
8 2 3 -0.0109023 -0.257363 -0.966253 -2.91662
6 0 4 0.138846 -0.034404 -0.989716 -2.94178
7 0 4 -0.00673348 0.0793825 -0.996821 -2.98069
8 0 4 0.0190744 0.00625986 -0.999798 -2.98439
6 1 4 0.0150485 0.00246832 -0.999884 -2.97722
7 1 4 -0.053542 0.0686099 -0.996206 -2.98249
8 1 4 0.0110352 -0.0130935 -0.999853 -2.97556
6 2 4 -0.175344 -0.0311097 -0.984016 -2.93525
7 2 4 0.0459196 -0.0368856 -0.998264 -2.97504
8 2 4 -0.0172929 -0.0412678 -0.998998 -2.98582
6 0 5 0.0418286 0.128083 -0.990881 -2.95096
7 0 5 0.0837418 -0.0156842 -0.996364 -2.9691
8 0 5 0.0320455 -0.147253 -0.98858 -2.9303
6 1 5 -0.0245859 -0.144808 -0.989154 -2.92285
7 1 5 -0.0167494 0.180423 -0.983447 -2.89891
8 1 5 -0.157367 -0.216516 -0.963513 -2.84592
6 2 5 0.102922 -0.107247 -0.988891 -2.94462
7 2 5 -0.00473112 -0.0300186 -0.999538 -2.9815
8 2 5 0.00391908 -0.0015329 -0.999991 -2.96946
0 3 3 0.0647121 0.0867773 -0.994124 -2.97446
1 3 3 0.0690558 -0.0252567 -0.997293 -2.97303
2 3 3 0.263477 0.0499404 -0.963372 -2.87834
0 4 3 0.0776012 0.00737856 -0.996957 -2.98827
1 4 3 -0.0508945 0.061931 -0.996782 -2.97911
2 4 3 -0.0643856 0.10671 -0.992203 -2.9391
0 5 3 -0.000245262 -0.000331886 -1 -2.95619
1 5 3 0.00666179 -0.0309235 -0.9995 -2.99284
2 5 3 0.0366915 -0.0714812 -0.996767 -2.97784
0 3 4 0.121922 0.0748126 -0.989716 -2.95377
1 3 4 -0.0289912 0.0550496 -0.998063 -2.98082
2 3 4 0.0185047 -0.00778417 -0.999798 -2.96145
0 4 4 0.0103709 -0.0111801 -0.999884 -2.98524
1 4 4 -0.0677582 0.054616 -0.996206 -2.97243
2 4 4 0.173298 -0.0218005 -0.984628 -2.9312
0 5 4 0.00299692 -0.0464523 -0.998916 -2.97961
1 5 4 0.0469011 0.0356294 -0.998264 -2.98531
2 5 4 0.0387892 -0.0223041 -0.998998 -2.98803
0 3 5 -0.12643 -0.046588 -0.990881 -2.96247
1 3 5 0.0846961 0.00923326 -0.996364 -2.95534
2 3 5 -0.12226 0.0881069 -0.98858 -2.95693
0 4 5 -0.105947 -0.10173 -0.989154 -2.94303
1 4 5 -0.00272277 0.181178 -0.983447 -2.94214
2 4 5 0.0241646 0.195952 -0.980316 -2.95139
0 5 5 -0.117403 0.15988 -0.98013 -2.91749
1 5 5 -0.0210698 -0.0218989 -0.999538 -2.97621
2 5 5 -0.00417314 -0.000542072 -0.999991 -2.97784
3 3 3 0.1068 0.0176535 -0.994124 -2.96595
4 3 3 0.0254374 0.0689894 -0.997293 -2.98205
5 3 3 -0.0583481 0.135678 -0.989033 -2.94132
3 4 3 -0.0271932 0.0730542 -0.996957 -2.96624
4 4 3 0.0672377 -0.0436439 -0.996782 -2.96037
5 4 3 -0.017564 -0.123385 -0.992203 -2.95805
3 5 3 -0.0423977 -0.143277 -0.988774 -2.96854
4 5 3 0.00832557 0.0305177 -0.9995 -2.98551
5 5 3 0.063993 0.0485873 -0.996767 -2.96492
3 3 4 -0.143003 -0.00347918 -0.989716 -2.93115
4 3 4 -0.0618115 -0.050262 -0.996821 -2.96419
5 3 4 0.0151929 0.0131223 -0.999798 -2.9676
3 4 4 0.0152495 -7.03471e-05 -0.999884 -2.9675
4 4 4 -0.119266 -0.0260335 -0.992521 -2.98062
5 4 4 -0.0159656 -0.00618993 -0.999853 -2.97453
3 5 4 0.0852072 -0.156374 -0.984016 -2.96998
4 5 4 -0.0493432 -0.0321623 -0.998264 -2.96342
5 5 4 -0.0491653 0.00208485 -0.998788 -2.9938
3 3 5 0.041389 0.128226 -0.990881 -2.90262
4 3 5 -0.0696671 -0.332539 -0.940513 -2.81434
5 3 5 0.0459214 -0.143532 -0.98858 -2.9344
3 4 5 -0.0546751 0.136325 -0.989154 -2.95548
4 4 5 -0.17838 -0.0318318 -0.983447 -2.90488
5 4 5 0.106877 -0.245399 -0.963513 -2.91065
3 5 5 0.12014 -0.0875281 -0.988891 -2.94807
4 5 5 0.0124117 -0.0277389 -0.999538 -2.98401
5 5 5 0.00337938 -0.00250773 -0.999991 -2.9644
6 3 3 -0.0516073 -0.0379997 -0.997944 -2.96701
7 3 3 0.00771123 0.0731241 -0.997293 -2.9758
8 3 3 0.128965 0.0719807 -0.989033 -2.93397
6 4 3 -0.057618 0.0525029 -0.996957 -2.9701
7 4 3 -0.0026908 -0.0801153 -0.996782 -2.96524
8 4 3 0.106759 -0.064303 -0.992203 -2.94281
6 5 3 -0.129789 0.0740322 -0.988774 -2.97501
7 5 3 -0.0284371 0.0138555 -0.9995 -2.96203
8 5 3 0.135819 0.304041 -0.942928 -2.83502
6 3 4 0.0413422 0.136941 -0.989716 -2.95386
7 3 4 -0.07673 0.0214344 -0.996821 -2.97703
8 3 4 -0.0182852 -0.00828678 -0.999798 -2.98217
6 4 4 0.0128538 -0.00820551 -0.999884 -2.98418
7 4 4 -0.0372976 0.0786318 -0.996206 -2.97049
8 4 4 -0.0149366 -0.00837344 -0.999853 -2.97699
6 5 4 -0.0384968 -0.0261685 -0.998916 -2.97691
7 5 4 -0.0401052 0.0431363 -0.998264 -2.99611
8 5 4 -0.0491076 -0.0031655 -0.998788 -2.96349
6 3 5 0.09488 0.0956696 -0.990881 -2.94903
7 3 5 0.0833492 -0.0176522 -0.996364 -2.96692
8 3 5 -0.11656 -0.0443366 -0.992194 -2.97682
6 4 5 0.0306638 -0.143644 -0.989154 -2.97258
7 4 5 -0.010379 -0.179242 -0.98375 -2.9384
8 4 5 -0.240846 -0.116776 -0.963513 -2.91271
6 5 5 -0.00778423 -0.198203 -0.98013 -2.92244
7 5 5 -0.00607514 0.0297757 -0.999538 -2.97444
8 5 5 -0.00395969 -0.00142471 -0.999991 -2.96468
0 6 3 -0.070456 -0.0821821 -0.994124 -2.94565
1 6 3 0.0701951 0.0218917 -0.997293 -2.97074
2 6 3 -0.113619 -0.0943602 -0.989033 -2.95831
0 7 3 0.0049889 0.0777914 -0.996957 -2.9617
1 7 3 0.0493697 -0.0631532 -0.996782 -2.96843
2 7 3 -0.0850577 0.0910913 -0.992203 -2.94924
0 8 3 -0.128997 0.0754035 -0.988774 -2.91498
1 8 3 0.0278676 -0.0149679 -0.9995 -2.98727
2 8 3 0.0800554 0.00685249 -0.996767 -2.97104
0 6 4 0.0469661 0.027855 -0.998508 -2.98033
1 6 4 -0.0665963 -0.0437248 -0.996821 -2.98127
2 6 4 0.00670719 -0.0189217 -0.999798 -2.98327
0 7 4 -0.0120914 -0.00929244 -0.999884 -2.98136
1 7 4 -0.0229592 -0.0839461 -0.996206 -2.97531
2 7 4 -0.0130999 0.0110276 -0.999853 -2.99251
0 8 4 0.0288753 -0.175725 -0.984016 -2.94457
1 8 4 -0.000404343 -0.00261259 -0.999997 -2.98777
2 8 4 0.0187587 -0.0454938 -0.998788 -2.98443
0 6 5 0.0692839 -0.115562 -0.990881 -2.95331
1 6 5 -0.0036645 -0.00890916 -0.999954 -2.98
2 6 5 -0.0352306 0.119627 -0.992194 -2.96525
0 7 5 0.144289 0.0274677 -0.989154 -2.96918
1 7 5 0.12289 0.130895 -0.98375 -2.94125
2 7 5 -0.0326002 0.0652749 -0.997335 -2.9823
0 8 5 0.121172 -0.157043 -0.98013 -2.96617
1 8 5 0.0297171 0.00635564 -0.999538 -2.98198
2 8 5 0.00419578 -0.000323103 -0.999991 -2.98101
3 6 3 0.0738509 -0.0791454 -0.994124 -2.97425
4 6 3 0.0454535 0.0577977 -0.997293 -2.96061
5 6 3 0.114203 0.242635 -0.963372 -2.86218
3 7 3 0.0587845 -0.0511935 -0.996957 -2.97604
4 7 3 0.00498096 -0.0800056 -0.996782 -2.96723
5 7 3 -0.0950145 -0.0806516 -0.992203 -2.93666
3 8 3 0.0519901 0.140082 -0.988774 -2.97393
4 8 3 0.00973688 0.0300971 -0.9995 -2.98913
5 8 3 0.0154505 -0.0394312 -0.999103 -2.98732
3 6 4 0.134323 -0.049187 -0.989716 -2.96419
4 6 4 0.248925 -0.10381 -0.962943 -2.89558
5 6 4 0.00891003 -0.0179897 -0.999798 -2.95072
3 7 4 -0.0132419 -0.00756333 -0.999884 -2.97451
4 7 4 -0.0635004 0.0595128 -0.996206 -2.94088
5 7 4 -0.0168467 0.00306671 -0.999853 -2.98563
3 8 4 0.0891662 0.154151 -0.984016 -2.90836
4 8 4 0.00724248 -0.0584526 -0.998264 -2.97451
5 8 4 0.0390116 -0.0299946 -0.998788 -2.9847
3 6 5 -0.0616399 0.119814 -0.990881 -2.93492
4 6 5 0.0820232 0.0230407 -0.996364 -2.97029
5 6 5 0.0506526 0.141932 -0.98858 -2.94532
3 7 5 0.129331 0.0732332 -0.988894 -2.95
4 7 5 0.171944 0.0571689 -0.983447 -2.94547
5 7 5 -0.164671 0.108924 -0.980316 -2.90491
3 8 5 0.00659256 -0.198246 -0.98013 -2.90816
4 8 5 0.0273356 0.0132765 -0.999538 -2.97819
5 8 5 0.00100434 0.00408659 -0.999991 -2.97843
6 6 3 -0.0778529 0.0752122 -0.994124 -2.96104
7 6 3 0.0725616 0.0118915 -0.997293 -2.96292
8 6 3 -0.0708252 0.258646 -0.963372 -2.85503
6 7 3 -0.0288971 0.0723972 -0.996957 -2.98487
7 7 3 -0.074221 0.030281 -0.996782 -2.9787
8 7 3 -0.0771238 -0.0978996 -0.992203 -2.92902
6 8 3 0.0824443 0.0583586 -0.994886 -2.97302
7 8 3 -0.00267105 0.03152 -0.9995 -2.9928
8 8 3 0.0765826 0.0243091 -0.996767 -2.97118
6 6 4 0.142837 -0.0077222 -0.989716 -2.95968
7 6 4 0.0213064 0.0767656 -0.996821 -2.98292
8 6 4 0.0138442 0.0145381 -0.999798 -2.97345
6 7 4 -0.00816332 0.0128807 -0.999884 -2.97727
7 7 4 0.0461069 -0.0738121 -0.996206 -2.97315
8 7 4 -0.00985851 0.0140009 -0.999853 -2.99011
6 8 4 -0.0996425 0.147596 -0.984016 -2.94359
7 8 4 -0.0462902 0.0364196 -0.998264 -2.98685
8 8 4 0.0219223 -0.0390062 -0.998998 -2.98888
6 6 5 0.108269 0.0802036 -0.990881 -2.95709
7 6 5 -0.00886667 -0.00376616 -0.999954 -2.97672
8 6 5 -0.0167164 -0.149769 -0.98858 -2.96261
6 7 5 0.111036 -0.0961507 -0.989154 -2.92034
7 7 5 0.173244 -0.0530967 -0.983447 -2.9662
8 7 5 0.0717204 0.013408 -0.997335 -2.94831
6 8 5 -0.0963483 0.113189 -0.988891 -2.95686
7 8 5 -0.0234622 0.0193138 -0.999538 -2.9811
8 8 5 0.00100479 0.00408648 -0.999991 -2.96434
0 0 6 -0.0421205 0.0483027 -0.997944 -2.96651
1 0 6 -0.027768 -0.0680848 -0.997293 -2.98382
2 0 6 0.132271 -0.0657071 -0.989033 -2.95579
0 1 6 -0.0774397 -0.00891526 -0.996957 -2.97886
1 1 6 -0.0668185 0.0442831 -0.996782 -2.97663
2 1 6 -0.119435 0.0356039 -0.992203 -2.93216
0 2 6 -0.000168866 -0.000376545 -1 -2.98911
1 2 6 0.0248884 0.0195246 -0.9995 -2.99305
2 2 6 0.00336841 0.0802775 -0.996767 -2.98898
0 0 7 -0.0635711 0.128143 -0.989716 -2.96946
1 0 7 -0.0323041 -0.0728242 -0.996821 -2.95192
2 0 7 -0.00428663 -0.0196123 -0.999798 -2.98283
0 1 7 -0.0118596 0.00958646 -0.999884 -2.98525
1 1 7 0.0787582 0.03703 -0.996206 -2.97945
2 1 7 0.0171235 3.44407e-06 -0.999853 -2.96609
0 2 7 -0.0272633 -0.0377294 -0.998916 -2.98414
1 2 7 -0.0203437 0.0552747 -0.998264 -2.99251
2 2 7 -0.0426616 0.0245268 -0.998788 -2.99506
0 0 8 -0.102965 -0.00674413 -0.994662 -2.91938
1 0 8 -0.316835 0.122683 -0.940513 -2.84381
2 0 8 -0.143627 -0.0456226 -0.98858 -2.91645
0 1 8 0.146427 -0.0115304 -0.989154 -2.95405
1 1 8 0.113585 0.141179 -0.983447 -2.91447
2 1 8 0.0117258 0.319789 -0.947416 -2.87001
0 2 8 0.137895 -0.0554943 -0.988891 -2.95614
1 2 8 0.0303446 -0.00164499 -0.999538 -2.98558
2 2 8 0.00420789 5.11131e-05 -0.999991 -2.95703
3 0 6 -0.00653864 0.108052 -0.994124 -2.94781
4 0 6 -0.0467524 -0.0567523 -0.997293 -2.98114
5 0 6 -0.119608 -0.0866431 -0.989033 -2.95853
3 1 6 0.0776727 0.00658295 -0.996957 -2.97513
4 1 6 0.0444321 0.0667195 -0.996782 -2.97214
5 1 6 -0.11826 -0.0393307 -0.992203 -2.9675
3 2 6 0.0191087 0.148192 -0.988774 -2.95886
4 2 6 0.00342415 0.0314471 -0.9995 -2.99252
5 2 6 -0.0257651 -0.0211971 -0.999443 -2.98581
3 0 7 -0.130501 0.0585781 -0.989716 -2.97144
4 0 7 -0.0754715 0.0255144 -0.996821 -2.98799
5 0 7 0.0167188 0.011113 -0.999798 -2.98247
3 1 7 0.0033312 0.0148813 -0.999884 -2.98528
4 1 7 -0.0715301 -0.0495733 -0.996206 -2.9642
5 1 7 0.0161984 -0.00555235 -0.999853 -2.97465
3 2 7 -0.0325113 -0.0333138 -0.998916 -2.96827
4 2 7 0.0588831 -0.00139402 -0.998264 -2.98746
5 2 7 -0.0282987 0.0402587 -0.998788 -2.99163
3 0 8 -0.206841 -0.0325947 -0.977831 -2.96196
4 0 8 -0.0196164 0.0829089 -0.996364 -2.96891
5 0 8 0.108394 0.0616659 -0.992194 -2.97186
3 1 8 -0.104661 0.103053 -0.989154 -2.94261
4 1 8 0.133918 0.122061 -0.983447 -2.93546
5 1 8 0.216848 0.156908 -0.963513 -2.90807
3 2 8 0.1137 0.162534 -0.98013 -2.92322
4 2 8 -0.0218609 0.0211092 -0.999538 -2.97633
5 2 8 0.00375991 0.00188998 -0.999991 -2.97577
6 0 6 0.0785359 0.0744987 -0.994124 -2.95362
7 0 6 0.0512629 -0.0527135 -0.997293 -2.95954
8 0 6 -0.1669 0.209901 -0.963372 -2.81161
6 1 6 -0.0196987 0.0754212 -0.996957 -2.96648
7 1 6 0.0283845 0.0749668 -0.996782 -2.98031
8 1 6 0.111746 -0.0551838 -0.992203 -2.9178
6 2 6 -0.0958191 -0.11465 -0.988774 -2.95724
7 2 6 -0.0188552 -0.0253993 -0.9995 -2.98854
8 2 6 0.0799701 -0.00778527 -0.996767 -2.9856
6 0 7 -0.0738777 0.122491 -0.989716 -2.95279
7 0 7 0.0795324 -0.0046401 -0.996821 -2.97317
8 0 7 -0.00081841 -0.0200586 -0.999798 -2.96376
6 1 7 0.00724372 -0.0134194 -0.999884 -2.98295
7 1 7 -0.0693243 0.0526138 -0.996206 -2.9793
8 1 7 0.00848744 0.0148721 -0.999853 -2.99264
6 2 7 0.0341364 -0.0316465 -0.998916 -2.98728
7 2 7 0.0580509 -0.00996274 -0.998264 -2.97912
8 2 7 0.044784 0.0203954 -0.998788 -2.99563
6 0 8 0.0887504 -0.0526371 -0.994662 -2.94783
7 0 8 -0.0688944 -0.0501224 -0.996364 -2.95821
8 0 8 0.148155 0.0275766 -0.98858 -2.93457
6 1 8 -0.142194 -0.0368058 -0.989154 -2.91499
7 1 8 -0.124664 0.131498 -0.983447 -2.96502
8 1 8 0.0168929 0.0709804 -0.997335 -2.97606
6 2 8 0.0104908 -0.0211869 -0.99972 -2.9836
7 2 8 -0.0290288 -0.00899053 -0.999538 -2.98862
8 2 8 -0.00373709 0.00193471 -0.999991 -2.98845
0 3 6 -0.046943 0.0585038 -0.997183 -2.97962
1 3 6 -0.0562442 0.0473623 -0.997293 -2.98942
2 3 6 -0.0387282 0.142524 -0.989033 -2.9674
0 4 6 0.0445052 -0.0639975 -0.996957 -2.96399
1 4 6 -0.0800972 -0.00318299 -0.996782 -2.97827
2 4 6 0.0393979 -0.00509994 -0.999211 -2.97681
0 5 6 -0.0360669 0.0943502 -0.994886 -2.97029
1 5 6 0.0168895 -0.0267467 -0.9995 -2.98827
2 5 6 0.0792865 0.0130184 -0.996767 -2.97879
0 3 7 -0.142335 -0.0142422 -0.989716 -2.97643
1 3 7 -0.0376846 0.0701911 -0.996821 -2.99129
2 3 7 0.00848738 0.0181929 -0.999798 -2.98369
0 4 7 0.00266421 0.0150151 -0.999884 -2.98267
1 4 7 -0.0866635 0.00796905 -0.996206 -2.97394
2 4 7 0.00809095 0.0150915 -0.999853 -2.98714
0 5 7 -0.137704 0.11292 -0.984016 -2.94637
1 5 7 0.008463 0.0582884 -0.998264 -2.98217
2 5 7 0.00195081 -0.044702 -0.998998 -2.99133
0 3 8 -0.131629 -0.0287876 -0.990881 -2.94784
1 3 8 0.0262914 0.0810398 -0.996364 -2.97195
2 3 8 0.0546848 0.140427 -0.98858 -2.95993
0 4 8 0.0392462 0.0234619 -0.998954 -2.96587
1 4 8 0.156337 -0.091606 -0.983447 -2.94213
2 4 8 0.197118 -0.0112061 -0.980316 -2.95303
0 5 8 -0.107798 -0.101338 -0.988995 -2.96362
1 5 8 -0.0303865 0.000395406 -0.999538 -2.98085
2 5 8 -0.00389701 -0.00158816 -0.999991 -2.9729
3 3 6 -0.0378435 -0.101419 -0.994124 -2.93074
4 3 6 0.0290393 0.0675523 -0.997293 -2.94175
5 3 6 -0.057883 0.135877 -0.989033 -2.93765
3 4 6 0.0284212 0.0725853 -0.996957 -2.97356
4 4 6 0.0631694 0.049349 -0.996782 -2.97521
5 4 6 0.0238846 -0.0317447 -0.999211 -2.97476
3 5 6 0.0568103 -0.138197 -0.988774 -2.97416
4 5 6 0.0133079 -0.0286974 -0.9995 -2.99076
5 5 6 0.0484256 -0.0641154 -0.996767 -2.95827
3 3 7 -0.141863 0.0183521 -0.989716 -2.95593
4 3 7 0.0746324 -0.0278736 -0.996821 -2.9762
5 3 7 0.0163069 -0.011709 -0.999798 -2.98121
3 4 7 0.0125865 -0.00860988 -0.999884 -2.98265
4 4 7 -0.0540768 0.0681893 -0.996206 -2.96424
5 4 7 0.0165329 -0.00445841 -0.999853 -2.9866
3 5 7 0.05468 -0.0929525 -0.994168 -2.97245
4 5 7 0.00686247 -0.0584985 -0.998264 -2.98726
5 5 7 -0.0293954 0.039465 -0.998788 -2.98618
3 3 8 0.0218238 0.132961 -0.990881 -2.96725
4 3 8 0.075466 0.0395419 -0.996364 -2.97086
5 3 8 -0.0976524 0.0775623 -0.992194 -2.94937
3 4 8 0.103166 -0.106987 -0.988894 -2.95514
4 4 8 -0.0219568 -0.179863 -0.983447 -2.91604
5 4 8 0.109849 0.164056 -0.980316 -2.91559
3 5 8 0.160955 0.115925 -0.98013 -2.94964
4 5 8 0.00313137 0.0302274 -0.999538 -2.97791
5 5 8 -0.00417235 0.000548092 -0.999991 -2.97219
6 3 6 0.0905849 -0.0592649 -0.994124 -2.96203
7 3 6 0.00956614 -0.0729047 -0.997293 -2.97605
8 3 6 -0.0763801 -0.0813461 -0.993755 -2.96937
6 4 6 0.0291677 -0.0722886 -0.996957 -2.98279
7 4 6 -0.0798708 0.00680805 -0.996782 -2.9761
8 4 6 -0.00173426 0.124617 -0.992203 -2.93632
6 5 6 0.130589 0.0726104 -0.988774 -2.93367
7 5 6 -0.027834 -0.0150303 -0.9995 -2.98683
8 5 6 -0.0786735 0.0163192 -0.996767 -2.97737
6 3 7 -0.0204952 -0.14157 -0.989716 -2.94516
7 3 7 0.235402 -0.131629 -0.962943 -2.89634
8 3 7 0.016993 -0.0106891 -0.999798 -2.97053
6 4 7 -0.0100362 0.0114815 -0.999884 -2.97865
7 4 7 -0.086621 -0.00841845 -0.996206 -2.90798
8 4 7 0.0167584 0.00351744 -0.999853 -2.98398
6 5 7 -0.115763 0.135322 -0.984016 -2.94218
7 5 7 0.000638895 -0.00256533 -0.999997 -2.98703
8 5 7 -0.0433453 0.0232972 -0.998788 -2.99225
6 3 8 0.036664 0.129656 -0.990881 -2.95174
7 3 8 -0.0059271 -0.0849915 -0.996364 -2.90286
8 3 8 0.0439278 0.100048 -0.994012 -2.96272
6 4 8 0.00762285 0.14843 -0.988894 -2.95108
7 4 8 0.240662 0.322373 -0.915509 -2.77296
8 4 8 0.154354 0.12311 -0.980316 -2.95562
6 5 8 -0.197717 0.0159135 -0.98013 -2.94042
7 5 8 -0.00168668 0.0303423 -0.999538 -2.94925
8 5 8 -0.00162573 -0.00388149 -0.999991 -2.97671
0 6 6 0.0891819 -0.0613559 -0.994124 -2.95014
1 6 6 -0.0498733 -0.0540301 -0.997293 -2.96351
2 6 6 0.247829 0.102445 -0.963372 -2.87591
0 7 6 0.0124466 0.0769511 -0.996957 -2.94178
1 7 6 -0.045776 -0.0658047 -0.996782 -2.96232
2 7 6 -0.0139444 0.123847 -0.992203 -2.95108
0 8 6 0.0430735 -0.0913644 -0.994886 -2.96338
1 8 6 0.0222913 0.0224441 -0.9995 -2.98686
2 8 6 0.0521321 -0.0611398 -0.996767 -2.98266
0 6 7 0.00419285 -0.142984 -0.989716 -2.95492
1 6 7 -0.0789874 -0.0103885 -0.996821 -2.98267
2 6 7 0.00661575 0.0189539 -0.999798 -2.97121
0 7 7 -0.0119169 -0.00951512 -0.999884 -2.98651
1 7 7 -0.0826172 0.0273583 -0.996206 -2.97968
2 7 7 -0.0132586 0.0108363 -0.999853 -2.98597
0 8 7 0.00342414 0.0464227 -0.998916 -2.9817
1 8 7 -0.0185233 -0.0559111 -0.998264 -2.99173
2 8 7 0.00675257 -0.048744 -0.998788 -2.99695
0 6 8 -0.080272 -0.064836 -0.994662 -2.97851
1 6 8 0.0302158 0.0796598 -0.996364 -2.96223
2 6 8 0.0479828 0.115107 -0.992194 -2.97054
0 7 8 -0.13989 -0.0447733 -0.989154 -2.93958
1 7 8 -0.0188929 -0.180211 -0.983447 -2.91458
2 7 8 -0.107679 0.165488 -0.980316 -2.91816
0 8 8 0.121057 0.157132 -0.98013 -2.89365
1 8 8 -0.0282085 -0.011304 -0.999538 -2.95295
2 8 8 0.00200556 0.00369955 -0.999991 -2.94986
3 6 6 -0.044936 -0.098482 -0.994124 -2.93961
4 6 6 -0.0143793 0.0721099 -0.997293 -2.96655
5 6 6 -0.255672 0.0809056 -0.963372 -2.88662
3 7 6 0.0663347 -0.0409402 -0.996957 -2.97852
4 7 6 0.0640553 0.0481935 -0.996782 -2.9753
5 7 6 -0.115929 -0.0457484 -0.992203 -2.9654
3 8 6 0.141147 -0.049024 -0.988774 -2.96853
4 8 6 0.0301871 -0.00945412 -0.9995 -2.98971
5 8 6 -0.0781797 -0.018541 -0.996767 -2.98909
3 6 7 -0.130401 -0.058801 -0.989716 -2.94629
4 6 7 0.0794084 -0.00642075 -0.996821 -2.97429
5 6 7 0.00180405 -0.0199941 -0.999798 -2.96645
3 7 7 0.0103371 0.0112114 -0.999884 -2.98375
4 7 7 -0.0390968 -0.0777529 -0.996206 -2.96938
5 7 7 0.0168077 0.00327375 -0.999853 -2.98258
3 8 7 0.0391995 -0.0251036 -0.998916 -2.97698
4 8 7 0.0487827 0.0330063 -0.998264 -2.98903
5 8 7 0.00828405 0.043971 -0.998998 -2.99091
3 6 8 0.134728 0.00182461 -0.990881 -2.93788
4 6 8 -0.00751374 0.00602872 -0.999954 -2.97708
5 6 8 0.0548138 0.140377 -0.98858 -2.93341
3 7 8 -0.0785103 0.126197 -0.988894 -2.93989
4 7 8 0.150874 -0.100349 -0.983447 -2.93572
5 7 8 0.12583 -0.152145 -0.980316 -2.94595
3 8 8 -0.105399 0.104814 -0.988891 -2.97197
4 8 8 0.0179965 0.0244872 -0.999538 -2.98397
5 8 8 0.00392672 -0.00151321 -0.999991 -2.97478
6 6 6 -2.0255e-05 0.108249 -0.994124 -2.95854
7 6 6 0.0181231 0.0712612 -0.997293 -2.9627
8 6 6 -0.198393 -0.180427 -0.963372 -2.90279
6 7 6 -0.0606301 0.0489936 -0.996957 -2.97129
7 7 6 0.0418086 -0.068394 -0.996782 -2.95551
8 7 6 -0.266991 -0.13954 -0.953543 -2.87702
6 8 6 -0.13979 -0.0527684 -0.988774 -2.94075
7 8 6 0.0288575 0.0129572 -0.9995 -2.96647
8 8 6 -0.11866 -0.228636 -0.966253 -2.87337
6 6 7 -0.0714872 -0.123901 -0.989716 -2.93199
7 6 7 0.00989971 0.0790501 -0.996821 -2.97413
8 6 7 0.0146269 0.0137503 -0.999798 -2.96382
6 7 7 -0.0141023 0.00580315 -0.999884 -2.97729
7 7 7 -0.0404473 -0.077059 -0.996206 -2.98013
8 7 7 -0.0161251 0.00576176 -0.999853 -2.97458
6 8 7 0.0622714 0.16684 -0.984016 -2.91723
7 8 7 0.00660785 -0.0585278 -0.998264 -2.97951
8 8 7 -0.0212448 0.0443873 -0.998788 -2.97364
6 6 8 -0.0616947 0.119786 -0.990881 -2.94661
7 6 8 0.0778669 -0.0345749 -0.996364 -2.96982
8 6 8 0.0198737 -0.149383 -0.98858 -2.94495
6 7 8 0.146823 0.00410027 -0.989154 -2.94928
7 7 8 0.11431 -0.140592 -0.983447 -2.95031
8 7 8 0.0137618 0.0716533 -0.997335 -2.95521
6 8 8 0.0957317 -0.173725 -0.98013 -2.92948
7 8 8 -0.00114733 -0.0519754 -0.998648 -2.98527
8 8 8 -0.00420817 -1.57951e-05 -0.999991 -2.97971
