Position_x Position_y Position_z Spin_x Spin_y Spin_z Spin_energy Temperature n_spins
0 0 0 0.0478022 0.0971231 -0.994124 -2.82072 0.451 729
1 0 0 -0.070733 -0.020086 -0.997293 -2.44237
2 0 0 0.0214058 -0.146133 -0.989033 -2.56333
0 1 0 0.386083 0.340533 -0.857308 -1.9799
1 1 0 0.739016 -0.662679 -0.121288 -0.416988
2 1 0 0.0456002 0.115987 -0.992203 -2.41593
0 2 0 -0.0228458 -0.147662 -0.988774 -2.59713
1 2 0 0.485948 0.596922 -0.638388 -1.64864
2 2 0 0.141255 0.301554 -0.942928 -2.60373
0 0 1 0.359144 -0.376353 -0.854034 -2.26441
1 0 1 0.0529697 -0.0595075 -0.996821 -2.62973
2 0 1 0.574784 0.0156064 -0.818156 -2.51893
0 1 1 -0.752546 0.401063 -0.522325 -1.06593
1 1 1 0.319668 -0.420288 -0.849217 -2.03865
2 1 1 0.173163 0.287083 -0.942124 -2.47188
0 2 1 0.0992973 -0.147828 -0.984016 -2.65443
1 2 1 -0.0154309 0.0568423 -0.998264 -2.71015
2 2 1 -0.159593 -0.14503 -0.976471 -2.69144
0 0 2 0.125182 -0.049843 -0.990881 -2.70338
1 0 2 -0.711935 0.110118 -0.693558 -1.92085
2 0 2 -0.0530041 -0.14107 -0.98858 -2.65434
0 1 2 -0.146032 0.0157651 -0.989154 -2.67935
1 1 2 0.154416 -0.371481 -0.915509 -2.59526
2 1 2 0.0386652 -0.264855 -0.963513 -2.36212
0 2 2 0.115535 -0.161235 -0.98013 -2.94175
1 2 2 0.030242 -0.00298621 -0.999538 -2.92501
2 2 2 -0.00203808 -0.00368173 -0.999991 -2.92575
3 0 0 -0.718804 -0.29904 -0.62761 -1.57699
4 0 0 0.0591384 -0.043695 -0.997293 -2.46779
5 0 0 0.255724 -0.69099 -0.67612 -1.73935
3 1 0 0.506487 0.0921616 -0.857308 -2.14099
4 1 0 -0.0801451 0.00157056 -0.996782 -2.40809
5 1 0 -0.690879 -0.645561 -0.325481 -1.12145
3 2 0 0.00661255 -0.149272 -0.988774 -2.58134
4 2 0 -0.679214 -0.362117 -0.638388 -2.10445
5 2 0 -0.163278 0.199235 -0.966253 -2.34748
3 0 1 0.0195615 0.141702 -0.989716 -2.5551
4 0 1 0.0782535 0.0149436 -0.996821 -2.86968
5 0 1 0.0783271 -0.463519 -0.882618 -2.64297
3 1 1 0.28823 -0.507635 -0.81193 -2.32091
4 1 1 -0.0835672 -0.0243023 -0.996206 -2.84098
5 1 1 -0.23358 -0.240505 -0.942124 -2.67874
3 2 1 -0.253249 -0.592127 -0.765017 -2.37627
4 2 1 -0.0437081 0.0394812 -0.998264 -2.58824
5 2 1 -0.208039 -0.0567755 -0.976471 -2.80193
3 0 2 0.0542141 0.123352 -0.990881 -2.5665
4 0 2 0.480164 0.191026 -0.856126 -2.21176
5 0 2 0.0492967 0.142408 -0.98858 -2.79331
3 1 2 -0.0061524 -0.911915 -0.410333 -1.30478
4 1 2 -0.361646 0.176223 -0.915509 -2.21132
5 1 2 0.149301 -0.222155 -0.963513 -2.78516
3 2 2 0.198312 -0.00417322 -0.98013 -2.51145
4 2 2 0.00378747 -0.0301522 -0.999538 -2.91657
5 2 2 0.00258285 0.00332232 -0.999991 -2.92568
6 0 0 -0.0954838 0.0509979 -0.994124 -2.7551
7 0 0 0.0718865 0.0154576 -0.997293 -2.87618
8 0 0 0.013945 0.267805 -0.963372 -2.73182
6 1 0 -0.0423731 -0.0561257 -0.997524 -2.35226
7 1 0 -0.0729985 0.0331198 -0.996782 -2.83931
8 1 0 0.294377 -0.064012 -0.953543 -2.60346
6 2 0 0.135534 0.0628992 -0.988774 -2.91589
7 2 0 -0.028999 -0.0126374 -0.9995 -2.96329
8 2 0 -0.294493 0.15544 -0.942928 -2.61202
6 0 1 0.14101 0.0240455 -0.989716 -2.10487
7 0 1 0.0790443 -0.00994652 -0.996821 -2.7885
8 0 1 0.0658723 -0.421387 -0.904485 -2.58685
6 1 1 0.00770477 0.0131601 -0.999884 -2.87167
7 1 1 -0.510834 0.133711 -0.849217 -2.63936
8 1 1 -0.237927 0.236205 -0.942124 -2.54375
6 2 1 0.155726 -0.0863868 -0.984016 -2.92414
7 2 1 -0.0028632 0.05883 -0.998264 -2.71309
8 2 1 -0.00821164 -0.215491 -0.976471 -2.78438
6 0 2 -0.506052 -0.840083 0.195378 0.717766
7 0 2 0.0733066 -0.511541 -0.856126 -2.10629
8 0 2 -0.149723 0.017128 -0.98858 -2.75157
6 1 2 0.0802998 -0.122987 -0.989154 -2.34133
7 1 2 -0.205055 0.346114 -0.915509 -2.44615
8 1 2 0.085608 0.253603 -0.963513 -2.87532
6 2 2 0.180881 -0.0814064 -0.98013 -2.88748
7 2 2 -0.238505 -0.47284 -0.848256 -2.24536
8 2 2 0.0031736 -0.00276355 -0.999991 -2.7459
0 3 0 -0.106105 0.0214422 -0.994124 -2.81386
1 3 0 0.0696828 -0.0234713 -0.997293 -2.6736
2 3 0 -0.439227 -0.148712 -0.885982 -2.45458
0 4 0 -0.117305 -0.501261 -0.857308 -2.47302
1 4 0 0.0472311 0.0647683 -0.996782 -2.40562
2 4 0 0.117616 0.277348 -0.953543 -2.74433
0 5 0 -0.0784665 -0.127157 -0.988774 -2.68298
1 5 0 0.465888 0.450197 -0.761756 -2.26492
2 5 0 -0.169903 0.193617 -0.966253 -2.7478
0 3 1 0.113569 0.0869712 -0.989716 -2.8765
1 3 1 0.02124 0.076784 -0.996821 -2.80064
2 3 1 0.136667 -0.558518 -0.818156 -2.47226
0 4 1 -0.0148944 0.00327224 -0.999884 -2.6812
1 4 1 0.208343 0.485204 -0.849217 -2.61405
2 4 1 0.283491 -0.178983 -0.942124 -2.57
0 5 1 -0.543193 -0.417259 -0.728585 -2.3952
1 5 1 0.0510714 -0.0293407 -0.998264 -2.55198
2 5 1 0.0176353 0.214925 -0.976471 -2.81777
0 3 2 0.133857 0.0154052 -0.990881 -2.9514
1 3 2 0.335184 0.0555652 -0.940513 -2.79756
2 3 2 -0.144738 -0.0419675 -0.98858 -2.75443
0 4 2 0.0526283 0.137128 -0.989154 -2.72464
1 4 2 0.0611951 0.458411 -0.886631 -2.67521
2 4 2 0.138592 -0.228988 -0.963513 -2.53061
0 5 2 -0.548874 -0.48649 -0.679754 -1.92137
1 5 2 -0.0103515 -0.0285718 -0.999538 -2.58506
2 5 2 -0.00383762 0.00172674 -0.999991 -2.82082
3 3 0 -0.0384771 0.10118 -0.994124 -2.95151
4 3 0 0.0443519 0.0586473 -0.997293 -2.54068
5 3 0 0.134389 -0.232064 -0.963372 -2.76588
3 4 0 0.0525674 -0.0575592 -0.996957 -2.72217
4 4 0 -0.0451903 -0.0662083 -0.996782 -2.71351
5 4 0 -0.101187 -0.283755 -0.953543 -2.5003
3 5 0 0.14232 0.045508 -0.988774 -2.84406
4 5 0 0.646291 -0.0451175 -0.761756 -2.34009
5 5 0 0.0607571 0.675631 -0.734732 -1.89867
3 3 1 0.141455 -0.0212686 -0.989716 -2.53415
4 3 1 0.567537 0.0629485 -0.820938 -2.61267
5 3 1 0.39888 0.248757 -0.882618 -2.60754
3 4 1 0.83819 0.156892 -0.522325 -1.7178
4 4 1 0.180169 0.496356 -0.849217 -2.48978
5 4 1 0.0401034 0.332857 -0.942124 -2.63871
3 5 1 -0.125156 -0.126686 -0.984016 -2.44245
4 5 1 0.235535 0.0228763 -0.971597 -2.7402
5 5 1 0.215357 0.0111832 -0.976471 -2.47068
3 3 2 0.103476 0.0862992 -0.990881 -2.78874
4 3 2 0.237926 -0.242543 -0.940513 -2.8267
5 3 2 0.122774 -0.0873891 -0.98858 -2.89012
3 4 2 0.0384493 0.772765 -0.633527 -1.80487
4 4 2 0.397861 -0.0595732 -0.915509 -2.53284
5 4 2 0.0214984 -0.266798 -0.963513 -2.64933
3 5 2 0.111701 0.163915 -0.98013 -2.66329
4 5 2 0.762229 0.121022 -0.635894 -2.36187
5 5 2 0.591434 0.233946 -0.771671 -2.52106
6 3 0 -0.0939636 0.0537474 -0.994124 -2.88556
7 3 0 -0.0490047 -0.0548192 -0.997293 -2.72744
8 3 0 0.447609 0.121167 -0.885982 -2.55183
6 4 0 -0.505767 -0.0960322 -0.857308 -2.62606
7 4 0 0.0738528 -0.0311683 -0.996782 -2.673
8 4 0 0.300892 -0.0148168 -0.953543 -2.76171
6 5 0 -0.0387051 -0.144318 -0.988774 -2.3238
7 5 0 0.367929 0.676084 -0.638388 -2.0302
8 5 0 0.0288057 -0.0750071 -0.996767 -2.67287
6 3 1 -0.105333 -0.0967831 -0.989716 -2.66308
7 3 1 0.566002 -0.0755146 -0.820938 -2.53212
8 3 1 0.432373 -0.379044 -0.818156 -2.43432
6 4 1 -0.533253 0.23751 -0.81193 -2.54782
7 4 1 0.0793943 0.0356457 -0.996206 -2.71159
8 4 1 -0.159985 0.29463 -0.942124 -2.48744
6 5 1 -0.447334 0.518706 -0.728585 -2.06455
7 5 1 -0.163239 0.171327 -0.971597 -2.60397
8 5 1 -0.161548 -0.327829 -0.930822 -2.51406
6 3 2 0.134489 -0.00822613 -0.990881 -2.90977
7 3 2 0.378382 0.351959 -0.856126 -2.26905
8 3 2 -0.146777 -0.0341561 -0.98858 -2.64393
6 4 2 0.00607364 -0.146755 -0.989154 -2.5351
7 4 2 -0.0615591 -0.397559 -0.915509 -2.61716
8 4 2 0.263097 -0.0492264 -0.963513 -2.75195
6 5 2 0.477985 0.556296 -0.679754 -2.06437
7 5 2 0.000258284 -0.030388 -0.999538 -2.52063
8 5 2 0.563763 -0.294442 -0.771671 -2.11124
0 6 0 0.0424553 -0.0995766 -0.994124 -2.79418
1 6 0 0.0582362 -0.0448904 -0.997293 -2.72459
2 6 0 0.249232 0.0989811 -0.963372 -2.63498
0 7 0 -0.331672 0.393721 -0.857308 -2.27067
1 7 0 -0.0800607 -0.00399853 -0.996782 -2.74204
2 7 0 -0.059716 -0.705456 -0.706233 -1.803
0 8 0 0.0853808 0.956416 -0.279248 -1.04988
1 8 0 -0.017759 -0.0261775 -0.9995 -2.49835
2 8 0 -0.673623 -0.0800085 -0.734732 -1.95383
0 6 1 0.135187 0.0467593 -0.989716 -2.67657
1 6 1 0.123931 0.557407 -0.820938 -2.47216
2 6 1 0.4263 0.385861 -0.818156 -2.7548
0 7 1 -0.014624 -0.00432313 -0.999884 -2.64235
1 7 1 -0.0735471 0.0465284 -0.996206 -2.85348
2 7 1 0.0854513 0.324192 -0.942124 -2.52899
0 8 1 0.174172 -0.0371129 -0.984016 -2.56248
1 8 1 -0.0483455 -0.0336433 -0.998264 -2.96626
2 8 1 0.178159 -0.121503 -0.976471 -2.63839
0 6 2 -0.07932 -0.108918 -0.990881 -2.58161
1 6 2 0.285083 -0.184832 -0.940513 -2.64385
2 6 2 0.144471 -0.0428765 -0.98858 -2.85422
0 7 2 0.14058 -0.0425574 -0.989154 -2.81013
1 7 2 -0.0289878 0.401251 -0.915509 -2.65599
2 7 2 -0.257356 0.073563 -0.963513 -2.36579
0 8 2 0.198352 0.00120092 -0.98013 -2.95046
1 8 2 0.0294464 -0.00751039 -0.999538 -2.78214
2 8 2 -1.7111e-05 0.00420816 -0.999991 -2.95241
3 6 0 -0.108237 0.00161312 -0.994124 -2.82552
4 6 0 -0.0699303 0.0227235 -0.997293 -2.75157
5 6 0 -0.0196769 -0.146376 -0.989033 -2.68299
3 7 0 0.0231352 -0.0744389 -0.996957 -2.33897
4 7 0 -0.0494197 0.0631142 -0.996782 -2.72467
5 7 0 0.272848 -0.127709 -0.953543 -2.77966
3 8 0 -0.713687 -0.696164 0.0775067 -1.16683
4 8 0 -0.382333 -0.668044 -0.638388 -1.84548
5 8 0 -0.0337454 -0.0729183 -0.996767 -2.6662
3 6 1 0.505303 0.123671 -0.854034 -2.58302
4 6 1 0.0784087 -0.0141067 -0.996821 -2.81292
5 6 1 -0.448532 0.140727 -0.882618 -2.55154
3 7 1 -0.0151218 0.00197007 -0.999884 -2.87562
4 7 1 0.0856238 0.0155768 -0.996206 -2.88833
5 7 1 -0.230737 0.243233 -0.942124 -2.72555
3 8 1 -0.0721529 0.16281 -0.984016 -2.3807
4 8 1 -0.0458522 0.0369694 -0.998264 -2.58364
5 8 1 -0.212823 -0.0347859 -0.976471 -2.78403
3 6 2 0.113082 0.0732627 -0.990881 -2.88352
4 6 2 -0.267808 -0.209079 -0.940513 -2.53158
5 6 2 -0.0888081 -0.121751 -0.98858 -2.67834
3 7 2 0.137991 -0.0503237 -0.989154 -2.85058
4 7 2 -0.352474 -0.19392 -0.915509 -2.61482
5 7 2 -0.0306323 -0.265904 -0.963513 -2.77184
3 8 2 -0.121103 0.157096 -0.98013 -2.78803
4 8 2 -0.664439 0.526814 -0.530082 -1.59372
5 8 2 -0.00363541 0.0021196 -0.999991 -2.54435
6 6 0 -0.104797 0.0271223 -0.994124 -2.90109
7 6 0 -0.0147631 0.0720323 -0.997293 -2.73296
8 6 0 -0.372614 0.276033 -0.885982 -2.28872
6 7 0 -0.035556 -0.0693697 -0.996957 -2.95169
7 7 0 -0.0800119 0.00487862 -0.996782 -2.8663
8 7 0 -0.273964 -0.125297 -0.953543 -2.61076
6 8 0 0.116806 -0.0931781 -0.988774 -2.77096
7 8 0 -0.0257311 0.0183998 -0.9995 -2.95201
8 8 0 0.318174 -0.0982513 -0.942928 -2.74699
6 6 1 -0.184169 -0.486526 -0.854034 -2.30463
7 6 1 -0.266914 -0.038693 -0.962943 -2.67302
8 6 1 0.463156 -0.0804505 -0.882618 -1.92903
6 7 1 0.00557386 0.0141945 -0.999884 -2.67643
7 7 1 -0.486157 -0.20611 -0.849217 -2.47741
8 7 1 -0.884986 -0.0837481 -0.458025 -1.34536
6 8 1 -0.504543 0.463249 -0.728585 -2.21249
7 8 1 0.0574215 -0.0131126 -0.998264 -2.74782
8 8 1 0.195364 -0.091304 -0.976471 -2.58475
6 6 2 -0.0576003 0.121808 -0.990881 -2.40194
7 6 2 -0.568673 -0.442254 -0.693558 -2.00879
8 6 2 -0.100848 -0.111982 -0.98858 -2.58413
6 7 2 0.0373794 0.142045 -0.989154 -2.77656
7 7 2 0.188765 0.355261 -0.915509 -2.29152
8 7 2 0.059867 -0.260882 -0.963513 -2.50278
6 8 2 -0.187507 0.709067 -0.679754 -2.19557
7 8 2 0.00724174 0.0295137 -0.999538 -2.73224
8 8 2 -0.00302049 0.00293011 -0.999991 -2.82193
0 0 3 -0.0250686 -0.105307 -0.994124 -2.88454
1 0 3 -0.0591329 0.0437024 -0.997293 -2.77498
2 0 3 0.393559 -0.245249 -0.885982 -2.50632
0 1 3 -0.039177 0.067391 -0.996957 -2.70208
1 1 3 0.0677583 -0.0428313 -0.996782 -2.58854
2 1 3 0.933886 0.148051 -0.325481 -1.57274
0 2 3 -0.0565891 -0.138288 -0.988774 -2.7544
1 2 3 -0.0105899 -0.0298077 -0.9995 -2.95821
2 2 3 0.103611 0.316469 -0.942928 -2.421
0 0 4 -0.136578 -0.0425264 -0.989716 -2.61799
1 0 4 0.0754847 0.0254753 -0.996821 -2.85758
2 0 4 -0.0142031 -0.0141877 -0.999798 -2.82838
0 1 4 -0.488519 -0.698947 -0.522325 -1.54347
1 1 4 0.527164 -0.0304541 -0.849217 -2.38762
2 1 4 0.315077 0.114582 -0.942124 -2.64804
0 2 4 -0.10987 0.140149 -0.984016 -2.56373
1 2 4 0.0272504 -0.0522166 -0.998264 -2.83903
2 2 4 -0.154817 -0.150118 -0.976471 -2.65167
0 0 5 0.0636537 -0.118756 -0.990881 -2.47116
1 0 5 0.142901 0.496616 -0.856126 -2.54026
2 0 5 0.121948 -0.0885378 -0.98858 -2.7722
0 1 5 -0.0195651 -0.996827 -0.0771515 -0.709613
1 1 5 0.377924 0.137898 -0.915509 -2.16959
2 1 5 0.183875 0.194508 -0.963513 -2.9367
0 2 5 -0.147119 0.0212334 -0.988891 -2.41299
1 2 5 -0.112252 -0.517553 -0.848256 -2.5152
2 2 5 -0.0031591 -0.00278011 -0.999991 -2.85103
3 0 3 0.00742858 0.107994 -0.994124 -2.76318
4 0 3 -0.0244178 0.0693568 -0.997293 -2.89803
5 0 3 -0.22422 0.147104 -0.963372 -2.74748
3 1 3 0.506134 0.0940806 -0.857308 -2.20707
4 1 3 -0.0624758 -0.0502242 -0.996782 -2.75752
5 1 3 -0.0801952 -0.290386 -0.953543 -2.70513
3 2 3 -0.0205914 0.147993 -0.988774 -2.75407
4 2 3 0.00538415 -0.0311714 -0.9995 -2.95331
5 2 3 0.0364015 0.331002 -0.942928 -2.61373
3 0 4 0.318377 -0.411414 -0.854034 -2.39198
4 0 4 -0.239571 0.123878 -0.962943 -2.50316
5 0 4 0.312208 -0.351442 -0.882618 -2.58167
3 1 4 -0.0148135 0.00362094 -0.999884 -2.60526
4 1 4 0.168378 0.500478 -0.849217 -2.12841
5 1 4 0.30017 0.149333 -0.942124 -2.64678
3 2 4 -0.678225 0.0957803 -0.728585 -2.10315
4 2 4 0.0577902 -0.0113777 -0.998264 -2.72307
5 2 4 -0.180435 -0.118097 -0.976471 -2.60157
3 0 5 -0.0972994 -0.0932079 -0.990881 -2.83341
4 0 5 -0.199401 -0.476747 -0.856126 -2.31855
5 0 5 0.116384 -0.0447965 -0.992194 -2.79656
3 1 5 0.116092 0.0899813 -0.989154 -2.46443
4 1 5 -0.899455 -0.290024 -0.326906 -0.88958
5 1 5 0.00556755 -0.267605 -0.963513 -2.51548
3 2 5 0.159843 0.117453 -0.98013 -2.77549
4 2 5 -0.0238822 -0.018792 -0.999538 -2.59034
5 2 5 -0.00281941 -0.00312407 -0.999991 -2.69442
6 0 3 0.103119 0.0329308 -0.994124 -2.89004
7 0 3 0.0730526 -0.00836198 -0.997293 -2.8428
8 0 3 -0.153795 0.437473 -0.885982 -2.67401
6 1 3 0.0779407 0.00128017 -0.996957 -2.95777
7 1 3 -0.0674265 -0.0433517 -0.996782 -2.85026
8 1 3 0.0881946 0.288058 -0.953543 -2.80295
6 2 3 0.0993089 0.111641 -0.988774 -2.82939
7 2 3 -0.0203955 -0.0241799 -0.9995 -2.77653
8 2 3 0.244866 0.632621 -0.734732 -1.99063
6 0 4 0.345564 -0.388859 -0.854034 -2.61991
7 0 4 0.0883987 -0.254806 -0.962943 -2.75727
8 0 4 -0.574854 0.0127811 -0.818156 -2.34385
6 1 4 0.0150485 0.00246832 -0.999884 -2.68718
7 1 4 -0.185715 -0.494307 -0.849217 -2.69024
8 1 4 0.223863 -0.249575 -0.942124 -2.42132
6 2 4 0.654367 -0.202404 -0.728585 -2.20256
7 2 4 0.0459196 -0.0368856 -0.998264 -2.78304
8 2 4 0.127946 -0.17359 -0.976471 -2.66716
6 0 5 0.0418286 0.128083 -0.990881 -2.80316
7 0 5 -0.0666626 -0.333154 -0.940513 -2.86372
8 0 5 0.0320455 -0.147253 -0.98858 -2.76924
6 1 5 -0.0245859 -0.144808 -0.989154 -2.88652
7 1 5 -0.185971 -0.356732 -0.915509 -2.86913
8 1 5 -0.157367 -0.216516 -0.963513 -2.52943
6 2 5 0.167218 0.106692 -0.98013 -2.82251
7 2 5 -0.00473112 -0.0300186 -0.999538 -2.87959
8 2 5 0.00391908 -0.0015329 -0.999991 -2.80118
0 3 3 0.0647121 0.0867773 -0.994124 -2.79401
1 3 3 0.0690558 -0.0252567 -0.997293 -2.90348
2 3 3 -0.224777 -0.405599 -0.885982 -2.43015
0 4 3 0.0776012 0.00737856 -0.996957 -2.71191
1 4 3 -0.0508945 0.061931 -0.996782 -2.72735
2 4 3 0.296555 -0.0530161 -0.953543 -2.54114
0 5 3 0.0288361 0.361079 -0.932089 -2.27025
1 5 3 -0.579591 -0.506493 -0.638388 -1.90938
2 5 3 -0.306979 -0.604924 -0.734732 -2.3551
0 3 4 -0.287802 -0.433354 -0.854034 -2.52064
1 3 4 -0.0763614 -0.0227126 -0.996821 -2.83008
2 3 4 -0.50153 0.281227 -0.818156 -2.4214
0 4 4 0.395379 -0.755548 -0.522325 -1.23712
1 4 4 -0.0677582 0.054616 -0.996206 -2.64257
2 4 4 -0.319697 0.100975 -0.942124 -2.64084
0 5 4 0.195445 0.656479 -0.728585 -1.98684
1 5 4 0.0469011 0.0356294 -0.998264 -2.43242
2 5 4 0.16237 -0.141914 -0.976471 -2.63776
0 3 5 -0.12643 -0.046588 -0.990881 -2.70075
1 3 5 -0.21891 -0.300356 -0.928367 -2.78428
2 3 5 -0.12226 0.0881069 -0.98858 -2.81086
0 4 5 -0.105947 -0.10173 -0.989154 -2.61892
1 4 5 0.327352 -0.233845 -0.915509 -2.53579
2 4 5 -0.141796 0.227018 -0.963513 -2.83879
0 5 5 -0.117403 0.15988 -0.98013 -2.54602
1 5 5 0.843544 -0.0862909 -0.530082 -1.92008
2 5 5 -0.00417314 -0.000542072 -0.999991 -2.6897
3 3 3 0.1068 0.0176535 -0.994124 -2.82453
4 3 3 0.0254374 0.0689894 -0.997293 -2.86723
5 3 3 0.193314 -0.421504 -0.885982 -2.55661
3 4 3 -0.0271932 0.0730542 -0.996957 -2.67469
4 4 3 0.0672377 -0.0436439 -0.996782 -2.78074
5 4 3 0.294123 0.0651691 -0.953543 -2.68341
3 5 3 -0.0423977 -0.143277 -0.988774 -2.62668
4 5 3 0.617243 0.196822 -0.761756 -2.44343
5 5 3 0.625728 -0.26198 -0.734732 -2.46077
3 3 4 -0.0590965 -0.516849 -0.854034 -2.28163
4 3 4 -0.225471 0.147997 -0.962943 -2.44983
5 3 4 -0.395909 -0.416985 -0.818156 -2.34712
3 4 4 -0.0691136 -0.579649 -0.81193 -2.41179
4 4 4 0.522891 0.0735868 -0.849217 -2.36045
5 4 4 -0.131149 0.308548 -0.942124 -2.46383
3 5 4 -0.0327143 -0.684173 -0.728585 -2.37812
4 5 4 -0.0493432 -0.0321623 -0.998264 -2.42775
5 5 4 -0.0491653 0.00208485 -0.998788 -2.60788
3 3 5 0.041389 0.128226 -0.990881 -2.74744
4 3 5 0.237383 -0.459018 -0.856126 -2.56257
5 3 5 0.348281 -0.586979 -0.730859 -2.10709
3 4 5 -0.0546751 0.136325 -0.989154 -2.73938
4 4 5 0.352065 -0.194661 -0.915509 -2.45775
5 4 5 0.0376414 0.368337 -0.92893 -2.37583
3 5 5 -0.162405 0.113884 -0.98013 -2.63255
4 5 5 0.00744942 0.77174 -0.635894 -1.75509
5 5 5 0.00337938 -0.00250773 -0.999991 -2.63278
6 3 3 -0.038103 -0.101322 -0.994124 -2.80748
7 3 3 0.00771123 0.0731241 -0.997293 -2.82177
8 3 3 0.0276775 -0.462893 -0.885982 -2.39745
6 4 3 0.0656443 0.510601 -0.857308 -2.41538
7 4 3 -0.0026908 -0.0801153 -0.996782 -2.76238
8 4 3 0.212627 -0.213413 -0.953543 -2.77122
6 5 3 -0.129789 0.0740322 -0.988774 -2.30871
7 5 3 -0.0284371 0.0138555 -0.9995 -2.96203
8 5 3 0.135819 0.304041 -0.942928 -2.7101
6 3 4 0.0413422 0.136941 -0.989716 -2.57955
7 3 4 -0.181074 -0.199881 -0.962943 -2.67069
8 3 4 -0.409188 -0.403962 -0.818156 -2.36461
6 4 4 0.579632 -0.0692606 -0.81193 -1.51876
7 4 4 -0.356798 0.389262 -0.849217 -2.40264
8 4 4 -0.325584 0.0799829 -0.942124 -2.43381
6 5 4 -0.293982 -0.572996 -0.765017 -2.12712
7 5 4 -0.0401052 0.0431363 -0.998264 -2.73662
8 5 4 -0.0491076 -0.0031655 -0.998788 -2.71422
6 3 5 0.09488 0.0956696 -0.990881 -2.41967
7 3 5 0.486247 -0.174963 -0.856126 -2.44681
8 3 5 0.459928 0.504293 -0.730859 -1.79285
6 4 5 -0.660059 0.629245 -0.410333 -1.04868
7 4 5 0.0797142 0.39432 -0.915509 -2.37369
8 4 5 -0.240846 -0.116776 -0.963513 -2.57338
6 5 5 -0.00778423 -0.198203 -0.98013 -2.42154
7 5 5 -0.5085 0.14795 -0.848256 -2.06314
8 5 5 -0.00395969 -0.00142471 -0.999991 -2.63164
0 6 3 -0.0517411 0.788537 -0.612806 -1.95627
1 6 3 0.0701951 0.0218917 -0.997293 -2.55121
2 6 3 0.143611 -0.226473 -0.963372 -2.59055
0 7 3 -0.40225 -0.321276 -0.857308 -2.17788
1 7 3 0.0493697 -0.0631532 -0.996782 -2.50518
2 7 3 0.561883 -0.760493 -0.325481 -0.920791
0 8 3 -0.128997 0.0754035 -0.988774 -2.65663
1 8 3 0.0278676 -0.0149679 -0.9995 -2.98546
2 8 3 0.0800554 0.00685249 -0.996767 -2.62989
0 6 4 0.0602153 0.129754 -0.989716 -2.67138
1 6 4 0.168356 0.210705 -0.962943 -2.70332
2 6 4 0.44382 0.154949 -0.882618 -2.6184
0 7 4 -0.0120914 -0.00929244 -0.999884 -2.68398
1 7 4 0.526981 -0.0334745 -0.849217 -2.39541
2 7 4 -0.2641 0.206527 -0.942124 -2.09979
0 8 4 -0.322572 -0.604244 -0.728585 -2.22236
1 8 4 -0.0538302 0.0239055 -0.998264 -2.76384
2 8 4 0.0187587 -0.0454938 -0.998788 -2.82238
0 6 5 0.0692839 -0.115562 -0.990881 -2.73484
1 6 5 0.390342 -0.605484 -0.693558 -1.90017
2 6 5 -0.1426 0.0487398 -0.98858 -2.64822
0 7 5 0.144289 0.0274677 -0.989154 -2.87961
1 7 5 -0.120375 0.383865 -0.915509 -2.30214
2 7 5 -0.207256 -0.169376 -0.963513 -2.80228
0 8 5 0.121172 -0.157043 -0.98013 -2.83926
1 8 5 0.0297171 0.00635564 -0.999538 -2.87761
2 8 5 0.00419578 -0.000323103 -0.999991 -2.83137
3 6 3 0.0738509 -0.0791454 -0.994124 -2.97622
4 6 3 0.0454535 0.0577977 -0.997293 -2.77951
5 6 3 0.459 -0.0659899 -0.885982 -2.30332
3 7 3 0.0587845 -0.0511935 -0.996957 -2.68451
4 7 3 0.00498096 -0.0800056 -0.996782 -2.91623
5 7 3 -0.255813 0.159108 -0.953543 -2.6385
3 8 3 0.0519901 0.140082 -0.988774 -2.8683
4 8 3 0.00973688 0.0300971 -0.9995 -2.73437
5 8 3 -0.218568 0.251228 -0.942928 -2.85096
3 6 4 0.134323 -0.049187 -0.989716 -2.80995
4 6 4 0.248925 -0.10381 -0.962943 -2.74742
5 6 4 0.549555 -0.169146 -0.818156 -2.43796
3 7 4 -0.0132419 -0.00756333 -0.999884 -2.81726
4 7 4 -0.0635004 0.0595128 -0.996206 -2.87575
5 7 4 0.257934 0.214179 -0.942124 -2.59195
3 8 4 0.639819 0.244531 -0.728585 -2.17376
4 8 4 0.00724248 -0.0584526 -0.998264 -2.65806
5 8 4 0.0390116 -0.0299946 -0.998788 -2.87345
3 6 5 -0.0616399 0.119814 -0.990881 -2.85102
4 6 5 -0.510358 -0.0811356 -0.856126 -2.31701
5 6 5 0.0506526 0.141932 -0.98858 -2.68111
3 7 5 -0.134079 -0.0599716 -0.989154 -2.83723
4 7 5 -0.203754 -0.346882 -0.915509 -2.54768
5 7 5 0.241117 -0.116215 -0.963513 -2.8535
3 8 5 0.00659256 -0.198246 -0.98013 -2.64869
4 8 5 0.685691 -0.354212 -0.635894 -1.89754
5 8 5 0.00100434 0.00408659 -0.999991 -2.65054
6 6 3 -0.777258 -0.0444446 -0.62761 -1.68509
7 6 3 0.0725616 0.0118915 -0.997293 -2.51303
8 6 3 -0.0246027 0.463066 -0.885982 -2.75284
6 7 3 0.080121 0.508531 -0.857308 -2.37119
7 7 3 -0.074221 0.030281 -0.996782 -2.84292
8 7 3 0.235474 0.187903 -0.953543 -2.46667
6 8 3 0.000439808 -0.149418 -0.988774 -2.57253
7 8 3 -0.00267105 0.03152 -0.9995 -2.86491
8 8 3 -0.356731 0.576985 -0.734732 -2.37687
6 6 4 -0.319875 0.410251 -0.854034 -2.16637
7 6 4 -0.269541 -0.00938283 -0.962943 -2.67749
8 6 4 -0.168177 0.549852 -0.818156 -2.23775
6 7 4 -0.20486 0.827774 -0.522325 -1.92038
7 7 4 0.0461069 -0.0738121 -0.996206 -2.59724
8 7 4 -0.257741 -0.214411 -0.942124 -2.65043
6 8 4 -0.0996425 0.147596 -0.984016 -2.62858
7 8 4 -0.0462902 0.0364196 -0.998264 -2.96374
8 8 4 -0.00370379 0.0490699 -0.998788 -2.60602
6 6 5 0.108269 0.0802036 -0.990881 -2.67186
7 6 5 -0.328094 -0.641351 -0.693558 -2.04825
8 6 5 -0.200557 -0.652397 -0.730859 -2.20591
6 7 5 0.111036 -0.0961507 -0.989154 -2.60762
7 7 5 -0.146122 0.374821 -0.915509 -2.44096
8 7 5 -0.263002 -0.0497303 -0.963513 -2.77509
6 8 5 0.18059 -0.0820516 -0.98013 -2.90104
7 8 5 -0.0234622 0.0193138 -0.999538 -2.79154
8 8 5 0.00100479 0.00408648 -0.999991 -2.93536
0 0 6 0.048187 0.0969328 -0.994124 -2.86395
1 0 6 -0.027768 -0.0680848 -0.997293 -2.80808
2 0 6 -0.206557 0.415174 -0.885982 -2.49793
0 1 6 0.493664 -0.146009 -0.857308 -2.09065
1 1 6 -0.0668185 0.0442831 -0.996782 -2.81257
2 1 6 0.266842 0.139824 -0.953543 -2.46616
0 2 6 -0.205483 -0.298305 -0.932089 -2.63627
1 2 6 0.0248884 0.0195246 -0.9995 -2.83916
2 2 6 -0.175711 -0.282867 -0.942928 -2.74832
0 0 7 -0.0635711 0.128143 -0.989716 -2.69036
1 0 7 0.190938 -0.190481 -0.962943 -2.76281
2 0 7 -0.00428663 -0.0196123 -0.999798 -2.63146
0 1 7 0.214921 -0.542752 -0.81193 -2.34834
1 1 7 0.0787582 0.03703 -0.996206 -2.59935
2 1 7 0.343274 0.819985 -0.458025 -1.35585
0 2 7 -0.261526 -0.633062 -0.728585 -2.34983
1 2 7 -0.0203437 0.0552747 -0.998264 -2.5784
2 2 7 -0.0426616 0.0245268 -0.998788 -2.39653
0 0 8 -0.0717557 -0.114044 -0.990881 -2.80376
1 0 8 0.0679873 0.512275 -0.856126 -2.50765
2 0 8 -0.143627 -0.0456226 -0.98858 -2.82862
0 1 8 0.146427 -0.0115304 -0.989154 -2.76539
1 1 8 0.0106603 0.402156 -0.915509 -1.94214
2 1 8 0.235394 -0.127409 -0.963513 -2.30894
0 2 8 0.137895 -0.0554943 -0.988891 -2.65156
1 2 8 0.797284 -0.288704 -0.530082 -1.23769
2 2 8 -0.597493 0.218006 -0.771671 -1.72884
3 0 6 -0.00653864 0.108052 -0.994124 -2.86074
4 0 6 -0.0467524 -0.0567523 -0.997293 -2.86156
5 0 6 -0.198713 -0.418985 -0.885982 -2.61354
3 1 6 -0.506672 0.09114 -0.857308 -2.52184
4 1 6 0.0444321 0.0667195 -0.996782 -2.51923
5 1 6 -0.158332 0.256294 -0.953543 -2.45039
3 2 6 0.0191087 0.148192 -0.988774 -2.73106
4 2 6 0.00342415 0.0314471 -0.9995 -2.86016
5 2 6 -0.676829 0.0455131 -0.734732 -2.30119
3 0 7 -0.130501 0.0585781 -0.989716 -2.87236
4 0 7 0.268831 0.0216847 -0.962943 -2.7925
5 0 7 0.269186 -0.508094 -0.818156 -2.21614
3 1 7 -0.579008 0.0742991 -0.81193 -2.06376
4 1 7 -0.0715301 -0.0495733 -0.996206 -2.80884
5 1 7 0.324255 -0.0852125 -0.942124 -2.74236
3 2 7 0.593848 0.249186 -0.765017 -2.22952
4 2 7 0.0588831 -0.00139402 -0.998264 -2.68074
5 2 7 -0.0282987 0.0402587 -0.998788 -2.61289
3 0 8 0.134737 0.000845946 -0.990881 -2.50504
4 0 8 -0.0196164 0.0829089 -0.996364 -2.69654
5 0 8 -0.375917 0.569676 -0.730859 -1.58874
3 1 8 -0.104661 0.103053 -0.989154 -2.74372
4 1 8 -0.392356 0.0888788 -0.915509 -2.64159
5 1 8 0.216848 0.156908 -0.963513 -2.07503
3 2 8 0.1137 0.162534 -0.98013 -2.48359
4 2 8 -0.463819 -0.616855 -0.635894 -1.79981
5 2 8 0.00375991 0.00188998 -0.999991 -2.76941
6 0 6 -0.00300607 -0.387238 -0.921975 -2.78473
7 0 6 0.0512629 -0.0527135 -0.997293 -2.76373
8 0 6 -0.168413 0.432057 -0.885982 -2.6238
6 1 6 0.0560991 -0.511738 -0.857308 -2.58491
7 1 6 0.0283845 0.0749668 -0.996782 -2.81932
8 1 6 -0.217573 0.208369 -0.953543 -2.71031
6 2 6 -0.0958191 -0.11465 -0.988774 -2.67309
7 2 6 -0.0188552 -0.0253993 -0.9995 -2.96737
8 2 6 -0.262337 -0.205102 -0.942928 -2.7542
6 0 7 -0.0738777 0.122491 -0.989716 -2.61288
7 0 7 0.0795324 -0.0046401 -0.996821 -2.82056
8 0 7 -0.199192 0.425802 -0.882618 -2.775
6 1 7 0.00724372 -0.0134194 -0.999884 -2.46204
7 1 7 -0.0693243 0.0526138 -0.996206 -2.90465
8 1 7 -0.109553 0.31686 -0.942124 -2.67997
6 2 7 -0.645238 0.229851 -0.728585 -2.03517
7 2 7 0.0580509 -0.00996274 -0.998264 -2.82317
8 2 7 0.044784 0.0203954 -0.998788 -2.72814
6 0 8 0.0955434 0.0950071 -0.990881 -2.48859
7 0 8 -0.465904 -0.223566 -0.856126 -2.32855
8 0 8 0.148155 0.0275766 -0.98858 -2.72702
6 1 8 0.825023 0.38854 -0.410333 -1.44508
7 1 8 0.387005 -0.109863 -0.915509 -2.36922
8 1 8 -0.253852 -0.0848689 -0.963513 -2.67251
6 2 8 -0.136086 0.0597946 -0.988891 -2.53242
7 2 8 -0.0290288 -0.00899053 -0.999538 -2.87019
8 2 8 -0.00373709 0.00193471 -0.999991 -2.94216
0 3 6 -0.0255268 0.386407 -0.921975 -2.52475
1 3 6 -0.0562442 0.0473623 -0.997293 -2.84247
2 3 6 -0.0726274 -0.457997 -0.885982 -2.44474
0 4 6 -0.29937 0.418809 -0.857308 -2.65772
1 4 6 -0.0800972 -0.00318299 -0.996782 -2.65199
2 4 6 0.0797553 0.290507 -0.953543 -2.65592
0 5 6 -0.0745052 0.129518 -0.988774 -2.47011
1 5 6 0.499682 -0.585473 -0.638388 -1.98808
2 5 6 0.0034911 -0.33298 -0.942928 -2.67335
0 3 7 -0.519186 -0.0327385 -0.854034 -2.25587
1 3 7 0.166092 0.212494 -0.962943 -2.63216
2 3 7 -0.574797 0.0151232 -0.818156 -2.31938
0 4 7 0.317602 0.489795 -0.81193 -1.89671
1 4 7 -0.0866635 0.00796905 -0.996206 -2.54395
2 4 7 -0.305378 0.13837 -0.942124 -2.83924
0 5 7 0.0511084 0.597881 -0.799954 -2.61823
1 5 7 0.008463 0.0582884 -0.998264 -2.60385
2 5 7 -0.0445424 -0.0209177 -0.998788 -2.73152
0 3 8 -0.131629 -0.0287876 -0.990881 -2.58757
1 3 8 0.254953 0.449496 -0.856126 -1.89366
2 3 8 -0.520203 -0.441852 -0.730859 -1.9882
0 4 8 -0.724442 -0.563312 -0.39732 -1.03073
1 4 8 -0.757876 0.564586 -0.326906 -1.08593
2 4 8 -0.055995 0.26174 -0.963513 -2.51114
0 5 8 -0.198356 -4.79622e-05 -0.98013 -2.48155
1 5 8 0.381596 0.487829 -0.785116 -2.21771
2 5 8 -0.00389701 -0.00158816 -0.999991 -2.83997
3 3 6 0.368612 0.118689 -0.921975 -2.70462
4 3 6 0.0290393 0.0675523 -0.997293 -2.86966
5 3 6 -0.057883 0.135877 -0.989033 -2.49779
3 4 6 0.115786 0.501614 -0.857308 -2.65052
4 4 6 0.0631694 0.049349 -0.996782 -2.78449
5 4 6 -0.116369 0.277874 -0.953543 -2.69019
3 5 6 0.0568103 -0.138197 -0.988774 -2.61311
4 5 6 0.615896 0.200999 -0.761756 -2.3604
5 5 6 0.588325 0.337703 -0.734732 -2.23476
3 3 7 0.351119 0.383851 -0.854034 -2.5726
4 3 7 0.17435 0.205773 -0.962943 -2.65089
5 3 7 0.0266396 -0.574379 -0.818156 -2.32076
3 4 7 0.0125865 -0.00860988 -0.999884 -2.68359
4 4 7 -0.0540768 0.0681893 -0.996206 -2.86502
5 4 7 0.18414 -0.280169 -0.942124 -2.66339
3 5 7 0.350602 -0.588423 -0.728585 -2.06983
4 5 7 0.00686247 -0.0584985 -0.998264 -2.58009
5 5 7 -0.0293954 0.039465 -0.998788 -2.61676
3 3 8 0.0218238 0.132961 -0.990881 -2.61466
4 3 8 0.695465 -0.187898 -0.693558 -1.90849
5 3 8 -0.0963301 -0.115891 -0.98858 -2.68062
3 4 8 0.0171503 0.145876 -0.989154 -2.89946
4 4 8 0.139388 -0.377377 -0.915509 -2.53192
5 4 8 -0.0952667 0.250135 -0.963513 -2.566
3 5 8 0.160955 0.115925 -0.98013 -2.67269
4 5 8 0.66299 -0.395073 -0.635894 -2.33517
5 5 8 -0.00417235 0.000548092 -0.999991 -2.65004
6 3 6 -0.269016 -0.278554 -0.921975 -2.60187
7 3 6 0.00956614 -0.0729047 -0.997293 -2.83836
8 3 6 0.39723 -0.239258 -0.885982 -2.27753
6 4 6 0.0291677 -0.0722886 -0.996957 -2.58697
7 4 6 -0.0798708 0.00680805 -0.996782 -2.62623
8 4 6 0.0901563 0.28745 -0.953543 -2.49204
6 5 6 0.130589 0.0726104 -0.988774 -2.61063
7 5 6 0.681764 -0.357293 -0.638388 -1.60154
8 5 6 -0.272059 -0.621412 -0.734732 -2.00338
6 3 7 0.502541 0.134455 -0.854034 -2.11703
7 3 7 0.235402 -0.131629 -0.962943 -2.60968
8 3 7 -0.0945122 0.460492 -0.882618 -2.42639
6 4 7 -0.0100362 0.0114815 -0.999884 -2.50762
7 4 7 0.184011 0.494944 -0.849217 -2.6229
8 4 7 0.320899 0.0970867 -0.942124 -2.77079
6 5 7 0.183715 0.659858 -0.728585 -2.1739
7 5 7 0.0483239 0.0336743 -0.998264 -2.53206
8 5 7 -0.0433453 0.0232972 -0.998788 -2.64596
6 3 8 0.036664 0.129656 -0.990881 -2.69776
7 3 8 0.114324 0.503962 -0.856126 -2.61595
8 3 8 -0.10819 0.104905 -0.98858 -2.79359
6 4 8 -0.627936 0.452041 -0.633527 -2.11789
7 4 8 0.240662 0.322373 -0.915509 -2.68687
8 4 8 0.20173 0.175922 -0.963513 -2.50149
6 5 8 -0.197717 0.0159135 -0.98013 -2.5722
7 5 8 0.0819028 0.613909 -0.785116 -2.40644
8 5 8 -0.00162573 -0.00388149 -0.999991 -2.72744
0 6 6 0.0891819 -0.0613559 -0.994124 -2.8102
1 6 6 -0.0498733 -0.0540301 -0.997293 -2.62641
2 6 6 0.247829 0.102445 -0.963372 -2.56595
0 7 6 0.0124466 0.0769511 -0.996957 -2.94657
1 7 6 -0.045776 -0.0658047 -0.996782 -2.91171
2 7 6 0.221289 -0.204418 -0.953543 -2.50465
0 8 6 0.109724 0.101423 -0.988774 -2.86101
1 8 6 0.0222913 0.0224441 -0.9995 -2.84591
2 8 6 -0.622483 -0.269599 -0.734732 -2.06341
0 6 7 0.0735801 0.514987 -0.854034 -2.40489
1 6 7 -0.266598 0.0408143 -0.962943 -2.76964
2 6 7 -0.412021 -0.401073 -0.818156 -2.13607
0 7 7 -0.0119169 -0.00951512 -0.999884 -2.49826
1 7 7 -0.0826172 0.0273583 -0.996206 -2.64001
2 7 7 0.181521 -0.870209 -0.458025 -1.45432
0 8 7 0.300366 0.519475 -0.799954 -2.49441
1 8 7 -0.0185233 -0.0559111 -0.998264 -2.86076
2 8 7 0.00675257 -0.048744 -0.998788 -2.61074
0 6 8 -0.130741 0.0325825 -0.990881 -2.49666
1 6 8 0.00224274 0.339751 -0.940513 -2.47964
2 6 8 -0.117926 0.0938277 -0.98858 -2.81617
0 7 8 -0.883474 -0.226054 -0.410333 -1.31661
1 7 8 0.0905665 -0.39197 -0.915509 -2.31024
2 7 8 0.0856772 0.25358 -0.963513 -2.18549
0 8 8 0.121057 0.157132 -0.98013 -2.49998
1 8 8 -0.0282085 -0.011304 -0.999538 -2.86885
2 8 8 0.00200556 0.00369955 -0.999991 -2.68028
3 6 6 -0.260021 -0.286969 -0.921975 -2.3885
4 6 6 -0.0143793 0.0721099 -0.997293 -2.68181
5 6 6 -0.0605858 -0.459745 -0.885982 -2.13256
3 7 6 0.51319 0.0407336 -0.857308 -2.50762
4 7 6 0.0640553 0.0481935 -0.996782 -2.7768
5 7 6 0.154997 -0.258324 -0.953543 -2.83726
3 8 6 0.141147 -0.049024 -0.988774 -2.73302
4 8 6 0.0301871 -0.00945412 -0.9995 -2.69183
5 8 6 -0.0766833 -0.674009 -0.734732 -2.45241
3 6 7 0.163879 0.49373 -0.854034 -2.00851
4 6 7 0.0794084 -0.00642075 -0.996821 -2.71138
5 6 7 0.0791527 0.569522 -0.818156 -2.16597
3 7 7 0.0103371 0.0112114 -0.999884 -2.49493
4 7 7 0.238685 -0.471019 -0.849217 -2.49813
5 7 7 0.0793953 -0.325728 -0.942124 -2.58375
3 8 7 -0.174013 0.0378498 -0.984016 -2.80501
4 8 7 0.0487827 0.0330063 -0.998264 -2.78073
5 8 7 -0.111777 -0.184417 -0.976471 -2.62247
3 6 8 0.134728 0.00182461 -0.990881 -2.8316
4 6 8 0.387696 -0.341673 -0.856126 -2.53076
5 6 8 0.0548138 0.140377 -0.98858 -2.81624
3 7 8 -0.0988033 -0.108682 -0.989154 -2.74709
4 7 8 0.1222 0.383288 -0.915509 -2.38764
5 7 8 0.240351 0.117792 -0.963513 -2.87485
3 8 8 -0.459638 -0.571549 -0.679754 -1.92681
4 8 8 0.582914 -0.209293 -0.785116 -1.9299
5 8 8 0.00392672 -0.00151321 -0.999991 -2.71715
6 6 6 0.363787 0.132745 -0.921975 -2.68767
7 6 6 0.0181231 0.0712612 -0.997293 -2.50557
8 6 6 -0.43467 -0.161549 -0.885982 -2.69006
6 7 6 -0.0606301 0.0489936 -0.996957 -2.621
7 7 6 0.0418086 -0.068394 -0.996782 -2.73203
8 7 6 -0.266991 -0.13954 -0.953543 -2.864
6 8 6 -0.13979 -0.0527684 -0.988774 -2.54527
7 8 6 -0.00860725 -0.647807 -0.761756 -2.28203
8 8 6 -0.056087 -0.328241 -0.942928 -2.67858
6 6 7 -0.0714872 -0.123901 -0.989716 -2.35332
7 6 7 0.251027 -0.0986191 -0.962943 -2.69163
8 6 7 -0.420021 -0.392687 -0.818156 -2.3001
6 7 7 0.54468 -0.656126 -0.522325 -1.81948
7 7 7 0.489041 0.19917 -0.849217 -2.49642
8 7 7 -0.169782 0.289095 -0.942124 -2.57232
6 8 7 0.680781 0.075506 -0.728585 -2.14709
7 8 7 0.333407 0.283586 -0.899121 -2.55968
8 8 7 -0.0212448 0.0443873 -0.998788 -2.75429
6 6 8 -0.0616947 0.119786 -0.990881 -2.91724
7 6 8 -0.248842 -0.23133 -0.940513 -2.49265
8 6 8 -0.0539031 -0.680396 -0.730859 -2.27725
6 7 8 0.146823 0.00410027 -0.989154 -2.73432
7 7 8 0.315042 -0.250182 -0.915509 -2.70837
8 7 8 -0.0461773 -0.263649 -0.963513 -2.54142
6 8 8 0.0957317 -0.173725 -0.98013 -2.83613
7 8 8 0.0302964 0.00237236 -0.999538 -2.82724
8 8 8 -0.00420817 -1.57951e-05 -0.999991 -2.93556
