Position_x Position_y Position_z Spin_x Spin_y Spin_z Spin_energy Temperature n_spins
0 0 0 -0.292533 -0.197359 -0.935668 -1.60798 0.601 729
0 0 10 -0.0261797 0.154423 -0.987658 -2.5747
0 0 20 -0.137716 -0.47132 -0.871144 -2.45588
0 0 30 -0.0191934 0.0499351 -0.998568 -2.43328
0 0 40 0.223265 0.164988 -0.960693 -2.64592
0 0 50 -0.576898 -0.347865 -0.739039 -2.20841
0 0 60 -0.284191 -0.0314434 -0.958252 -2.35039
0 0 70 0.641354 0.509556 -0.573601 -1.35079
0 0 80 0.654362 -0.754751 0.0464757 -0.147326
0 0 90 0.0406348 -0.352898 -0.934779 -2.29711
0 10 0 -0.0696999 -0.448248 -0.891188 -1.69979
0 10 10 0.516433 0.423903 -0.744045 -1.81688
0 10 20 0.562636 -0.106466 -0.819821 -2.27128
0 10 30 0.0674304 0.0504261 -0.996449 -2.59579
0 10 40 -0.0880288 0.743119 -0.663343 -2.38784
0 10 50 0.246191 0.39376 -0.885631 -1.93738
0 10 60 0.769999 0.58231 -0.2608 -1.06346
0 10 70 0.554901 0.40463 -0.726883 -2.19282
0 10 80 -0.293495 0.280859 -0.913772 -2.36915
0 10 90 -0.680401 -0.288998 -0.673449 -1.99608
0 20 0 -0.378258 0.22677 -0.897494 -2.42156
0 20 10 0.000109526 0.000561793 -1 -2.69247
0 20 20 0.429999 0.64972 -0.62687 -1.74296
0 20 30 0.831185 0.300254 -0.467952 -2.20092
0 20 40 -0.392142 0.285503 -0.874478 -1.14605
0 20 50 0.00398246 0.0644247 -0.997915 -2.71669
0 20 60 -0.362988 -0.345863 -0.865227 -2.36947
0 20 70 -0.175438 -0.0257974 -0.984152 -2.64245
0 20 80 -0.106928 0.399305 -0.910562 -2.48536
0 20 90 -0.0021136 0.000731229 -0.999997 -2.45942
0 30 0 -0.541578 -0.406781 -0.735678 -1.74805
0 30 10 0.133118 0.406067 -0.904096 -2.34736
0 30 20 0.495473 0.541339 -0.679307 -2.04176
0 30 30 -0.24475 0.175977 -0.953483 -2.47048
0 30 40 -0.0339699 -0.182505 -0.982618 -2.76653
0 30 50 0.378236 -0.144843 -0.914307 -2.66668
0 30 60 0.10067 -0.451577 -0.886535 -2.43213
0 30 70 0.347207 -0.183058 -0.919748 -2.59234
0 30 80 -0.0272174 -0.456 -0.889563 -2.70238
0 30 90 -0.0685944 0.0260552 -0.997304 -2.7124
0 40 0 0.572619 -0.546656 -0.610962 -1.77184
0 40 10 0.487971 -0.0739409 -0.869722 -2.40213
0 40 20 -0.0827411 0.0488018 -0.995375 -2.4266
0 40 30 0.492422 0.0800126 -0.866671 -2.61993
0 40 40 0.240243 0.0428056 -0.969769 -2.5709
0 40 50 -0.453265 -0.36595 -0.812793 -2.14005
0 40 60 -0.0024278 -0.0304039 -0.999535 -2.10834
0 40 70 0.0264842 0.0232809 -0.999378 -2.65489
0 40 80 0.183236 -0.440288 -0.87896 -2.0036
0 40 90 -0.0926656 0.0972859 -0.990933 -2.55303
0 50 0 0.0898073 0.710257 -0.69819 -2.38863
0 50 10 -0.00707116 0.13674 -0.990582 -2.66094
0 50 20 -0.184084 -0.0208836 -0.982689 -2.70479
0 50 30 -0.0528816 0.0919418 -0.994359 -1.94396
0 50 40 0.752868 0.544555 0.369662 1.40635
0 50 50 0.215357 -0.212286 -0.953182 -2.24091
0 50 60 -0.239375 0.157796 -0.958019 -1.97223
0 50 70 -0.32932 0.543063 -0.772418 -2.10783
0 50 80 -0.000830529 0.145678 -0.989332 -2.64864
0 50 90 -0.366332 0.231153 -0.901315 -2.64264
0 60 0 0.171742 0.362365 -0.916077 -2.5076
0 60 10 -0.733279 0.0752414 -0.675751 -2.25041
0 60 20 -0.810696 0.188112 -0.554423 -1.3948
0 60 30 -0.000776046 0.0255377 -0.999674 -2.51957
0 60 40 -0.732036 0.181713 -0.656585 -1.99885
0 60 50 -0.0158062 -0.0922721 -0.995608 -2.58805
0 60 60 0.0613256 -0.0409154 -0.997279 -2.87544
0 60 70 0.109662 -0.421474 -0.900185 -2.65782
0 60 80 0.230065 -0.206507 -0.951013 -2.79037
0 60 90 -0.0587848 -0.0946406 -0.993774 -2.72011
0 70 0 -0.204849 -0.0240505 -0.978498 -2.54943
0 70 10 0.278476 -0.783368 -0.555686 -1.26645
0 70 20 0.0206169 -0.551141 -0.834157 -1.98415
0 70 30 0.0770067 -0.0602921 -0.995206 -2.87448
0 70 40 -0.0121807 -0.00447977 -0.999916 -2.86627
0 70 50 0.310469 -0.125275 -0.942292 -2.70594
0 70 60 -0.130091 0.00685702 -0.991478 -2.72757
0 70 70 -0.0585308 -0.107137 -0.99252 -2.96784
0 70 80 -0.0297608 0.110326 -0.99345 -2.73427
0 70 90 0.325944 -0.380764 -0.86532 -2.46251
0 80 0 0.0423784 0.128903 -0.990751 -2.32263
0 80 10 0.0835451 0.279699 -0.956446 -2.77208
0 80 20 -0.395926 0.0819509 -0.914618 -2.55804
0 80 30 -0.000121182 -0.036657 -0.999328 -2.69743
0 80 40 -0.413139 -0.188692 -0.890905 -2.60629
0 80 50 -0.0509622 -0.060473 -0.996868 -2.62829
0 80 60 0.0443769 -0.112987 -0.992605 -2.69017
0 80 70 -0.0967251 0.199432 -0.975126 -2.42183
0 80 80 0.659081 0.22314 -0.718206 -1.92174
0 80 90 0.0240251 -0.0599861 -0.99791 -2.61495
0 90 0 0.332531 0.589636 -0.736039 -1.85662
0 90 10 -0.206962 0.168582 -0.963715 -2.37294
0 90 20 0.118209 0.414259 -0.90245 -2.50904
0 90 30 0.610217 0.65896 -0.43978 -0.829032
0 90 40 -0.00893121 0.0970598 -0.995238 -2.56619
0 90 50 0.0575907 0.121392 -0.990933 -2.77329
0 90 60 0.230083 -0.267575 -0.935663 -2.51047
0 90 70 0.284686 0.33007 -0.900004 -2.61637
0 90 80 -0.106582 -0.111103 -0.988077 -2.49411
0 90 90 0.401191 -0.703881 -0.586172 -1.97896
10 0 0 0.26498 -0.0950535 -0.959557 -2.68479
10 0 10 0.0371653 -0.0136611 -0.999216 -2.50122
10 0 20 -0.117519 -0.136346 -0.983666 -2.81394
10 0 30 0.032783 0.0209732 -0.999242 -2.90063
10 0 40 0.215895 0.0404093 -0.97558 -2.6315
10 0 50 -0.0390015 0.120917 -0.991896 -2.75008
10 0 60 -0.340174 -0.323124 -0.883104 -2.47693
10 0 70 -0.180851 -0.0931374 -0.979091 -2.31922
10 0 80 0.416709 -0.18911 -0.889152 -2.59511
10 0 90 0.186193 0.55164 -0.813034 -2.20078
10 10 0 -0.140484 0.154337 -0.97798 -2.8349
10 10 10 -0.00599798 0.00202128 -0.99998 -2.94873
10 10 20 -0.552448 0.0705726 -0.830554 -2.37176
10 10 30 0.0219545 0.0275866 -0.999378 -2.67739
10 10 40 -0.065334 0.0674622 -0.99558 -2.6153
10 10 50 0.523248 0.448487 -0.724618 -1.97377
10 10 60 -0.0557737 -0.177109 -0.98261 -2.65307
10 10 70 0.000401347 -0.0173494 -0.999849 -2.86869
10 10 80 -0.181511 0.135673 -0.973985 -2.17828
10 10 90 -0.118572 -0.285228 -0.951097 -2.52405
10 20 0 -0.343604 -0.338418 -0.876019 -2.164
10 20 10 0.817713 0.194751 -0.54168 -1.32689
10 20 20 0.0715858 0.175142 -0.981937 -2.75575
10 20 30 0.0816068 0.00883158 -0.996625 -2.72308
10 20 40 -0.313263 0.0430609 -0.94869 -2.67232
10 20 50 -0.0148983 0.129112 -0.991518 -2.74271
10 20 60 -0.285135 -0.248067 -0.92583 -2.49042
10 20 70 0.0054165 0.143013 -0.989706 -2.30054
10 20 80 0.0359867 -0.00115217 -0.999352 -2.56767
10 20 90 -0.370208 0.323224 -0.870903 -2.26556
10 30 0 -0.0125395 0.162108 -0.986693 -2.75969
10 30 10 -0.0942264 -0.157724 -0.982977 -2.63316
10 30 20 0.0681556 -0.125889 -0.9897 -2.91193
10 30 30 -0.0734544 0.0170365 -0.997153 -2.88836
10 30 40 -0.307194 -0.368323 -0.877479 -2.66851
10 30 50 0.160161 0.10783 -0.981184 -2.54922
10 30 60 -0.523223 0.125894 -0.842846 -2.19504
10 30 70 0.111319 -0.0114571 -0.993719 -2.62549
10 30 80 0.0531278 -0.133441 -0.989632 -2.91689
10 30 90 -0.148642 -0.0437314 -0.987924 -2.69074
10 40 0 0.0142856 0.103009 -0.994578 -2.94735
10 40 10 0.0761012 -0.0733306 -0.9944 -2.8533
10 40 20 0.00913953 0.000694502 -0.999958 -2.8407
10 40 30 0.0204351 -0.0106357 -0.999735 -2.60841
10 40 40 0.337745 -0.010707 -0.941177 -2.49822
10 40 50 0.128287 -0.00981539 -0.991689 -2.91218
10 40 60 0.131299 0.149962 -0.979935 -2.62502
10 40 70 0.0078482 -0.0583481 -0.998265 -2.76317
10 40 80 0.0504777 4.59977e-05 -0.998725 -2.89635
10 40 90 -0.253698 -0.0772787 -0.964192 -2.57892
10 50 0 -0.327888 -0.0685647 -0.942225 -2.78628
10 50 10 -0.719605 0.201024 -0.664649 -1.68383
10 50 20 -0.275277 0.637264 -0.719804 -1.89523
10 50 30 -0.135641 -0.0284483 -0.99035 -2.62653
10 50 40 -0.389614 0.537782 -0.747657 -2.4589
10 50 50 -0.748169 0.24508 -0.616586 -2.06268
10 50 60 -0.087082 -0.0822155 -0.992803 -2.24285
10 50 70 -0.754128 -0.64782 -0.1078 -0.362578
10 50 80 0.0557527 0.106041 -0.992798 -2.32515
10 50 90 0.371338 -0.332734 -0.866831 -1.97968
10 60 0 0.0200402 -0.184122 -0.982699 -2.65238
10 60 10 0.0653033 0.0714977 -0.995301 -2.86773
10 60 20 -0.117308 0.0588128 -0.991353 -2.65739
10 60 30 0.298147 -0.352843 -0.886911 -1.84293
10 60 40 0.391708 0.313189 -0.865146 -2.21804
10 60 50 -0.163356 -0.49613 -0.852742 -2.00431
10 60 60 0.460471 0.0708526 -0.884843 -2.06342
10 60 70 0.136718 -0.404358 -0.904324 -2.77585
10 60 80 -0.0151633 0.0328476 -0.999345 -2.82774
10 60 90 0.0414696 -0.227452 -0.972906 -2.58029
10 70 0 0.101271 0.639692 -0.761931 -2.01457
10 70 10 0.0236179 -0.0373315 -0.999024 -2.78828
10 70 20 -0.0478049 0.0333164 -0.998301 -2.75866
10 70 30 0.0538673 0.0761261 -0.995642 -2.7055
10 70 40 -0.544078 0.11247 -0.831462 -2.28761
10 70 50 -0.0377791 -0.0980191 -0.994467 -2.53988
10 70 60 -0.145336 0.114902 -0.982688 -2.86969
10 70 70 0.0347808 -0.11213 -0.993085 -2.76207
10 70 80 -0.442287 -0.0565638 -0.895088 -2.37192
10 70 90 -0.193049 -0.193322 -0.961956 -2.64631
10 80 0 -0.247827 -0.514215 -0.821075 -2.56254
10 80 10 0.0200814 0.0771832 -0.996815 -2.82983
10 80 20 -0.357243 0.207704 -0.910624 -2.26236
10 80 30 -0.665338 -0.706049 -0.24253 -1.31198
10 80 40 0.205657 0.195703 -0.958856 -2.24658
10 80 50 0.0388401 0.0031978 -0.99924 -2.62902
10 80 60 0.30576 0.390989 -0.868123 -2.54589
10 80 70 0.0237668 -0.00563175 -0.999702 -2.34669
10 80 80 0.101824 -0.218906 -0.970418 -2.81732
10 80 90 -0.0212706 -0.00786838 -0.999743 -2.6059
10 90 0 -0.730566 -0.622021 -0.281714 -1.75796
10 90 10 -0.799211 -0.0838893 -0.595167 -1.50685
10 90 20 0.239311 0.104285 -0.965326 -2.42078
10 90 30 0.0101689 -0.0138923 -0.999852 -2.50141
10 90 40 -0.225586 0.757232 -0.612952 -1.91613
10 90 50 0.719273 0.395927 -0.570866 -1.74821
10 90 60 -0.0079937 -0.0111748 -0.999906 -2.62492
10 90 70 0.22892 -0.173568 -0.957846 -2.74338
10 90 80 0.00138919 -0.00138508 -0.999998 -2.34258
10 90 90 0.607822 0.24723 -0.754605 -2.06725
20 0 0 -0.471302 -0.502807 -0.72461 -1.52451
20 0 10 0.483106 -0.631513 -0.606465 -1.82262
20 0 20 -0.103188 -0.331165 -0.937914 -1.91855
20 0 30 0.627139 -0.441448 -0.641732 -1.91415
20 0 40 0.090477 0.255922 -0.962454 -2.57204
20 0 50 -0.234343 0.445352 -0.864144 -2.46023
20 0 60 0.163465 0.449825 -0.87803 -2.50246
20 0 70 0.445946 -0.215604 -0.868704 -2.06695
20 0 80 -0.0223491 -0.0188999 -0.999572 -2.63433
20 0 90 0.294144 0.286711 -0.911743 -2.23296
20 10 0 0.450597 0.690768 -0.565511 -1.94553
20 10 10 0.0374835 0.159479 -0.986489 -2.48215
20 10 20 -0.0452159 0.0262141 -0.998633 -2.94364
20 10 30 0.0872048 -0.0784846 -0.993094 -2.82176
20 10 40 -0.0155233 -0.077006 -0.99691 -2.66807
20 10 50 -0.204646 -0.664471 -0.718748 -2.04888
20 10 60 0.145311 -0.0871113 -0.985544 -2.5249
20 10 70 -0.143335 -0.599297 -0.78759 -1.98151
20 10 80 -0.0839646 0.435475 -0.896277 -2.33491
20 10 90 -0.543643 0.385763 -0.745412 -2.52894
20 20 0 0.162495 0.00773804 -0.986679 -2.61657
20 20 10 -0.180914 -0.347503 -0.920061 -2.46511
20 20 20 -0.0178748 -0.0256495 -0.999511 -2.81594
20 20 30 -0.283685 -0.0912338 -0.954567 -2.41643
20 20 40 0.483238 -0.191842 -0.854212 -2.64603
20 20 50 0.444535 0.152727 -0.882646 -2.34006
20 20 60 -0.323083 -0.265141 -0.90847 -2.13241
20 20 70 -0.526236 0.679131 -0.511719 -1.16929
20 20 80 0.273481 -0.583968 -0.764323 -1.67558
20 20 90 0.194683 0.248131 -0.948962 -2.316
20 30 0 -0.593017 0.157775 -0.789581 -1.42429
20 30 10 0.395668 -0.521028 -0.756292 -2.15889
20 30 20 0.388642 -0.26821 -0.881488 -2.6122
20 30 30 -0.150312 0.496483 -0.854933 -1.95209
20 30 40 0.0862871 0.190388 -0.977909 -2.59053
20 30 50 -0.0599979 0.0236707 -0.997918 -2.68899
20 30 60 0.00907688 -0.0140385 -0.99986 -2.72931
20 30 70 0.35905 -0.0225838 -0.933045 -2.738
20 30 80 0.368755 -0.0987745 -0.924264 -2.36038
20 30 90 -0.187307 -0.119562 -0.974998 -2.39433
20 40 0 0.000851885 -0.00049854 -1 -2.53732
20 40 10 -0.461703 -0.587574 -0.66452 -1.97193
20 40 20 -0.110225 -0.634068 -0.765381 -2.28392
20 40 30 -0.0186345 -0.00853002 -0.99979 -2.28258
20 40 40 0.317278 -0.260417 -0.911876 -2.56559
20 40 50 -0.0943338 -0.0927931 -0.991207 -2.82286
20 40 60 -0.120398 0.0313999 -0.992229 -2.81359
20 40 70 -0.0988537 -0.250764 -0.962988 -2.37957
20 40 80 0.156225 0.442237 -0.883188 -2.54345
20 40 90 -0.11379 -0.0512509 -0.992182 -2.58756
20 50 0 -0.111477 0.0879928 -0.989864 -2.15141
20 50 10 -0.598766 0.79765 0.0723412 0.108285
20 50 20 -0.233316 -0.352922 -0.906096 -2.15363
20 50 30 -0.294609 0.100238 -0.950346 -2.76315
20 50 40 -0.485557 -0.162229 -0.85902 -2.20259
20 50 50 0.300641 0.728295 -0.615793 -1.56939
20 50 60 0.214095 0.158983 -0.963788 -2.52397
20 50 70 -0.012309 0.283853 -0.958789 -2.81482
20 50 80 0.0818148 0.550767 -0.830639 -2.7003
20 50 90 0.235319 0.192051 -0.952755 -2.06259
20 60 0 -0.415214 -0.429262 -0.80208 -2.38368
20 60 10 0.29263 -0.00809572 -0.956191 -2.68607
20 60 20 0.34987 -0.0681745 -0.934314 -2.65119
20 60 30 0.0497833 0.0702005 -0.99629 -2.54951
20 60 40 0.69138 -0.393821 -0.605721 -1.51688
20 60 50 -0.0592008 -0.0213435 -0.998018 -2.48034
20 60 60 0.215712 0.0987345 -0.971452 -2.5013
20 60 70 0.247953 -0.0407646 -0.967914 -2.6411
20 60 80 -0.311332 -0.320602 -0.894588 -2.57568
20 60 90 0.110235 -0.13166 -0.985147 -2.67247
20 70 0 0.0304954 -0.238588 -0.970642 -2.60364
20 70 10 -0.538591 0.175179 -0.824155 -1.5188
20 70 20 -0.30467 -0.466672 -0.830297 -2.42604
20 70 30 -0.151658 -0.235304 -0.960016 -2.57276
20 70 40 0.504814 -0.132851 -0.852944 -2.05029
20 70 50 -0.256232 0.229044 -0.939087 -2.53293
20 70 60 0.139329 0.135012 -0.980999 -2.79055
20 70 70 -0.0034912 -0.0111999 -0.999931 -2.8344
20 70 80 -0.50918 -0.43042 -0.745302 -2.3467
20 70 90 -0.844594 -0.515804 -0.14355 -1.39141
20 80 0 -0.0420886 -0.0117696 -0.999045 -2.41362
20 80 10 0.382616 -0.387659 -0.838645 -2.59436
20 80 20 0.0166635 0.00839361 -0.999826 -2.3983
20 80 30 -0.470463 -0.124058 -0.873656 -2.61315
20 80 40 -0.0487463 -0.114037 -0.99228 -2.84098
20 80 50 -0.130356 -0.191456 -0.972806 -2.88132
20 80 60 -0.0283502 -0.318866 -0.947376 -2.19671
20 80 70 0.247785 -0.535211 -0.807559 -2.19011
20 80 80 -0.00271032 0.00824499 -0.999962 -2.77649
20 80 90 0.140913 -0.158751 -0.977211 -2.46969
20 90 0 -0.736914 -0.557348 -0.38252 -1.45193
20 90 10 0.0094056 -0.0273298 -0.999582 -2.18788
20 90 20 -0.0233706 0.0739476 -0.996988 -2.70991
20 90 30 -0.0213641 0.137304 -0.990299 -2.6385
20 90 40 0.577795 0.629019 -0.520085 -1.13367
20 90 50 -0.0210426 -0.0415298 -0.998916 -2.2571
20 90 60 0.289934 -0.0211804 -0.956812 -2.35567
20 90 70 -0.488701 -0.327109 -0.808809 -2.13499
20 90 80 0.133129 0.0202517 -0.990892 -2.33675
20 90 90 -0.524953 0.231535 -0.819033 -2.3399
30 0 0 -0.525869 0.124327 -0.84143 -2.48624
30 0 10 0.264093 0.640591 -0.72104 -1.99239
30 0 20 0.127462 -0.255665 -0.958326 -2.19498
30 0 30 0.615256 -0.627812 -0.476773 -1.41887
30 0 40 -0.417255 -0.593974 -0.687817 -1.63518
30 0 50 -0.818528 0.276737 -0.503416 -1.6369
30 0 60 -0.143622 0.0191001 -0.989448 -2.58079
30 0 70 -0.119441 0.117866 -0.98582 -2.49235
30 0 80 -0.257128 0.12761 -0.957915 -2.72129
30 0 90 0.245704 -0.277697 -0.928716 -2.56282
30 10 0 0.190054 -0.0624082 -0.979788 -2.57623
30 10 10 -0.21876 -0.216229 -0.951519 -2.36867
30 10 20 -0.350362 -0.0640632 -0.934421 -2.46921
30 10 30 -0.353782 -0.753593 -0.554018 -1.59116
30 10 40 -0.170282 -0.127737 -0.977081 -2.57006
30 10 50 0.0963009 0.454287 -0.885635 -2.31046
30 10 60 -0.05268 -0.0428449 -0.997692 -2.71559
30 10 70 0.00203407 -0.0230507 -0.999732 -2.73491
30 10 80 0.106736 0.247492 -0.962993 -2.68315
30 10 90 -0.321775 0.325405 -0.889142 -2.17993
30 20 0 -0.559556 0.219113 -0.799304 -2.60071
30 20 10 -0.49635 0.350768 -0.794102 -1.91768
30 20 20 0.148395 0.0994126 -0.983919 -2.46261
30 20 30 -0.146954 0.0745356 -0.986331 -2.80124
30 20 40 0.203337 -0.17982 -0.962454 -2.74004
30 20 50 -0.031667 -0.0507302 -0.99821 -2.72624
30 20 60 -0.0465832 -0.443757 -0.894935 -2.25086
30 20 70 -0.162095 0.473086 -0.865976 -2.26137
30 20 80 -0.282069 -0.0234276 -0.959108 -2.37839
30 20 90 -0.0628737 0.37157 -0.926273 -2.34783
30 30 0 -0.763451 0.347123 -0.544654 -1.88999
30 30 10 -0.10631 0.275178 -0.955497 -2.65405
30 30 20 -0.129498 -0.02228 -0.991329 -2.84161
30 30 30 -0.572207 0.0517027 -0.818478 -2.17665
30 30 40 0.211787 -0.156905 -0.964638 -2.70691
30 30 50 0.282669 -0.373279 -0.883607 -2.12348
30 30 60 -0.290951 -0.685062 -0.66786 -2.06431
30 30 70 -0.0147199 0.303906 -0.952588 -2.42664
30 30 80 -0.547313 0.423251 -0.722016 -2.04084
30 30 90 0.0530786 -0.311155 -0.948876 -2.50405
30 40 0 -0.118816 0.142947 -0.982573 -2.68898
30 40 10 0.176598 0.0274674 -0.9839 -2.6636
30 40 20 -0.000706905 0.0350594 -0.999385 -2.58044
30 40 30 0.164348 -0.239814 -0.956807 -2.36026
30 40 40 0.085659 0.0558637 -0.994757 -2.68204
30 40 50 -0.00414113 -0.263196 -0.964733 -2.76152
30 40 60 -0.01988 0.262675 -0.96468 -2.52145
30 40 70 0.129758 -0.160317 -0.9785 -2.67812
30 40 80 -0.379588 -0.428443 -0.819969 -2.33422
30 40 90 -0.527013 0.0578836 -0.847884 -2.20367
30 50 0 0.519996 0.584277 -0.623077 -1.10297
30 50 10 -0.114843 -0.286652 -0.951126 -2.53432
30 50 20 0.194856 0.156987 -0.968187 -2.469
30 50 30 0.0574215 -0.132883 -0.989467 -2.89442
30 50 40 -0.30724 -0.417609 -0.855106 -2.34735
30 50 50 0.552985 0.136313 -0.821965 -2.31126
30 50 60 0.466522 0.0997818 -0.878864 -2.44758
30 50 70 0.0847781 0.276838 -0.957169 -2.7239
30 50 80 -0.0599546 -0.207305 -0.976437 -2.21245
30 50 90 -0.322861 -0.00785673 -0.946414 -2.73286
30 60 0 -0.438807 -0.39285 -0.808157 -2.1482
30 60 10 0.011126 -0.0160992 -0.999808 -2.80064
30 60 20 -0.0380265 -0.0653226 -0.997139 -2.67521
30 60 30 0.204956 -0.607509 -0.767415 -2.20209
30 60 40 -0.0538878 -0.333746 -0.941121 -2.42575
30 60 50 0.398719 0.00590456 -0.917054 -2.47223
30 60 60 -0.316663 0.225624 -0.921313 -2.33345
30 60 70 -0.470903 0.00903801 -0.882139 -2.30245
30 60 80 0.539042 0.174227 -0.824062 -1.65491
30 60 90 -0.000415335 -0.00271597 -0.999996 -2.48726
30 70 0 -0.653648 -0.0994796 -0.750232 -1.85978
30 70 10 0.540333 -0.76068 -0.359731 -0.769185
30 70 20 -0.0810328 0.0656592 -0.994546 -2.45673
30 70 30 -0.00668479 -0.0761646 -0.997073 -2.29765
30 70 40 -0.457486 -0.768419 -0.447481 -1.2884
30 70 50 -0.622234 0.429595 -0.654426 -1.28084
30 70 60 -0.0821844 0.335137 -0.938578 -2.54823
30 70 70 0.147414 0.0150016 -0.988961 -2.43948
30 70 80 -0.144284 -0.39885 -0.905594 -2.57868
30 70 90 0.0677978 -0.0595582 -0.99592 -2.52893
30 80 0 0.258391 -0.489773 -0.83268 -2.53808
30 80 10 0.151456 -0.73775 -0.657864 -2.00531
30 80 20 0.507002 0.0962886 -0.85655 -1.94311
30 80 30 0.700534 -0.461666 -0.544166 -0.799084
30 80 40 0.164332 0.399618 -0.901832 -2.0222
30 80 50 0.511382 -0.63097 -0.583408 -1.57331
30 80 60 0.0634632 -0.163174 -0.984554 -2.72188
30 80 70 0.119621 -0.100691 -0.9877 -2.7647
30 80 80 -0.0192725 0.00783682 -0.999784 -2.74726
30 80 90 0.404543 0.387196 -0.828507 -1.83079
30 90 0 -0.44788 0.471365 -0.759749 -1.71539
30 90 10 0.256483 -0.238326 -0.936705 -2.15112
30 90 20 -0.411886 0.280938 -0.866847 -2.3246
30 90 30 -0.211938 -0.757889 -0.616998 -1.57353
30 90 40 -0.0387321 0.0409772 -0.998409 -2.52832
30 90 50 0.110258 0.21993 -0.969265 -2.82622
30 90 60 -0.00650142 0.0148566 -0.999868 -2.79512
30 90 70 0.144953 -0.593839 -0.791419 -2.07011
30 90 80 -0.134147 -0.348512 -0.927655 -2.36287
30 90 90 -0.181064 0.548989 -0.815982 -2.09667
40 0 0 -0.033571 0.0667578 -0.997204 -2.62176
40 0 10 -0.101152 -0.0949014 -0.990334 -2.73428
40 0 20 0.0580011 -0.0369117 -0.997634 -2.72668
40 0 30 0.146044 -0.330576 -0.932411 -2.7872
40 0 40 0.467383 -0.0515401 -0.882551 -2.66992
40 0 50 0.294924 0.267264 -0.917382 -2.61804
40 0 60 0.439758 0.0196303 -0.897902 -2.26065
40 0 70 -0.0440786 -0.022434 -0.998776 -2.77141
40 0 80 0.0521377 -0.40937 -0.910878 -2.73092
40 0 90 -0.0648089 -0.069436 -0.995479 -2.64177
40 10 0 0.116522 -0.390914 -0.913022 -2.67765
40 10 10 -0.000801959 -0.0247855 -0.999692 -2.86254
40 10 20 -0.0448076 0.0685974 -0.996638 -2.65162
40 10 30 -0.134037 0.462123 -0.876628 -2.51869
40 10 40 -0.8134 0.307145 -0.494007 -0.886154
40 10 50 -0.0300065 -0.182492 -0.982749 -2.66188
40 10 60 -0.149225 -0.694434 -0.703913 -2.22782
40 10 70 0.258848 -0.141946 -0.955431 -2.67363
40 10 80 -0.253667 -0.0796 -0.964011 -2.68814
40 10 90 0.0288811 0.439204 -0.897923 -2.37585
40 20 0 0.420582 -0.438299 -0.794358 -1.79039
40 20 10 0.229698 0.207033 -0.950987 -2.71858
40 20 20 -0.2008 0.11866 -0.972419 -2.6575
40 20 30 0.324348 -0.0510213 -0.944561 -2.56895
40 20 40 -0.36203 -0.0386593 -0.931365 -2.64824
40 20 50 -0.00253033 0.093597 -0.995607 -2.86569
40 20 60 -0.162839 0.35039 -0.92234 -2.65925
40 20 70 0.426552 -0.0355779 -0.903763 -2.00742
40 20 80 -0.107425 -0.936669 -0.333335 -1.42084
40 20 90 -0.228937 0.160727 -0.960081 -1.91656
40 30 0 -0.372322 -0.108617 -0.921726 -2.69447
40 30 10 0.237447 0.127516 -0.962995 -2.61361
40 30 20 -0.314764 0.092026 -0.944698 -2.5526
40 30 30 -0.337737 0.243459 -0.909209 -2.4372
40 30 40 0.272349 -0.0793474 -0.958921 -2.17574
40 30 50 -0.65515 0.157018 -0.739002 -1.41885
40 30 60 0.0572783 -0.018866 -0.99818 -2.1699
40 30 70 0.663966 -0.559812 -0.495741 -1.377
40 30 80 -0.255295 -0.728631 -0.635548 -1.87543
40 30 90 -0.108777 0.144952 -0.983441 -2.58935
40 40 0 0.267047 -0.143277 -0.952973 -2.37577
40 40 10 0.350698 0.391853 -0.850565 -2.10255
40 40 20 0.470368 -0.570401 -0.673347 -2.27316
40 40 30 0.0202951 0.0104046 -0.99974 -2.60654
40 40 40 -0.448127 -0.165353 -0.878544 -2.53349
40 40 50 0.0359586 0.293149 -0.95539 -2.1993
40 40 60 -0.00165491 0.0566647 -0.998392 -2.57109
40 40 70 0.00931063 -0.00623458 -0.999937 -2.62459
40 40 80 -0.509072 0.465054 -0.724272 -2.04407
40 40 90 -0.0612143 -0.310372 -0.948642 -2.27881
40 50 0 -0.444624 -0.285836 -0.848886 -2.5497
40 50 10 -0.329322 -0.703729 -0.629534 -2.09766
40 50 20 0.10803 -0.396943 -0.911463 -2.6516
40 50 30 -0.14062 -0.301647 -0.942993 -2.57595
40 50 40 0.0357416 0.0238241 -0.999077 -2.80746
40 50 50 0.123776 -0.118185 -0.985247 -2.56046
40 50 60 -0.184811 0.0307976 -0.982291 -2.22063
40 50 70 -0.308164 0.287163 -0.906958 -2.24426
40 50 80 -0.296613 -0.193393 -0.935211 -2.82076
40 50 90 -0.213118 0.0794066 -0.973794 -2.44754
40 60 0 -0.0939085 -0.225778 -0.969642 -2.69642
40 60 10 -0.408348 -0.323337 -0.853642 -2.62194
40 60 20 0.0238703 -0.0032829 -0.99971 -2.55846
40 60 30 0.155828 0.0509432 -0.98647 -2.80497
40 60 40 0.0273439 0.00426452 -0.999617 -2.58865
40 60 50 0.380413 -0.0172361 -0.924656 -2.4525
40 60 60 -0.29086 0.153605 -0.944355 -2.62488
40 60 70 0.426933 -0.0965791 -0.899111 -2.31385
40 60 80 0.490865 -0.323868 -0.808802 -2.43008
40 60 90 -0.00743153 -0.101125 -0.994846 -2.51317
40 70 0 0.71074 0.169384 -0.682757 -2.4605
40 70 10 0.316877 -0.189526 -0.929338 -2.59372
40 70 20 -0.0549516 -0.0577588 -0.996817 -2.60892
40 70 30 0.677363 -0.529612 -0.510579 -1.68702
40 70 40 0.0520762 0.0073788 -0.998616 -2.61219
40 70 50 -8.29175e-05 0.0183495 -0.999832 -2.83919
40 70 60 0.0104302 -0.0206986 -0.999731 -2.55475
40 70 70 0.461295 0.349433 -0.815539 -2.55795
40 70 80 0.733306 0.397944 -0.551274 -1.22221
40 70 90 -0.110432 -0.152899 -0.982052 -2.54957
40 80 0 0.0240943 -0.00360305 -0.999703 -2.62564
40 80 10 -0.109531 -0.43435 -0.89406 -2.44287
40 80 20 -0.0108302 0.00274907 -0.999938 -2.79111
40 80 30 -0.435447 0.425766 -0.793164 -2.14373
40 80 40 -0.784513 0.179241 -0.593643 -1.44865
40 80 50 0.339487 0.189077 -0.921411 -2.38871
40 80 60 -0.163105 0.259252 -0.951938 -2.46382
40 80 70 -0.0143715 -0.0685037 -0.997547 -2.9191
40 80 80 -0.0702046 -0.0901305 -0.993452 -2.74253
40 80 90 0.0412534 0.179425 -0.982906 -2.60835
40 90 0 -0.187875 0.286283 -0.939545 -2.76118
40 90 10 0.579425 0.0477257 -0.813627 -2.14617
40 90 20 -0.380621 -0.477808 -0.791724 -2.01503
40 90 30 -0.0477074 -0.488988 -0.870985 -2.42439
40 90 40 -0.26322 -0.194269 -0.944974 -2.74573
40 90 50 0.0258102 0.127248 -0.991535 -2.8839
40 90 60 0.0479514 -0.311779 -0.948944 -2.62193
40 90 70 0.00767569 -0.641818 -0.766818 -2.16202
40 90 80 -0.153613 0.102081 -0.982844 -2.47556
40 90 90 0.0520116 0.215172 -0.97519 -2.68722
50 0 0 -0.0927372 0.362061 -0.92753 -2.57595
50 0 10 0.416468 0.267863 -0.868794 -2.31063
50 0 20 -0.0854514 0.374757 -0.923177 -1.73635
50 0 30 -0.231296 -0.108709 -0.966791 -2.77176
50 0 40 -0.563111 0.295877 -0.771598 -2.33889
50 0 50 -0.0827026 -0.119957 -0.989328 -2.44234
50 0 60 0.431897 -0.424012 -0.79604 -2.32432
50 0 70 -0.0445983 -0.274944 -0.960425 -2.61408
50 0 80 -0.400778 -0.0218833 -0.915914 -2.63259
50 0 90 -0.0866669 0.156504 -0.983868 -2.65415
50 10 0 -0.0943069 -0.290462 -0.952228 -2.51229
50 10 10 -0.466643 -0.327015 -0.821769 -2.54151
50 10 20 -0.0521239 -0.0612443 -0.996761 -1.64289
50 10 30 -0.731265 0.680737 -0.0429916 0.262151
50 10 40 -0.142305 -0.057682 -0.988141 -2.88027
50 10 50 0.233038 0.79162 -0.564829 -0.809005
50 10 60 -0.436753 0.0209668 -0.899337 -2.29537
50 10 70 -0.315226 -0.100377 -0.943693 -2.80223
50 10 80 0.233255 -0.293802 -0.92697 -2.134
50 10 90 -0.124755 -0.101375 -0.986995 -2.64622
50 20 0 0.342031 0.130899 -0.930527 -2.27519
50 20 10 0.651236 0.256483 -0.714219 -1.827
50 20 20 -0.570393 0.820343 0.0410974 0.188926
50 20 30 0.68491 0.290882 -0.668046 -1.61047
50 20 40 0.120183 -0.157318 -0.980208 -2.68629
50 20 50 0.0116122 0.238002 -0.971195 -2.44109
50 20 60 0.57875 0.659759 -0.47934 -1.82572
50 20 70 0.583608 0.211693 -0.783957 -2.16103
50 20 80 0.104152 0.434686 -0.894539 -2.14128
50 20 90 0.203744 -0.0258943 -0.978682 -2.53052
50 30 0 -0.0327102 -0.33655 -0.941097 -2.45504
50 30 10 0.532089 -0.412518 -0.739399 -1.87661
50 30 20 0.355035 -0.26185 -0.897432 -2.3305
50 30 30 0.273171 0.182856 -0.944426 -2.68114
50 30 40 0.232583 0.0178742 -0.972412 -2.32598
50 30 50 0.774849 -0.406223 -0.484347 -1.39205
50 30 60 -0.392689 -0.283441 -0.874904 -1.03731
50 30 70 0.139848 0.510064 -0.848692 -2.09166
50 30 80 -0.0625929 -0.0549618 -0.996525 -2.78021
50 30 90 0.125681 0.12795 -0.983785 -2.54645
50 40 0 -0.0688076 -0.09288 -0.993297 -2.82074
50 40 10 -0.25203 -0.416215 -0.87364 -1.83865
50 40 20 -0.392899 0.354131 -0.848659 -2.05447
50 40 30 0.103358 -0.0467095 -0.993547 -2.49228
50 40 40 -0.00175527 -0.00197411 -0.999997 -2.63885
50 40 50 0.54208 0.187728 -0.819089 -2.50916
50 40 60 -0.356678 -0.286062 -0.889353 -2.67211
50 40 70 0.0753813 -0.239703 -0.967915 -2.58385
50 40 80 -0.214655 0.271488 -0.938199 -2.46155
50 40 90 0.159519 -0.104792 -0.981617 -2.7612
50 50 0 -0.322345 0.229024 -0.9185 -2.60026
50 50 10 -0.225388 0.00124698 -0.974268 -2.59166
50 50 20 -0.12599 -0.617453 -0.776452 -2.0148
50 50 30 0.150118 0.0186113 -0.988493 -2.7433
50 50 40 -0.00955947 0.00356665 -0.999948 -2.61825
50 50 50 0.649401 0.0526425 -0.758622 -2.45002
50 50 60 -0.222 0.331309 -0.917033 -2.16264
50 50 70 0.854442 -0.0793259 -0.513454 -1.71645
50 50 80 0.192154 -0.155218 -0.969012 -2.07433
50 50 90 0.188859 0.181697 -0.965048 -2.69119
50 60 0 0.465234 -0.606998 -0.644291 -1.81927
50 60 10 0.580732 0.430903 -0.690704 -1.8826
50 60 20 -0.272535 -0.554412 -0.786354 -2.22633
50 60 30 -0.0664636 0.0264669 -0.997438 -2.56959
50 60 40 -0.288923 -0.384932 -0.876556 -2.34666
50 60 50 0.201862 0.167908 -0.964914 -1.93577
50 60 60 -0.0142091 -0.289744 -0.956999 -2.51041
50 60 70 0.0195287 -0.0849797 -0.996191 -2.2209
50 60 80 0.471456 0.740397 -0.479104 -0.847041
50 60 90 0.013915 -0.00449379 -0.999893 -2.72938
50 70 0 -0.404496 -0.320084 -0.856697 -2.07699
50 70 10 -0.297713 -0.177847 -0.937943 -2.67908
50 70 20 -0.43484 -0.303307 -0.847891 -2.59724
50 70 30 0.0958338 -0.119044 -0.988253 -2.45903
50 70 40 0.163518 -0.0534132 -0.985093 -1.98543
50 70 50 0.233665 0.0512706 -0.970964 -2.29022
50 70 60 -0.287329 -0.385355 -0.876895 -2.70657
50 70 70 0.420624 -0.365238 -0.830468 -1.71386
50 70 80 -0.147665 -0.119333 -0.981812 -2.86502
50 70 90 0.185641 0.385974 -0.903638 -2.57177
50 80 0 0.113104 -0.179167 -0.977296 -2.84203
50 80 10 -0.177356 -0.0734476 -0.981402 -2.76483
50 80 20 0.0441565 -0.625984 -0.778584 -2.20017
50 80 30 -0.313926 0.671387 -0.671334 -1.80789
50 80 40 0.0895911 -0.151997 -0.984312 -2.04517
50 80 50 -0.344613 0.558047 -0.754868 -1.91319
50 80 60 0.493057 0.0465694 -0.86875 -2.4811
50 80 70 0.181435 -0.398592 -0.899003 -2.57295
50 80 80 -0.404849 -0.298747 -0.864203 -2.37948
50 80 90 0.125852 -0.345098 -0.930091 -2.77722
50 90 0 0.42993 -0.895975 -0.111303 -0.258428
50 90 10 -0.547681 0.0269316 -0.836254 -2.06365
50 90 20 -0.0700509 -0.22558 -0.971703 -2.13028
50 90 30 -0.412292 0.738067 -0.53411 -1.59041
50 90 40 -0.176035 0.130463 -0.9757 -2.78572
50 90 50 -0.237828 0.336306 -0.911228 -2.54748
50 90 60 -0.00633155 -0.0370846 -0.999292 -2.88215
50 90 70 -0.678554 -0.385312 -0.625379 -1.64156
50 90 80 0.133031 0.0863878 -0.98734 -2.76434
50 90 90 0.213121 -0.444239 -0.87019 -2.16812
60 0 0 0.0765897 -0.0168508 -0.99692 -2.71272
60 0 10 0.0560029 0.194291 -0.979344 -2.77083
60 0 20 0.517486 -0.170456 -0.838542 -1.90122
60 0 30 -0.0466761 0.378671 -0.924353 -2.32293
60 0 40 -0.735648 0.354303 -0.577314 -1.61874
60 0 50 -0.0118421 -0.028985 -0.99951 -2.50651
60 0 60 0.127676 0.34458 -0.930034 -2.4347
60 0 70 -0.0489128 -0.153488 -0.986939 -2.61993
60 0 80 -0.3189 -0.249343 -0.914402 -1.98884
60 0 90 0.629886 0.151124 -0.761843 -2.20544
60 10 0 0.217113 -0.0472362 -0.975003 -2.53882
60 10 10 -0.461781 0.171182 -0.870319 -2.31979
60 10 20 0.71394 0.0849074 -0.69504 -2.27873
60 10 30 -0.282719 0.135115 -0.949639 -2.22001
60 10 40 -0.287051 -0.406926 -0.867187 -2.46641
60 10 50 0.00218128 0.433803 -0.901005 -2.47562
60 10 60 0.38785 -0.148807 -0.909631 -2.52801
60 10 70 0.204574 0.139754 -0.968823 -2.77003
60 10 80 -0.149312 -0.581654 -0.799615 -2.11593
60 10 90 -0.228801 0.198076 -0.953109 -2.113
60 20 0 -0.168482 -0.043194 -0.984758 -2.76777
60 20 10 0.0184067 0.0604245 -0.998003 -2.82012
60 20 20 0.0936619 0.170539 -0.980889 -2.7703
60 20 30 0.313329 -0.281401 -0.906994 -2.69151
60 20 40 0.656443 0.64038 -0.398743 -0.924565
60 20 50 0.231613 -0.527013 -0.817687 -2.08104
60 20 60 -0.00623801 0.000145359 -0.999981 -2.59142
60 20 70 -0.495737 0.49816 -0.711394 -2.14272
60 20 80 -0.0485115 0.635005 -0.770983 -1.98446
60 20 90 0.56439 0.043727 -0.82435 -2.36076
60 30 0 0.00151651 0.00796423 -0.999967 -2.19909
60 30 10 0.238241 0.406661 -0.881968 -1.94408
60 30 20 -0.451432 0.469693 -0.758682 -2.1183
60 30 30 -0.157739 0.1835 -0.970282 -2.80181
60 30 40 -0.0632826 0.0564492 -0.996398 -2.66827
60 30 50 0.293651 -0.258151 -0.920395 -2.45743
60 30 60 0.241913 0.624134 -0.742923 -2.18789
60 30 70 -0.705487 0.354152 -0.613893 -2.15524
60 30 80 0.425252 -0.136549 -0.894715 -1.72537
60 30 90 0.240175 -0.39628 -0.886159 -2.35976
60 40 0 -0.469371 0.363008 -0.804933 -2.59602
60 40 10 0.358299 -0.0168122 -0.933456 -2.74252
60 40 20 0.429276 0.315225 -0.846378 -2.3377
60 40 30 0.0214237 -0.0384704 -0.99903 -2.72259
60 40 40 0.431099 -0.183296 -0.883491 -2.56169
60 40 50 0.149781 -0.00872311 -0.988681 -2.87201
60 40 60 0.181498 -0.148266 -0.97215 -2.83472
60 40 70 0.201557 -0.284768 -0.937167 -2.60034
60 40 80 -0.174043 -0.355128 -0.918473 -2.66916
60 40 90 0.0222322 0.0360997 -0.999101 -2.63733
60 50 0 0.405043 0.6052 -0.685327 -1.98625
60 50 10 0.0485664 -0.225766 -0.97297 -2.81385
60 50 20 0.0545665 -0.010556 -0.998454 -2.95783
60 50 30 -0.229375 -0.271713 -0.934644 -2.7329
60 50 40 0.0426228 0.144842 -0.988536 -2.80429
60 50 50 0.0337794 0.0558657 -0.997867 -2.59617
60 50 60 0.289603 0.792942 -0.536072 -1.73298
60 50 70 -0.464223 0.116028 -0.878086 -2.38249
60 50 80 -0.163395 0.358299 -0.919198 -2.60386
60 50 90 -0.627288 0.338346 -0.701449 -2.24595
60 60 0 -0.532151 -0.643952 -0.549673 -1.9009
60 60 10 -0.0509475 0.0877396 -0.99484 -2.48625
60 60 20 0.102869 0.132651 -0.98581 -2.72319
60 60 30 0.133437 0.249196 -0.959216 -2.507
60 60 40 0.00215211 -0.000543831 -0.999998 -2.6416
60 60 50 -0.158136 0.181732 -0.97055 -2.64198
60 60 60 0.089882 -0.64741 -0.756823 -1.47427
60 60 70 -0.450498 -0.223905 -0.864244 -2.44576
60 60 80 -0.116756 -0.0443719 -0.992169 -2.25929
60 60 90 0.0530114 -0.0572522 -0.996951 -2.57963
60 70 0 -0.502159 -0.499061 -0.70624 -1.98956
60 70 10 -0.272115 0.10228 -0.956814 -2.66976
60 70 20 0.0767674 -0.055322 -0.995513 -2.70792
60 70 30 0.0050844 0.013656 -0.999894 -2.86174
60 70 40 -0.230617 -0.179689 -0.956309 -2.52282
60 70 50 0.232424 -0.509529 -0.828468 -1.68481
60 70 60 -0.227836 0.129959 -0.964988 -2.46803
60 70 70 -0.0554465 -0.232798 -0.970943 -2.31496
60 70 80 -0.316113 -0.524414 -0.790609 -2.48359
60 70 90 -0.000303915 0.000549518 -1 -2.74171
60 80 0 0.0350755 0.375918 -0.925989 -2.47587
60 80 10 0.306229 -0.125384 -0.943665 -2.56181
60 80 20 -0.0194286 -0.0125324 -0.999733 -2.86867
60 80 30 0.616195 -0.681921 -0.394065 -1.05573
60 80 40 -0.564141 0.571712 -0.595727 -1.37208
60 80 50 -0.00561099 -0.00165018 -0.999983 -2.71298
60 80 60 0.103562 -0.591948 -0.799295 -2.19871
60 80 70 -0.0330012 -0.0137037 -0.999361 -2.5033
60 80 80 0.0393688 0.0522215 -0.997859 -2.87711
60 80 90 -0.00484847 -0.242195 -0.970215 -2.765
60 90 0 0.00699418 -0.00106358 -0.999975 -2.67313
60 90 10 -0.0734846 -0.133598 -0.988307 -2.70453
60 90 20 -0.109697 -0.0272719 -0.993591 -2.89459
60 90 30 -0.343897 0.451053 -0.823581 -2.39069
60 90 40 -0.131339 -0.236844 -0.962629 -2.3396
60 90 50 -0.267159 0.033648 -0.963065 -2.80018
60 90 60 0.000567177 0.323174 -0.946339 -2.27914
60 90 70 0.118608 0.167813 -0.978658 -2.68782
60 90 80 0.00402874 0.1185 -0.992946 -2.92645
60 90 90 -0.0271074 -0.0841605 -0.996083 -2.32363
70 0 0 0.371146 0.330398 -0.867807 -2.16459
70 0 10 -0.397049 -0.306119 -0.865242 -2.52047
70 0 20 0.142769 0.33121 -0.932693 -2.13926
70 0 30 -0.337893 0.264564 -0.903235 -1.94004
70 0 40 0.638306 -0.41378 -0.649116 -1.49553
70 0 50 -0.132713 -0.107025 -0.985359 -2.41501
70 0 60 -0.575317 0.515295 -0.635202 -1.65913
70 0 70 -0.0449013 -0.408469 -0.911667 -2.28518
70 0 80 0.433999 0.506743 -0.744887 -2.05382
70 0 90 -0.0543239 -0.0195568 -0.998332 -2.90064
70 10 0 0.111092 -0.474265 -0.873345 -2.18959
70 10 10 0.0420907 0.00623153 -0.999094 -2.70288
70 10 20 0.0079448 -0.0334099 -0.99941 -2.40119
70 10 30 -0.254364 0.0396579 -0.966295 -2.70509
70 10 40 -0.569314 -0.0629689 -0.819705 -1.331
70 10 50 -0.338837 0.0885183 -0.936672 -2.41
70 10 60 0.53605 0.722652 -0.436378 -1.11644
70 10 70 0.270281 0.0336964 -0.962191 -2.8828
70 10 80 0.347813 0.00778769 -0.937531 -2.71303
70 10 90 -0.0596402 0.0476976 -0.99708 -2.44811
70 20 0 -0.243641 -0.527848 -0.813643 -2.34917
70 20 10 -0.0521713 0.0633681 -0.996626 -2.40224
70 20 20 0.357589 0.154503 -0.92101 -2.74626
70 20 30 -0.11268 -0.0583635 -0.991916 -2.38673
70 20 40 -0.0971922 0.0869274 -0.991462 -2.92227
70 20 50 -0.38149 -0.34303 -0.858368 -2.61213
70 20 60 -0.214137 -0.150814 -0.965091 -2.69462
70 20 70 -0.654171 0.289216 -0.698867 -1.98434
70 20 80 -0.260334 -0.142167 -0.954995 -2.51216
