Position_x Position_y Position_z Spin_x Spin_y Spin_z Spin_energy Temperature n_spins
0 0 0 0.22049 0.759413 0.612108 -1.53264 0.801 729
1 0 0 0.00855856 -0.00533334 0.999949 -2.65592
2 0 0 0.242628 0.14688 0.958936 -2.58094
0 1 0 0.102015 -0.00330479 0.994777 -2.26762
1 1 0 0.0635256 0.322344 0.944489 -2.71835
2 1 0 -0.239463 -0.270636 0.932423 -2.17203
0 2 0 0.217897 0.49865 0.838969 -2.5142
1 2 0 0.0210494 0.427594 0.903726 -2.71417
2 2 0 0.211919 0.290306 0.933173 -1.42904
0 0 1 0.0968457 0.315154 0.944086 -1.89394
1 0 1 0.0207724 0.0334322 0.999225 -2.85766
2 0 1 0.344494 0.322147 0.881785 -2.41428
0 1 1 0.165556 -0.243124 0.955762 -1.94567
1 1 1 -0.0959759 -0.00539955 0.995369 -2.60869
2 1 1 0.803908 0.226151 0.55008 -1.49277
0 2 1 0.46776 0.830456 0.302562 -0.95277
1 2 1 -0.136586 -0.102748 0.985285 -2.38795
2 2 1 0.0578342 -0.285524 0.956625 -2.16065
0 0 2 -0.689198 -0.0927506 0.718612 -1.70107
1 0 2 0.00184148 -0.110313 0.993895 -2.7763
2 0 2 -0.21834 0.00816375 0.975839 -2.53424
0 1 2 -0.381276 0.847941 0.368273 -1.00671
1 1 2 0.0300637 -0.0212537 0.999322 -2.35595
2 1 2 0.119452 0.528566 0.840446 -2.35494
0 2 2 -0.169194 -0.507514 0.844868 -1.30567
1 2 2 0.216134 -0.0723311 0.973681 -2.76757
2 2 2 0.0214567 0.0267744 0.999411 -2.68044
3 0 0 -0.269571 -0.0607249 0.961064 -2.02402
4 0 0 0.96064 0.218621 0.171395 -0.695682
5 0 0 -0.280862 0.0394802 0.958936 -2.07596
3 1 0 -0.0241917 0.0991603 0.994777 -2.44056
4 1 0 0.738004 -0.158548 0.655906 -1.91502
5 1 0 -0.322576 -0.162884 0.932423 -2.38279
3 2 0 0.024462 -0.708227 0.705561 -1.72335
4 2 0 0.106475 -0.41466 0.903726 -2.40649
5 2 0 0.293148 0.20797 0.933173 -2.43247
3 0 1 -0.0701469 -0.32215 0.944086 -2.3571
4 0 1 -0.0287646 -0.0268664 0.999225 -2.4307
5 0 1 -0.451162 -0.137504 0.881785 -2.31635
3 1 1 -0.294015 0.00858218 0.955762 -2.12313
4 1 1 0.042226 -0.0863568 0.995369 -2.72718
5 1 1 0.02564 0.217986 0.975615 -2.71015
3 2 1 -0.611438 -0.731163 0.302562 -0.983201
4 2 1 -0.170917 0.000423765 0.985285 -2.53927
5 2 1 -0.201563 0.210336 0.956625 -2.69499
3 0 2 -0.154147 -0.718782 0.677932 -2.20426
4 0 2 -0.0376031 0.103723 0.993895 -2.43258
5 0 2 0.484026 -0.0845258 0.870961 -2.06069
3 1 2 0.324195 -0.263607 0.90852 -2.2892
4 1 2 -0.0288035 -0.0229326 0.999322 -2.84618
5 1 2 -0.035945 0.217009 0.975508 -2.68681
3 2 2 0.170535 0.507065 0.844868 -1.61433
4 2 2 0.0752223 -0.0171269 0.99702 -2.81562
5 2 2 0.0292642 0.0179127 0.999411 -2.75774
6 0 0 -0.790346 -0.0260312 0.612108 -1.78933
7 0 0 0.00662604 0.0076019 0.999949 -2.51261
8 0 0 -0.174064 -0.223928 0.958936 -2.32544
6 1 0 -0.0716309 0.0727119 0.994777 -2.08767
7 1 0 0.474603 0.586975 0.655906 -1.8171
8 1 0 -0.102277 0.346592 0.932423 -2.60514
6 2 0 -0.28423 0.64915 0.705561 -1.9345
7 2 0 -0.326718 -0.27665 0.903726 -2.03783
8 2 0 -0.192487 0.303539 0.933173 -2.76871
6 0 1 0.328787 0.0245041 0.944086 -1.97161
7 0 1 0.0264295 -0.0291666 0.999225 -2.85889
8 0 1 0.00572029 -0.471616 0.881785 -2.484
6 1 1 0.256812 -0.143408 0.955762 -2.63409
7 1 1 0.0820183 -0.0501351 0.995369 -2.7488
8 1 1 0.0486538 -0.214028 0.975615 -2.35398
6 2 1 -0.466116 0.358376 0.80889 -2.23424
7 2 1 0.0635821 0.158651 0.985285 -2.56321
8 2 1 -7.32165e-05 0.291323 0.956625 -2.51446
6 0 2 -0.662863 0.210259 0.718612 -1.29064
7 0 2 -0.0719442 -0.0836447 0.993895 -2.47832
8 0 2 -0.149309 0.159517 0.975839 -2.39115
6 1 2 0.415797 0.0412743 0.90852 -2.47455
7 1 2 -0.0309688 -0.0199118 0.999322 -1.92595
8 1 2 -0.868437 0.395907 0.298454 -0.889251
6 2 2 0.532874 -0.0473578 0.844868 -2.26633
7 2 2 0.0328228 0.873962 0.484885 -1.5681
8 2 2 -0.0141925 0.0312383 0.999411 -2.17038
0 3 0 0.338999 -0.244733 0.908397 -2.49074
1 3 0 -0.00885674 0.00482198 0.999949 -1.83497
2 3 0 0.0218424 -0.221404 -0.974938 2.71672
0 4 0 -0.0113509 -0.101435 0.994777 -2.65831
1 4 0 0.195773 0.263844 0.944489 -2.75088
2 4 0 -0.119288 0.341111 0.932423 -1.55107
0 5 0 -0.364921 -0.607467 0.705561 -2.50823
1 5 0 -0.196754 -0.0325038 0.979914 -2.71267
2 5 0 -0.226312 0.279231 0.933173 -2.44262
0 3 1 0.274158 0.183136 0.944086 -2.24595
1 3 1 -0.0310403 0.0242014 0.999225 -2.85535
2 3 1 0.0216411 0.471154 0.881785 -1.51602
0 4 1 -0.194747 -0.220436 0.955762 -2.61493
1 4 1 -0.0234875 0.0932141 0.995369 -2.87204
2 4 1 -0.160044 -0.150203 0.975615 -2.62794
0 5 1 -0.478352 -0.341873 0.80889 -2.35323
1 5 1 0.093456 0.143105 0.985285 -2.69218
2 5 1 0.23318 -0.174631 0.956625 -2.31013
0 3 2 -0.3627 0.593334 0.718612 -2.18052
1 3 2 -0.00954915 0.109915 0.993895 -2.75923
2 3 2 0.407595 0.274394 0.870961 -2.37849
0 4 2 -0.379912 0.173947 0.90852 -2.57268
1 4 2 -0.0243357 0.0276282 0.999322 -2.63059
2 4 2 -0.408679 -0.355855 0.840446 -1.89034
0 5 2 -0.501329 -0.186725 0.844868 -2.42212
1 5 2 -0.213688 -0.0792672 0.973681 -2.82685
2 5 2 0.0173972 -0.0295736 0.999411 -2.72171
3 3 0 -0.724066 0.317888 0.612108 -0.731945
4 3 0 -0.207978 -0.849116 0.485537 -1.00143
5 3 0 -0.152108 0.239385 0.958936 -2.34652
3 4 0 -0.0743555 0.0699233 0.994777 -2.30678
4 4 0 -0.346255 0.670742 0.655906 -1.63704
5 4 0 0.307551 0.189734 0.932423 -2.42054
3 5 0 -0.373649 -0.134596 0.917753 -2.21572
4 5 0 0.00858624 0.199236 0.979914 -2.47506
5 5 0 0.0399788 -0.100048 0.994179 -2.66092
3 3 1 0.31233 -0.1056 0.944086 -1.98202
4 3 1 0.0108807 0.0378261 0.999225 -2.57408
5 3 1 0.468694 0.0527349 0.881785 -2.41884
3 4 1 0.20445 0.211468 0.955762 -2.44326
4 4 1 -0.0913256 0.0300026 0.995369 -2.49967
5 4 1 0.643953 0.531729 0.55008 -1.93163
3 5 1 0.0432812 0.952147 0.302562 -0.899137
4 5 1 0.148465 -0.0846822 0.985285 -2.4388
5 5 1 -0.153107 0.247845 0.956625 -2.57287
3 3 2 0.694781 0.0295976 0.718612 -1.75238
4 3 2 -0.0570234 -0.0944496 0.993895 -2.67771
5 3 2 0.428398 0.240628 0.870961 -2.66705
3 4 2 0.141079 0.774954 0.61607 -1.62293
4 4 2 0.0322682 -0.0177288 0.999322 -2.63229
5 4 2 0.537324 -0.0702375 0.840446 -2.08452
3 5 2 -0.144779 -0.0557343 0.987893 -1.94735
4 5 2 0.117407 0.195349 0.973681 -2.78308
5 5 2 -0.022642 -0.0257798 0.999411 -1.76791
6 3 0 -0.111445 -0.0850438 0.990125 -2.62876
7 3 0 0.00533184 -0.00855949 0.999949 -2.84316
8 3 0 -0.181545 0.217907 0.958936 -2.64824
6 4 0 -0.0382962 0.0946119 0.994777 -2.42937
7 4 0 0.141335 0.296589 0.944489 -2.82984
8 4 0 0.198963 0.301662 0.932423 -2.36726
6 5 0 -0.218571 -0.674099 0.705561 -1.65978
7 5 0 0.00346483 0.199391 0.979914 -2.63871
8 5 0 -0.106277 -0.0176965 0.994179 -2.66246
6 3 1 -0.274453 -0.182694 0.944086 -2.403
7 3 1 -0.0117655 0.0375604 0.999225 -2.84795
8 3 1 -0.430185 -0.193378 0.881785 -2.41995
6 4 1 -0.243668 0.164755 0.955762 -2.31927
7 4 1 0.0745047 -0.0607419 0.995369 -2.4457
8 4 1 -0.712193 -0.436112 0.55008 -1.63249
6 5 1 -0.356698 0.467402 0.80889 -1.55017
7 5 1 0.16269 -0.0523928 0.985285 -2.76733
8 5 1 0.273108 0.101395 0.956625 -2.20143
6 3 2 0.678211 -0.153708 0.718612 -1.95836
7 3 2 -0.0646539 0.0893995 0.993895 -2.17602
8 3 2 -0.306391 0.384123 0.870961 -2.4404
6 4 2 0.0101274 0.929663 0.368273 -1.08695
7 4 2 -0.135549 0.717217 0.683539 -2.19985
8 4 2 -0.883282 0.361578 0.298454 -1.41881
6 5 2 0.247084 0.354665 -0.901755 1.53542
7 5 2 0.231425 -0.0565631 0.971207 -1.761
8 5 2 0.0096378 0.0329298 0.999411 -2.4407
0 6 0 -0.383412 -0.166764 0.908397 -2.56372
1 6 0 0.00998006 -0.00144633 0.999949 -2.4656
2 6 0 0.724782 0.477272 0.496894 -0.905991
0 7 0 0.101062 0.0142986 0.994777 -2.26799
1 7 0 -0.460796 -0.597875 0.655906 -2.0207
2 7 0 -0.360208 -0.0289217 0.932423 -2.20724
0 8 0 -0.33137 0.431653 0.838969 -1.80531
1 8 0 0.0193265 -0.427676 0.903726 -2.54509
2 8 0 -0.269875 -0.237391 0.933173 -2.54102
0 6 1 0.327437 0.0385515 0.944086 -2.30848
1 6 1 -0.0183397 -0.0348262 0.999225 -2.89194
2 6 1 0.126597 0.0666377 0.989713 -2.39236
0 7 1 0.289773 -0.0504939 0.955762 -2.24961
1 7 1 0.0692974 0.0666213 0.995369 -2.48344
2 7 1 -0.470337 0.690069 0.55008 -0.608351
0 8 1 -0.071003 -0.950481 0.302562 -0.55983
1 8 1 0.0186938 -0.169892 0.985285 -2.60502
2 8 1 -0.266825 -0.116933 0.956625 -2.113
0 6 2 0.192548 0.668223 0.718612 -1.41861
1 6 2 0.0504551 -0.0981157 0.993895 -2.39915
2 6 2 -0.413044 0.266121 0.870961 -1.75942
0 7 2 0.22095 -0.903081 0.368273 -1.05783
1 7 2 -0.0259575 0.0261105 0.999322 -2.20691
2 7 2 0.496378 -0.815189 0.298454 -0.363465
0 8 2 0.518384 -0.132195 0.844868 -1.65778
1 8 2 -0.182577 -0.153044 0.971207 -2.66206
2 8 2 0.0307519 0.0152178 0.999411 -2.05232
3 6 0 -0.245783 -0.751608 0.612108 -0.915934
4 6 0 -0.841457 0.237073 0.485537 -1.32846
5 6 0 0.0152692 -0.283212 0.958936 -2.38097
3 7 0 -0.10156 -0.0101788 0.994777 -1.36076
4 7 0 -0.22528 0.924974 0.306058 -0.833061
5 7 0 -0.216249 -0.289522 0.932423 -2.14646
3 8 0 0.571402 -0.148477 0.807127 -2.18966
4 8 0 0.428082 0.00509996 0.903726 -2.10594
5 8 0 0.0280387 -0.358331 0.933173 -2.56545
3 6 1 0.0385693 0.327435 0.944086 -1.58466
4 6 1 -0.0204723 0.0336168 0.999225 -2.6605
5 6 1 -0.142558 -0.0120297 0.989713 -2.53129
3 7 1 0.656237 0.363405 -0.661279 1.15327
4 7 1 -0.0630936 -0.0725239 0.995369 -1.4712
5 7 1 0.637296 -0.53969 0.55008 -1.59077
3 8 1 0.790628 -0.532319 0.302562 -1.03011
4 8 1 -0.118988 0.122697 0.985285 -2.33856
5 8 1 0.17703 -0.231364 0.956625 -2.45185
3 6 2 0.0884598 0.689762 0.718612 -1.60903
4 6 2 -0.0983065 -0.0500823 0.993895 -2.69505
5 6 2 -0.00708107 -0.4913 0.870961 -2.01965
3 7 2 0.598463 -0.668458 0.441596 -1.1083
4 7 2 0.00678775 -0.0361866 0.999322 -1.6977
5 7 2 0.803546 -0.522158 -0.285772 0.575907
3 8 2 -0.0632427 -0.99289 0.10085 -0.941609
4 8 2 0.225037 0.0781993 0.971207 -2.35472
5 8 2 -0.00693897 -0.0336022 0.999411 -2.20536
6 6 0 -0.219781 0.167489 0.961064 -2.39932
7 6 0 0.0082554 0.00579152 0.999949 -2.71965
8 6 0 -0.19011 -0.210476 0.958936 -2.74387
6 7 0 -0.0298929 0.0975931 0.994777 -2.38878
7 7 0 -0.60546 -0.450784 0.655906 -1.5683
8 7 0 0.323355 0.161332 0.932423 -2.36491
6 8 0 -0.541953 -0.0491766 0.838969 -2.26671
7 8 0 0.415982 0.101187 0.903726 -2.11725
8 8 0 0.0993481 0.345423 0.933173 -2.69273
6 6 1 0.0368852 0.327629 0.944086 -2.64838
7 6 1 0.00832126 -0.0384703 0.999225 -2.83864
8 6 1 -0.44366 0.160065 0.881785 -2.42704
6 7 1 -0.279409 0.0919169 0.955762 -2.3015
7 7 1 0.0868887 -0.0411203 0.995369 -2.6802
8 7 1 -0.211903 -0.0572032 0.975615 -2.66051
6 8 1 -0.409805 0.421613 0.80889 -2.35629
7 8 1 -0.125951 0.0971376 0.987269 -2.78342
8 8 1 -0.260656 0.130106 0.956625 -2.35476
6 6 2 0.677302 0.157667 0.718612 -1.07824
7 6 2 0.0840869 0.0714269 0.993895 -2.59886
8 6 2 0.0665261 -0.208118 0.975839 -2.51077
6 7 2 -0.650673 0.617752 0.441596 -0.515735
7 7 2 0.0357768 -0.00869277 0.999322 -2.39143
8 7 2 0.0900926 -0.534354 0.840446 -2.44407
6 8 2 -0.153639 -0.0215053 0.987893 -2.38977
7 8 2 -0.0404092 0.234785 0.971207 -2.80499
8 8 2 -0.0195043 -0.0282284 0.999411 -2.70853
0 0 3 -0.077505 0.410862 0.908397 -2.54961
1 0 3 0.0087131 0.00507694 0.999949 -2.66108
2 0 3 -0.0695478 0.274964 0.958936 -2.81207
0 1 3 -0.0639473 0.0795534 0.994777 -1.24395
1 1 3 0.0321433 -0.754158 0.655906 -1.85444
2 1 3 -0.055182 0.35713 0.932423 -2.44445
0 2 3 -0.266757 -0.656524 0.705561 -2.42513
1 2 3 0.242575 -0.352757 0.903726 -2.55233
2 2 3 -0.314501 0.174001 0.933173 -2.38178
0 0 4 -0.329416 -0.0136473 0.944086 -2.46266
1 0 4 0.0392596 0.00280946 0.999225 -2.85465
2 0 4 0.314521 0.35147 0.881785 -2.19726
0 1 4 0.187093 -0.226968 0.955762 -2.64058
1 1 4 0.095999 0.0049713 0.995369 -2.6003
2 1 4 -0.651689 0.0835893 0.753866 -2.18618
0 2 4 -0.14351 -0.0117514 0.989579 -2.57244
1 2 4 0.155215 -0.071562 0.985285 -2.84982
2 2 4 0.060083 -0.28506 0.956625 -2.47453
0 0 5 -0.497988 -0.485391 0.718612 -1.75748
1 0 5 0.101038 -0.0443134 0.993895 -2.46707
2 0 5 0.066213 -0.48687 0.870961 -2.33483
0 1 5 -0.263176 0.324545 0.90852 -2.12217
1 1 5 0.0339622 -0.0142168 0.999322 -2.78615
2 1 5 -0.511736 -0.178261 0.840446 -2.21386
0 2 5 0.455575 -0.280444 0.844868 -2.26121
1 2 5 -0.0487238 0.233201 0.971207 -2.55529
2 2 5 0.0821014 -0.345024 0.934996 -2.29694
3 0 3 -0.263325 -0.0837614 0.961064 -2.36315
4 0 3 0.0175482 0.87404 0.485537 -1.34604
5 0 3 -0.0442273 -0.280153 0.958936 -2.3
3 1 3 0.026322 0.0986162 0.994777 -2.69204
4 1 3 0.0555788 0.323809 0.944489 -2.53632
5 1 3 0.0379352 -0.359371 0.932423 -2.31241
3 2 3 0.182119 -0.5128 0.838969 -1.96221
4 2 3 0.402668 -0.14539 0.903726 -2.65233
5 2 3 0.318851 -0.165896 0.933173 -2.70602
3 0 4 -0.301308 -0.133847 0.944086 -2.27122
4 0 4 -0.0389709 -0.00552022 0.999225 -2.60246
5 0 4 -0.366226 -0.29721 0.881785 -2.21658
3 1 4 -0.275285 -0.103616 0.955762 -2.36088
4 1 4 0.066857 -0.06907 0.995369 -2.60882
5 1 4 0.173545 0.81688 0.55008 -1.35772
3 2 4 0.569646 -0.145604 0.80889 -2.19684
4 2 4 -0.125019 0.116547 0.985285 -2.65519
5 2 4 -0.252735 0.144893 0.956625 -2.47187
3 0 5 0.695392 -0.00522542 0.718612 -1.72215
4 0 5 0.10715 0.0262941 0.993895 -2.50363
5 0 5 -0.473372 0.131701 0.870961 -1.60225
3 1 5 0.093213 -0.925033 0.368273 -1.38915
4 1 5 -0.0128565 -0.0345001 0.999322 -2.53331
5 1 5 0.383869 0.382486 0.840446 -1.8348
3 2 5 0.458721 -0.882839 0.10085 -0.940481
4 2 5 0.215747 0.101045 0.971207 -2.30321
5 2 5 0.0219029 -0.0264107 0.999411 -2.72358
6 0 3 0.535132 -0.582201 0.612108 -1.39962
7 0 3 0.0631632 0.871931 0.485537 -1.27612
8 0 3 0.268512 -0.0913405 0.958936 -1.28253
6 1 3 0.0550916 -0.0859239 0.994777 -2.27544
7 1 3 0.0978503 0.946971 0.306058 -0.987508
8 1 3 -0.0402032 0.0161399 -0.999061 2.1645
6 2 3 0.458963 -0.153276 0.875134 -2.7071
7 2 3 0.0529291 0.192268 0.979914 -2.11596
8 2 3 -0.106322 -0.343341 0.933173 -1.72437
6 0 4 0.127755 -0.373158 0.91893 -2.12924
7 0 4 0.0149489 -0.0364107 0.999225 -2.56272
8 0 4 -0.316394 0.349785 0.881785 -2.34791
6 1 4 -0.286315 -0.0673959 0.955762 -2.17264
7 1 4 0.0959235 0.00626235 0.995369 -2.55935
8 1 4 0.218928 -0.0156659 0.975615 -1.7537
6 2 4 0.300511 -0.101621 0.948349 -2.70596
7 2 4 0.121382 0.12033 0.985285 -2.89166
8 2 4 -0.152806 0.248031 0.956625 -2.7419
6 0 5 -0.40087 -0.568243 0.718612 -2.02727
7 0 5 0.0980067 -0.0506664 0.993895 -2.76576
8 0 5 0.113277 -0.186835 0.975839 -2.55749
6 1 5 -0.167473 -0.91451 0.368273 -1.19924
7 1 5 -0.00583995 -0.0363516 0.999322 -2.54544
8 1 5 0.533536 -0.094816 0.840446 -2.41298
6 2 5 0.15248 -0.0285847 0.987893 -2.34112
7 2 5 0.151729 0.183671 0.971207 -2.8455
8 2 5 0.0216809 0.0265932 0.999411 -2.66627
0 3 3 -0.404287 -0.106616 0.908397 -2.45613
1 3 3 -0.000709891 -0.0100593 0.999949 -2.66327
2 3 3 -0.268427 0.0915898 0.958936 -2.08535
0 4 3 0.000798861 0.102065 0.994777 -2.48313
1 4 3 0.639174 -0.401552 0.655906 -1.7231
2 4 3 0.307548 0.189739 0.932423 -2.18909
0 5 3 -0.0861413 -0.537318 0.838969 -2.23619
1 5 3 -0.424147 0.058129 0.903726 -2.22274
2 5 3 -0.0569286 0.354889 0.933173 -2.34583
0 3 4 0.199172 -0.340439 0.91893 -2.39228
1 3 4 0.0308312 -0.0244673 0.999225 -2.83424
2 3 4 -0.385169 0.272212 0.881785 -2.42103
0 4 4 0.0903498 -0.27992 0.955762 -2.54202
1 4 4 -0.0885165 0.037488 0.995369 -1.84339
2 4 4 -0.478966 0.684108 0.55008 -1.80428
0 5 4 0.14421 -0.672494 0.725916 -2.06086
1 5 4 0.11089 0.130063 0.985285 -2.27594
2 5 4 0.280737 0.0778179 0.956625 -2.19601
0 3 5 0.590072 0.367984 0.718612 -1.60044
1 3 5 -0.0925729 -0.0600221 0.993895 -1.75929
2 3 5 0.200003 0.448804 0.870961 -2.41039
0 4 5 0.409792 -0.672702 0.61607 -1.56975
1 4 5 0.534349 -0.812401 -0.233398 0.371475
2 4 5 0.430932 0.328555 0.840446 -1.77816
0 5 5 -0.787155 -0.608076 0.103105 -0.592983
1 5 5 0.0905367 0.209162 0.973681 -1.69085
2 5 5 -0.0107759 -0.0325751 0.999411 -2.34387
3 3 3 -0.0748296 -0.981168 -0.178075 0.272186
4 3 3 0.00606671 -0.00805534 0.999949 -1.94424
5 3 3 0.0136437 0.283295 0.958936 -2.6267
3 4 3 -0.0958749 0.0350143 0.994777 -1.92895
4 4 3 -0.200799 -0.26004 0.944489 -2.69252
5 4 3 -0.322028 0.163965 0.932423 -2.55639
3 5 3 0.202711 0.679037 0.705561 -1.47698
4 5 3 0.37602 -0.204669 0.903726 -2.40366
5 5 3 0.245391 0.262622 0.933173 -2.5913
3 3 4 0.308774 -0.115585 0.944086 -1.50528
4 3 4 -0.122056 0.923474 0.363727 -1.25857
5 3 4 0.0593679 0.4679 0.881785 -2.65805
3 4 4 -0.158041 0.248075 0.955762 -1.95659
4 4 4 0.0591557 0.0757703 0.995369 -2.55832
5 4 4 -0.212905 -0.0533549 0.975615 -2.67319
3 5 4 0.659828 -0.687811 0.302562 -0.878095
4 5 4 -0.157474 0.0664455 0.985285 -2.33952
5 5 4 0.286469 0.0529566 0.956625 -2.45955
3 3 5 -0.27191 0.640048 0.718612 -0.765305
4 3 5 -0.106353 -0.029351 0.993895 -2.14457
5 3 5 0.0928961 0.48249 0.870961 -2.29181
3 4 5 0.787676 -0.00496573 0.61607 -1.34689
4 4 5 -0.0222946 -0.0293001 0.999322 -2.64662
5 4 5 -0.536139 -0.0787794 0.840446 -2.4935
3 5 5 0.0108446 -0.994611 0.103105 -0.0964485
4 5 5 0.158029 0.17828 0.971207 -2.27029
5 5 5 -0.0327106 -0.0103575 0.999411 -2.77216
6 3 3 0.667815 0.423495 0.612108 -1.79638
7 3 3 -0.786328 0.382023 0.485537 -1.21086
8 3 3 0.107792 -0.262341 0.958936 -2.16655
6 4 3 -0.0886309 0.0506219 0.994777 -2.09709
7 4 3 -0.071659 0.751434 0.655906 -2.245
8 4 3 0.347081 0.100604 0.932423 -1.77892
6 5 3 0.393394 0.589427 0.705561 -1.80882
7 5 3 0.252731 0.345553 0.903726 -2.57103
8 5 3 -0.0249599 0.358559 0.933173 -2.64557
6 3 4 0.217054 0.248172 0.944086 -2.67437
7 3 4 -0.0307403 0.0245813 0.999225 -2.61395
8 3 4 -0.232748 0.410223 0.881785 -2.18182
6 4 4 0.136404 0.2606 0.955762 -2.46164
7 4 4 0.0625468 0.072996 0.995369 -2.50545
8 4 4 -0.626513 -0.552171 0.55008 -1.2348
6 5 4 0.941424 0.14892 0.302562 -1.24535
7 5 4 -0.168979 -0.0256706 0.985285 -2.39107
8 5 4 -0.0878505 0.277761 0.956625 -2.35404
6 3 5 -0.269586 0.641031 0.718612 -2.08475
7 3 5 0.0233974 -0.107819 0.993895 -2.66592
8 3 5 -0.477242 -0.116902 0.870961 -2.2094
6 4 5 -0.211497 -0.36036 0.90852 -2.37008
7 4 5 0.0359436 0.00797521 0.999322 -2.8637
8 4 5 0.199958 0.0916609 0.975508 -2.2357
6 5 5 -0.150641 0.0370766 0.987893 -2.33418
7 5 5 -0.223739 -0.0818403 0.971207 -2.78166
8 5 5 0.0157387 0.0304885 0.999411 -2.74183
0 6 3 -0.263575 0.324566 0.908397 -2.28913
1 6 3 -0.820061 -0.30291 0.485537 -2.04545
2 6 3 -0.569159 -0.655099 0.496894 -1.88867
0 7 3 0.0416475 0.0931852 0.994777 -2.44756
1 7 3 -0.179653 0.275074 0.944489 -2.59676
2 7 3 -0.341059 0.119437 0.932423 -1.73893
0 8 3 0.0522023 0.541669 0.838969 -2.32891
1 8 3 0.23789 0.355933 0.903726 -2.67495
2 8 3 0.152403 0.325516 0.933173 -2.63408
0 6 4 -0.255477 -0.300499 0.91893 -2.37612
1 6 4 -0.64971 -0.667518 0.363727 -1.57883
2 6 4 -0.0874751 -0.463468 0.881785 -2.2247
0 7 4 -0.0586445 0.288234 0.955762 -1.90302
1 7 4 -0.0826641 0.0490629 0.995369 -2.32398
2 7 4 0.746338 -0.374689 0.55008 -1.22707
0 8 4 -0.924409 0.232217 0.302562 -1.02786
1 8 4 0.135129 -0.104656 0.985285 -2.35713
2 8 4 -0.174947 0.232943 0.956625 -2.01822
0 6 5 -0.542079 -0.435599 0.718612 -2.11311
1 6 5 -0.0324202 0.105458 0.993895 -2.19751
2 6 5 0.0824072 0.202356 0.975839 -1.8331
0 7 5 -0.322408 -0.718687 0.61607 -1.74428
1 7 5 -0.0104835 -0.0352936 0.999322 -2.65118
2 7 5 0.170787 0.514279 0.840446 -2.30956
0 8 5 -0.67138 -0.734219 0.10085 -1.42013
1 8 5 -0.0142803 0.237809 0.971207 -2.26582
2 8 5 -0.0292114 -0.0179987 0.999411 -2.67737
3 6 3 -0.1509 -0.389928 0.908397 -2.05289
4 6 3 0.00827621 -0.00576174 0.999949 -2.48173
5 6 3 -0.245714 -0.240194 0.939112 -2.59221
3 7 3 0.013954 0.10111 0.994777 -1.99807
4 7 3 0.859408 -0.409568 0.306058 -1.07684
5 7 3 -0.2355 -0.274091 0.932423 -1.28852
3 8 3 -0.650119 0.282008 0.705561 -1.26567
4 8 3 0.409579 -0.1246 0.903726 -1.96075
5 8 3 -0.0900988 -0.0590777 0.994179 -2.7076
3 6 4 0.227339 -0.238785 0.944086 -2.4107
4 6 4 -0.038768 -0.00680068 0.999225 -2.85332
5 6 4 -0.366484 0.296891 0.881785 -1.77757
3 7 4 -0.128254 -0.264706 0.955762 -1.94923
4 7 4 0.0949599 -0.0149379 0.995369 -1.83385
5 7 4 -0.500384 -0.717984 -0.483854 0.429182
3 8 4 -0.407356 -0.861695 0.302562 -0.814531
4 8 4 -0.1632 -0.0507794 0.985285 -2.47556
5 8 4 0.106553 0.271137 0.956625 -1.64261
3 6 5 0.319907 0.617459 0.718612 -1.46118
4 6 5 -0.0892634 -0.0648416 0.993895 -2.69357
5 6 5 -0.486827 -0.0665259 0.870961 -2.55258
3 7 5 0.108924 0.923315 0.368273 -1.59278
4 7 5 -0.0208508 -0.0303445 0.999322 -2.24558
5 7 5 -0.843269 0.447015 0.298454 -1.33002
3 8 5 0.0982589 0.525873 0.844868 -1.92852
4 8 5 0.0121064 0.237929 0.971207 -2.75164
5 8 5 -0.00748537 0.0334848 0.999411 -2.41449
6 6 3 -0.169932 0.382018 0.908397 -2.3352
7 6 3 0.00560686 0.00838192 0.999949 -2.83442
8 6 3 0.0344727 0.28152 0.958936 -2.80076
6 7 3 -0.0945119 -0.0385422 0.994777 -1.72176
7 7 3 0.0915559 -0.0429841 0.994872 -2.1875
8 7 3 0.284755 0.222489 0.932423 -2.45705
6 8 3 0.544056 -0.0115977 0.838969 -2.2448
7 8 3 0.420689 0.0793787 0.903726 -2.41355
8 8 3 -0.240912 0.266737 0.933173 -2.48789
6 6 4 0.284053 -0.167378 0.944086 -1.30338
7 6 4 -0.0388305 -0.00643428 0.999225 -2.13728
8 6 4 -0.284754 0.375992 0.881785 -2.24386
6 7 4 -0.584259 -0.494805 -0.64328 0.290494
7 7 4 0.121371 -0.894101 -0.431105 0.400354
8 7 4 0.65681 -0.515764 0.55008 -0.706861
6 8 4 0.399354 0.865432 0.302562 -0.552956
7 8 4 -0.170212 0.0155215 0.985285 -1.68855
8 8 4 0.106804 -0.271038 0.956625 -2.01594
6 6 5 -0.683271 -0.129371 0.718612 -2.14423
7 6 5 0.0399542 0.10284 0.993895 -2.14966
8 6 5 0.159296 0.464813 0.870961 -1.89086
6 7 5 -0.691186 0.621801 0.368273 -1.26701
7 7 5 0.578503 0.781575 -0.233398 0.601318
8 7 5 -0.888756 0.347904 0.298454 -0.332962
6 8 5 -0.00898818 0.534899 0.844868 -2.1774
7 8 5 -0.0405095 0.224287 0.973681 -2.26861
8 8 5 -0.366133 0.0574215 0.928789 -2.09029
0 0 6 0.32832 0.719396 0.612108 -0.762664
1 0 6 0.539928 0.687555 0.485537 -1.76924
2 0 6 0.259131 -0.115296 0.958936 -2.44081
0 1 6 0.0489574 0.089561 0.994777 -2.59908
1 1 6 -0.0201695 0.0991126 0.994872 -2.5929
2 1 6 0.226938 -0.281222 0.932423 -2.61931
0 2 6 0.149789 -0.523158 0.838969 -2.41182
1 2 6 0.326006 -0.277489 0.903726 -2.18942
2 2 6 -0.231807 -0.274686 0.933173 -2.1799
0 0 7 -0.327399 0.153561 -0.932325 1.58176
1 0 7 0.894448 0.260126 0.363727 -0.747002
2 0 7 -0.140799 0.0253601 0.989713 -2.42614
0 1 7 0.120646 -0.268259 0.955762 -0.83006
1 1 7 -0.0912468 0.0302415 0.995369 -2.52491
2 1 7 0.156383 0.154011 0.975615 -2.74929
0 2 7 0.92938 -0.211445 0.302562 -1.07302
1 2 7 0.0508802 0.163169 0.985285 -2.47814
2 2 7 0.0609899 0.284867 0.956625 -2.07243
0 0 8 -0.330216 -0.612008 0.718612 -0.659997
1 0 8 -0.103211 -0.0389858 0.993895 -2.4313
2 0 8 -0.0995359 -0.194503 0.975839 -2.74501
0 1 8 -0.415094 0.831909 0.368273 -0.943119
1 1 8 0.031493 -0.0190718 0.999322 -2.55351
2 1 8 0.0476539 -0.214742 0.975508 -2.78162
0 2 8 -0.005208 0.155049 0.987893 -2.05057
1 2 8 -0.214525 -0.103615 0.971207 -2.67953
2 2 8 0.366323 -0.0561964 0.928789 -2.60965
3 0 6 0.190691 -0.767438 0.612108 -1.78604
4 0 6 0.722843 -0.491682 0.485537 -1.27692
5 0 6 0.15624 0.635451 -0.756168 1.86389
3 1 6 0.093252 0.0414978 0.994777 -2.27095
4 1 6 0.0899861 -0.0461804 0.994872 -2.60073
5 1 6 -0.288464 0.217658 0.932423 -1.72229
3 2 6 0.395298 -0.373992 0.838969 -2.34391
4 2 6 -0.416139 -0.100539 0.903726 -2.35713
5 2 6 -0.139949 -0.331061 0.933173 -2.31765
3 0 7 0.197336 -0.264121 0.944086 -2.34929
4 0 7 -0.0248297 0.03054 0.999225 -2.57019
5 0 7 0.350123 0.316019 0.881785 -1.43131
3 1 7 -0.27124 -0.113786 0.955762 -2.48361
4 1 7 -0.0590225 0.075874 0.995369 -2.70238
5 1 7 -0.83497 0.0153773 0.55008 -1.72933
3 2 7 0.4685 -0.355254 0.80889 -2.412
4 2 7 -0.0447717 -0.16495 0.985285 -2.74082
5 2 7 -0.240944 0.163752 0.956625 -2.65404
3 0 8 -0.586091 -0.374291 0.718612 -2.14834
4 0 8 -0.0268887 -0.107002 0.993895 -2.32685
5 0 8 0.369134 -0.324293 0.870961 -2.17873
3 1 8 0.391278 0.146603 0.90852 -2.31432
4 1 8 0.0082467 0.0358823 0.999322 -2.63584
5 1 8 -0.528646 0.119096 0.840446 -1.89436
3 2 8 -0.0335009 0.151476 0.987893 -2.3523
4 2 8 -0.200963 0.127947 0.971207 -2.75082
5 2 8 -0.0101746 0.370469 0.928789 -2.31928
6 0 6 0.295463 -0.295832 0.908397 -1.47878
7 0 6 -0.0077944 -0.0063985 0.999949 -2.8315
8 0 6 -0.0953937 -0.267099 0.958936 -1.63075
6 1 6 -0.00333323 -0.102014 0.994777 -2.4551
7 1 6 0.0545509 -0.0851723 0.994872 -2.85516
8 1 6 0.0781274 0.352821 0.932423 -2.54209
6 2 6 -0.00954517 0.544095 0.838969 -2.22072
7 2 6 0.416311 -0.0998257 0.903726 -2.58711
8 2 6 0.356676 0.0443812 0.933173 -2.62264
6 0 7 -0.0100055 -0.329547 0.944086 -2.31481
7 0 7 0.0112754 0.0377104 0.999225 -2.23516
8 0 7 0.109209 0.923317 -0.368185 0.312797
6 1 7 0.242845 0.165966 0.955762 -2.122
7 1 7 -0.0922006 -0.0271951 0.995369 -2.65296
8 1 7 0.16386 0.818878 0.55008 -1.6974
6 2 7 -0.503858 0.303025 0.80889 -2.33729
7 2 7 -0.170332 0.0141437 0.985285 -2.49818
8 2 7 -0.203717 0.208251 0.956625 -2.08591
6 0 8 0.197491 -0.666779 0.718612 -2.02852
7 0 8 -0.0677186 -0.087101 0.993895 -2.74238
8 0 8 0.404032 -0.279615 0.870961 -1.37756
6 1 8 0.897123 0.244017 0.368273 -0.265462
7 1 8 -0.0108024 0.0351973 0.999322 -2.28533
8 1 8 -0.65191 0.378087 0.657315 -1.84986
6 2 8 -0.991324 -0.0842964 0.10085 -0.32618
7 2 8 0.232648 0.0512994 0.971207 -2.1763
8 2 8 -0.0277936 0.0201191 0.999411 -2.66005
0 3 6 0.456502 -0.645701 0.612108 -1.54834
1 3 6 -0.156295 0.860131 0.485537 -0.816138
2 3 6 0.757635 0.423185 0.496894 -1.31472
0 4 6 0.0258831 0.0987323 0.994777 -2.33091
1 4 6 -0.0978311 -0.0256748 0.994872 -1.93406
2 4 6 0.160884 -0.323578 0.932423 -2.30304
0 5 6 -0.316456 0.634065 0.705561 -1.74628
1 5 6 0.20266 0.377106 0.903726 -2.27428
2 5 6 -0.227188 -0.278519 0.933173 -1.76317
0 3 7 0.286411 -0.16331 0.944086 -2.42142
1 3 7 0.0194653 -0.0342098 0.999225 -1.95257
2 3 7 0.697858 0.614357 -0.368185 0.4649
0 4 7 -0.241446 0.167994 0.955762 -2.53198
1 4 7 0.0946543 0.0167656 0.995369 -2.6616
2 4 7 -0.131361 -0.824716 0.55008 -0.969739
0 5 7 -0.129964 -0.573417 0.80889 -2.15266
1 5 7 0.159205 0.0621831 0.985285 -2.69521
2 5 7 -0.208239 -0.203729 0.956625 -2.31325
0 3 8 0.142317 -0.680693 0.718612 -2.16654
1 3 8 0.0714754 -0.0840456 0.993895 -2.72869
2 3 8 0.124117 0.475417 0.870961 -0.659061
0 4 8 0.11476 -0.401772 0.90852 -2.45638
1 4 8 0.0175078 0.0323886 0.999322 -2.67028
2 4 8 -0.269944 -0.70361 0.657315 -1.25667
0 5 8 -0.0940524 -0.526642 0.844868 -2.37792
1 5 8 -0.218826 0.0941916 0.971207 -2.72124
2 5 8 0.199388 0.312402 0.928789 -2.05827
3 3 6 0.267842 -0.744033 0.612108 -0.999433
4 3 6 -0.684147 0.54424 0.485537 -0.812674
5 3 6 -0.858019 0.130001 0.496894 -1.95228
3 4 6 -0.0972291 0.0310566 0.994777 -0.872837
4 4 6 -0.030965 -0.949689 -0.31166 0.880928
5 4 6 -0.112043 -0.343559 0.932423 -2.02137
3 5 6 0.679623 0.200737 0.705561 -0.76363
4 5 6 -0.139939 -0.142076 0.979914 -2.07682
5 5 6 -0.104903 -0.0245615 0.994179 -2.80701
3 3 7 0.239587 -0.226494 0.944086 -1.07568
4 3 7 0.00265715 0.0392702 0.999225 -2.59961
5 3 7 -0.337909 0.329047 0.881785 -2.65737
3 4 7 -0.840075 -0.00555077 -0.542442 0.423409
4 4 7 -0.0168115 0.0946462 0.995369 -1.47733
5 4 7 -0.0544295 0.212632 0.975615 -2.67297
3 5 7 -0.881741 0.361924 0.302562 -1.0769
4 5 7 -0.145918 0.0889991 0.985285 -2.20624
5 5 7 0.151725 0.248694 0.956625 -2.51399
3 3 8 -0.653852 -0.236801 0.718612 -1.87803
4 3 8 0.0714197 -0.0840929 0.993895 -2.43136
5 3 8 -0.13929 0.471195 0.870961 -2.56838
3 4 8 -0.722989 0.584518 0.368273 -1.0315
4 4 8 -0.0156917 0.0333064 0.999322 -2.31261
5 4 8 -0.0402227 0.752541 0.657315 -2.0965
3 5 8 -0.24544 -0.475349 0.844868 -1.48418
4 5 8 0.176466 0.160052 0.971207 -2.72031
5 5 8 -0.0956987 0.358039 0.928789 -2.75176
6 3 6 -0.417074 0.0293871 0.908397 -2.50358
7 3 6 0.00790154 0.00626571 0.999949 -2.50851
8 3 6 -0.0817286 -0.271592 0.958936 -2.486
6 4 6 0.100984 -0.0148418 0.994777 -2.66334
7 4 6 0.0314652 -0.0961252 0.994872 -2.84277
8 4 6 -0.262565 0.248286 0.932423 -2.69763
6 5 6 -0.509604 -0.190879 0.838969 -2.42068
7 5 6 0.403574 -0.142857 0.903726 -2.38183
8 5 6 0.0540154 0.355344 0.933173 -2.4874
6 3 7 -0.2431 -0.222719 0.944086 -2.34945
7 3 7 -0.759891 0.538765 0.363727 -1.03014
8 3 7 0.458976 0.10861 0.881785 -2.1168
6 4 7 0.2179 -0.19758 0.955762 -2.32456
7 4 7 -0.0451441 0.0848678 0.995369 -2.60756
8 4 7 -0.0484574 0.214072 0.975615 -2.79752
6 5 7 -0.28274 -0.515515 0.80889 -2.33272
7 5 7 -0.164583 -0.0461011 0.985285 -2.72854
8 5 7 0.290109 -0.0265657 0.956625 -2.02472
6 3 8 -0.656489 -0.302376 0.69108 -2.28834
7 3 8 -0.06201 -0.0912533 0.993895 -2.38181
8 3 8 0.259921 0.416974 0.870961 -2.32847
6 4 8 -0.884566 -0.150123 0.441596 -1.48661
7 4 8 0.0021041 -0.0367576 0.999322 -2.62012
8 4 8 0.0246684 -0.0157368 0.999572 -2.75788
6 5 8 -0.434271 0.312419 0.844868 -1.91481
7 5 8 -0.205863 -0.119904 0.971207 -2.72803
8 5 8 0.114178 0.352582 0.928789 -2.4538
0 6 6 -0.344064 -0.237559 0.908397 -2.10499
1 6 6 -0.851349 0.19864 0.485537 -1.4166
2 6 6 -0.723313 -0.219839 -0.654591 0.967225
0 7 6 -0.0213619 0.0998082 0.994777 -2.5133
1 7 6 -0.0609853 0.0806903 0.994872 -2.65932
2 7 6 -0.168673 0.319587 0.932423 -1.90919
0 8 6 -0.507125 -0.197372 0.838969 -1.8802
1 8 6 -0.428108 -0.0018936 0.903726 -2.33073
2 8 6 -0.101608 0.0358305 0.994179 -2.78445
0 6 7 -0.879428 -0.42122 0.221766 -0.948041
1 6 7 -0.0327598 0.0218174 0.999225 -2.26345
2 6 7 -0.465101 0.0783317 0.881785 -1.84019
0 7 7 0.286967 0.0645604 0.955762 -1.95423
1 7 7 -0.0557974 -0.0782763 0.995369 -2.67433
2 7 7 -0.781408 0.294641 0.55008 -1.81603
0 8 7 0.253925 -0.530301 0.80889 -1.45573
1 8 7 0.165867 -0.0412445 0.985285 -2.47324
2 8 7 -0.252755 -0.144859 0.956625 -2.49152
0 6 8 -0.654022 0.23633 0.718612 -1.49915
1 6 8 0.0211463 0.108283 0.993895 -2.70007
2 6 8 0.19004 -0.453112 0.870961 -1.96517
0 7 8 0.68365 -0.630077 0.368273 -0.859219
1 7 8 0.0364049 -0.00549821 0.999322 -2.45051
2 7 8 0.0223243 0.0189157 0.999572 -2.53884
0 8 8 -0.057386 -0.144132 0.987893 -2.31141
1 8 8 0.133778 -0.19713 0.971207 -2.87814
2 8 8 0.295074 -0.224236 0.928789 -2.65131
3 6 6 -0.413375 0.0627348 0.908397 -1.48788
4 6 6 0.00632608 -0.00785329 0.999949 -2.55159
5 6 6 -0.0824237 0.271382 0.958936 -2.64265
3 7 6 0.0754578 -0.0687323 0.994777 -2.36084
4 7 6 -0.034581 -0.0950488 0.994872 -2.88157
5 7 6 -0.334899 -0.135755 0.932423 -2.4354
3 8 6 -0.295537 0.456934 0.838969 -2.04155
4 8 6 0.240004 -0.354511 0.903726 -2.38623
5 8 6 0.334996 -0.13025 0.933173 -1.56779
3 6 7 -0.373338 0.771455 0.515244 -1.15002
4 6 7 0.807103 -0.465067 0.363727 -0.640813
5 6 7 -0.168258 -0.440618 0.881785 -2.07121
3 7 7 0.293137 -0.0242716 0.955762 -2.08028
4 7 7 0.00393051 -0.0960473 0.995369 -2.50444
5 7 7 -0.546462 -0.36478 0.753866 -2.10309
3 8 7 -0.0225865 0.587526 0.80889 -2.09073
4 8 7 0.0895657 0.145571 0.985285 -2.72453
5 8 7 -0.284998 0.0603748 0.956625 -2.11439
3 6 8 0.642113 0.266998 0.718612 -1.48495
4 6 8 0.0992943 0.048094 0.993895 -2.19516
5 6 8 -0.00420871 0.491333 0.870961 -2.22584
3 7 8 0.208667 0.362007 0.90852 -2.48491
4 7 8 -0.0365177 0.0046906 0.999322 -2.70626
5 7 8 -0.023532 -0.0173903 0.999572 -2.50707
3 8 8 -0.103927 -0.524782 0.844868 -2.11326
4 8 8 0.010408 -0.227678 0.973681 -2.72927
5 8 8 -0.258093 0.265967 0.928789 -2.32588
6 6 6 -0.077107 0.117077 0.990125 -2.71147
7 6 6 0.00538927 0.00852345 0.999949 -2.6412
8 6 6 -0.715177 0.491547 0.496894 -0.952527
6 7 6 -0.006614 0.101854 0.994777 -1.6717
7 7 6 -0.0396433 0.0930512 0.994872 -1.55982
8 7 6 -0.306183 -0.191933 0.932423 -2.27976
6 8 6 -0.195085 0.681267 0.705561 -1.57601
7 8 6 -0.422289 0.0703717 0.903726 -2.50482
8 8 6 0.35537 -0.0538482 0.933173 -2.25908
6 6 7 -0.319037 -0.0831668 0.944086 -1.8592
7 6 7 0.00987181 0.0381019 0.999225 -1.48153
8 6 7 0.352864 -0.86019 -0.368185 1.12721
6 7 7 -0.650884 -0.403163 -0.64328 0.657421
7 7 7 -0.792672 -0.431068 -0.431105 0.291777
8 7 7 -0.218542 0.0203629 0.975615 -1.48506
6 8 7 0.905288 -0.298178 0.302562 0.171382
7 8 7 -0.576955 0.431253 0.693645 -1.20373
8 8 7 0.0493272 0.163442 0.985319 -1.99974
6 6 8 0.68121 -0.139818 0.718612 -1.70692
7 6 8 0.0292568 0.106379 0.993895 -2.74779
8 6 8 0.0271535 -0.216798 0.975839 -2.04931
6 7 8 0.663929 -0.423859 0.61607 -1.44095
7 7 8 0.0030041 -0.036695 0.999322 -1.87611
8 7 8 -0.0203561 0.0210192 0.999572 -2.52407
6 8 8 0.181722 -0.503164 0.844868 -2.23995
7 8 8 -0.0705517 -0.227551 0.971207 -2.5274
8 8 8 0.228768 0.291574 0.928789 -2.65152
