Position_x Position_y Position_z Spin_x Spin_y Spin_z Spin_energy Temperature n_spins
0 0 0 0.425374 0.0516209 -0.903544 -1.9395 0.501 729
0 0 10 -0.0261797 0.154423 -0.987658 -2.56866
0 0 20 -0.137716 -0.47132 -0.871144 -2.68044
0 0 30 0.0737504 0.0724233 -0.994644 -2.49387
0 0 40 0.223265 0.164988 -0.960693 -2.65626
0 0 50 -0.576898 -0.347865 -0.739039 -2.17624
0 0 60 -0.284191 -0.0314434 -0.958252 -2.35039
0 0 70 0.641354 0.509556 -0.573601 -1.80362
0 0 80 0.654362 -0.754751 0.0464757 -0.288999
0 0 90 0.0406348 -0.352898 -0.934779 -2.47283
0 10 0 -0.0696999 -0.448248 -0.891188 -2.35558
0 10 10 0.516433 0.423903 -0.744045 -1.84419
0 10 20 0.562636 -0.106466 -0.819821 -2.27128
0 10 30 0.0674304 0.0504261 -0.996449 -2.59579
0 10 40 -0.0880288 0.743119 -0.663343 -2.38784
0 10 50 0.246191 0.39376 -0.885631 -2.02179
0 10 60 0.769999 0.58231 -0.2608 -0.1585
0 10 70 -0.144476 -0.67112 -0.727134 -1.794
0 10 80 -0.293495 0.280859 -0.913772 -2.32083
0 10 90 -0.680401 -0.288998 -0.673449 -1.99608
0 20 0 -0.378258 0.22677 -0.897494 -2.42156
0 20 10 0.000109526 0.000561793 -1 -2.69247
0 20 20 0.429999 0.64972 -0.62687 -1.77266
0 20 30 0.631042 0.276216 -0.724907 -2.5588
0 20 40 0.169464 -0.830501 -0.530613 -1.52768
0 20 50 -0.304501 -0.601358 -0.738679 -2.56575
0 20 60 -0.362988 -0.345863 -0.865227 -2.71694
0 20 70 -0.175438 -0.0257974 -0.984152 -2.75914
0 20 80 -0.106928 0.399305 -0.910562 -2.8523
0 20 90 -0.0021136 0.000731229 -0.999997 -2.52772
0 30 0 -0.541578 -0.406781 -0.735678 -1.74805
0 30 10 0.133118 0.406067 -0.904096 -1.72621
0 30 20 -0.570367 -0.608784 -0.55142 -1.66293
0 30 30 -0.24475 0.175977 -0.953483 -2.35341
0 30 40 -0.0339699 -0.182505 -0.982618 -2.7652
0 30 50 0.0532513 0.234076 -0.970759 -2.56259
0 30 60 -0.0641194 0.230996 -0.97084 -2.88545
0 30 70 0.00582775 0.06253 -0.998026 -2.80101
0 30 80 -0.0272174 -0.456 -0.889563 -2.68175
0 30 90 -0.0091693 -0.83664 -0.547677 -2.11073
0 40 0 0.572619 -0.546656 -0.610962 -2.21822
0 40 10 0.487971 -0.0739409 -0.869722 -2.46592
0 40 20 -0.0827411 0.0488018 -0.995375 -2.4266
0 40 30 0.492422 0.0800126 -0.866671 -2.57954
0 40 40 0.240243 0.0428056 -0.969769 -2.60659
0 40 50 -0.453265 -0.36595 -0.812793 -2.2043
0 40 60 -0.0024278 -0.0304039 -0.999535 -2.60736
0 40 70 -0.272816 -0.672242 -0.688231 -2.35104
0 40 80 0.183236 -0.440288 -0.87896 -1.99255
0 40 90 -0.0926656 0.0972859 -0.990933 -2.56415
0 50 0 0.0898073 0.710257 -0.69819 -2.38863
0 50 10 -0.00707116 0.13674 -0.990582 -2.66094
0 50 20 -0.184084 -0.0208836 -0.982689 -2.70479
0 50 30 -0.0528816 0.0919418 -0.994359 -2.62204
0 50 40 -0.268872 0.319135 -0.908769 -2.4335
0 50 50 0.215357 -0.212286 -0.953182 -2.65741
0 50 60 -0.239375 0.157796 -0.958019 -1.86418
0 50 70 0.154755 0.515423 -0.842846 -2.67892
0 50 80 -0.000830529 0.145678 -0.989332 -2.68127
0 50 90 -0.366332 0.231153 -0.901315 -2.62644
0 60 0 0.171742 0.362365 -0.916077 -2.58205
0 60 10 0.444951 -0.339528 -0.828697 -2.2958
0 60 20 0.0510172 -0.494327 -0.867777 -2.55382
0 60 30 -0.000776046 0.0255377 -0.999674 -2.66715
0 60 40 -0.0836439 0.226822 -0.970338 -2.70488
0 60 50 -0.0158062 -0.0922721 -0.995608 -2.76954
0 60 60 0.0613256 -0.0409154 -0.997279 -2.81757
0 60 70 0.109662 -0.421474 -0.900185 -2.65641
0 60 80 0.230065 -0.206507 -0.951013 -2.79037
0 60 90 -0.0587848 -0.0946406 -0.993774 -2.7811
0 70 0 -0.204849 -0.0240505 -0.978498 -2.62268
0 70 10 0.278476 -0.783368 -0.555686 -1.42623
0 70 20 0.0206169 -0.551141 -0.834157 -2.19586
0 70 30 0.0770067 -0.0602921 -0.995206 -2.87448
0 70 40 -0.0121807 -0.00447977 -0.999916 -2.86627
0 70 50 0.310469 -0.125275 -0.942292 -2.70594
0 70 60 -0.130091 0.00685702 -0.991478 -2.72757
0 70 70 -0.0585308 -0.107137 -0.99252 -2.52273
0 70 80 -0.0297608 0.110326 -0.99345 -2.73427
0 70 90 0.325944 -0.380764 -0.86532 -2.46251
0 80 0 -0.118215 -0.228184 -0.966415 -2.158
0 80 10 0.0835451 0.279699 -0.956446 -2.34695
0 80 20 -0.395926 0.0819509 -0.914618 -2.72565
0 80 30 -0.000121182 -0.036657 -0.999328 -2.69743
0 80 40 -0.413139 -0.188692 -0.890905 -2.60629
0 80 50 -0.0509622 -0.060473 -0.996868 -2.62829
0 80 60 0.0443769 -0.112987 -0.992605 -2.69017
0 80 70 -0.0967251 0.199432 -0.975126 -2.51469
0 80 80 0.555324 -0.0692643 -0.828745 -2.12441
0 80 90 0.0240251 -0.0599861 -0.99791 -2.765
0 90 0 -0.0364294 -0.0342065 -0.998751 -2.7876
0 90 10 -0.206962 0.168582 -0.963715 -2.48513
0 90 20 0.118209 0.414259 -0.90245 -2.50904
0 90 30 0.610217 0.65896 -0.43978 -1.40944
0 90 40 -0.00893121 0.0970598 -0.995238 -2.56619
0 90 50 0.0575907 0.121392 -0.990933 -2.80732
0 90 60 0.230083 -0.267575 -0.935663 -2.61236
0 90 70 -0.0432299 0.00898338 -0.999025 -2.92952
0 90 80 -0.106582 -0.111103 -0.988077 -2.76245
0 90 90 0.401191 -0.703881 -0.586172 -1.79696
10 0 0 0.26498 -0.0950535 -0.959557 -2.67096
10 0 10 0.0371653 -0.0136611 -0.999216 -2.53231
10 0 20 -0.117519 -0.136346 -0.983666 -2.81394
10 0 30 0.032783 0.0209732 -0.999242 -2.71024
10 0 40 0.215895 0.0404093 -0.97558 -2.6315
10 0 50 -0.0390015 0.120917 -0.991896 -2.78617
10 0 60 -0.340174 -0.323124 -0.883104 -2.47693
10 0 70 -0.180851 -0.0931374 -0.979091 -2.31922
10 0 80 0.416709 -0.18911 -0.889152 -2.59511
10 0 90 0.186193 0.55164 -0.813034 -2.20078
10 10 0 -0.140484 0.154337 -0.97798 -2.8349
10 10 10 -0.00599798 0.00202128 -0.99998 -2.79336
10 10 20 -0.552448 0.0705726 -0.830554 -2.37176
10 10 30 0.0219545 0.0275866 -0.999378 -2.80308
10 10 40 -0.065334 0.0674622 -0.99558 -2.6153
10 10 50 0.523248 0.448487 -0.724618 -1.97377
10 10 60 -0.0557737 -0.177109 -0.98261 -2.66262
10 10 70 0.000401347 -0.0173494 -0.999849 -2.87064
10 10 80 -0.181511 0.135673 -0.973985 -2.8783
10 10 90 -0.118572 -0.285228 -0.951097 -2.52405
10 20 0 -0.343604 -0.338418 -0.876019 -2.32167
10 20 10 0.378616 0.47367 -0.795164 -2.3194
10 20 20 0.0715858 0.175142 -0.981937 -2.88891
10 20 30 0.0816068 0.00883158 -0.996625 -2.73668
10 20 40 0.195731 -0.28859 -0.937233 -2.82919
10 20 50 0.093227 -0.0901153 -0.991558 -2.87631
10 20 60 -0.285135 -0.248067 -0.92583 -2.60907
10 20 70 0.0054165 0.143013 -0.989706 -2.30054
10 20 80 0.0359867 -0.00115217 -0.999352 -2.73608
10 20 90 -0.370208 0.323224 -0.870903 -2.32289
10 30 0 4.79476e-05 -0.541012 -0.841015 -2.39742
10 30 10 -0.0942264 -0.157724 -0.982977 -2.68878
10 30 20 0.0681556 -0.125889 -0.9897 -2.94449
10 30 30 -0.0734544 0.0170365 -0.997153 -2.48377
10 30 40 -0.307194 -0.368323 -0.877479 -2.66851
10 30 50 0.160161 0.10783 -0.981184 -2.60654
10 30 60 -0.523223 0.125894 -0.842846 -2.19504
10 30 70 0.111319 -0.0114571 -0.993719 -2.50101
10 30 80 0.0531278 -0.133441 -0.989632 -2.89205
10 30 90 -0.148642 -0.0437314 -0.987924 -2.69074
10 40 0 0.0142856 0.103009 -0.994578 -2.54074
10 40 10 -0.789726 0.601753 -0.11927 -0.697043
10 40 20 0.00913953 0.000694502 -0.999958 -2.39943
10 40 30 0.0204351 -0.0106357 -0.999735 -2.60841
10 40 40 0.337745 -0.010707 -0.941177 -2.28153
10 40 50 -0.406293 -0.448706 -0.795983 -1.98132
10 40 60 0.131299 0.149962 -0.979935 -2.58015
10 40 70 0.0078482 -0.0583481 -0.998265 -2.76317
10 40 80 0.0504777 4.59977e-05 -0.998725 -2.89635
10 40 90 -0.253698 -0.0772787 -0.964192 -2.56293
10 50 0 -0.327888 -0.0685647 -0.942225 -2.78628
10 50 10 -0.719605 0.201024 -0.664649 -1.68383
10 50 20 -0.275277 0.637264 -0.719804 -1.85613
10 50 30 -0.135641 -0.0284483 -0.99035 -2.61184
10 50 40 -0.593641 0.158201 -0.789026 -2.51858
10 50 50 -0.748169 0.24508 -0.616586 -2.10525
10 50 60 -0.087082 -0.0822155 -0.992803 -2.63482
10 50 70 -0.242762 0.0662571 -0.967821 -2.49255
10 50 80 0.0557527 0.106041 -0.992798 -2.80418
10 50 90 0.371338 -0.332734 -0.866831 -1.9424
10 60 0 0.0200402 -0.184122 -0.982699 -2.65238
10 60 10 0.0653033 0.0714977 -0.995301 -2.89482
10 60 20 -0.117308 0.0588128 -0.991353 -2.6787
10 60 30 0.298147 -0.352843 -0.886911 -1.84293
10 60 40 0.391708 0.313189 -0.865146 -2.33162
10 60 50 -0.163356 -0.49613 -0.852742 -2.15209
10 60 60 0.460471 0.0708526 -0.884843 -2.32029
10 60 70 0.199081 0.0783015 -0.97685 -2.76151
10 60 80 -0.0151633 0.0328476 -0.999345 -2.87143
10 60 90 0.0414696 -0.227452 -0.972906 -2.58029
10 70 0 0.101271 0.639692 -0.761931 -2.01457
10 70 10 0.0236179 -0.0373315 -0.999024 -2.78828
10 70 20 -0.0478049 0.0333164 -0.998301 -2.72278
10 70 30 0.0538673 0.0761261 -0.995642 -2.7055
10 70 40 -0.544078 0.11247 -0.831462 -2.28761
10 70 50 -0.0377791 -0.0980191 -0.994467 -2.55111
10 70 60 -0.145336 0.114902 -0.982688 -2.86969
10 70 70 0.0347808 -0.11213 -0.993085 -2.835
10 70 80 -0.442287 -0.0565638 -0.895088 -2.44767
10 70 90 -0.193049 -0.193322 -0.961956 -2.64631
10 80 0 -0.247827 -0.514215 -0.821075 -2.56254
10 80 10 0.0200814 0.0771832 -0.996815 -2.82983
10 80 20 -0.357243 0.207704 -0.910624 -2.26236
10 80 30 -0.665338 -0.706049 -0.24253 -1.31198
10 80 40 0.205657 0.195703 -0.958856 -2.24658
10 80 50 0.0388401 0.0031978 -0.99924 -2.74759
10 80 60 0.30576 0.390989 -0.868123 -2.34713
10 80 70 0.0237668 -0.00563175 -0.999702 -2.34669
10 80 80 0.101824 -0.218906 -0.970418 -2.87397
10 80 90 -0.0212706 -0.00786838 -0.999743 -2.60563
10 90 0 -0.730566 -0.622021 -0.281714 -1.21775
10 90 10 -0.799211 -0.0838893 -0.595167 -1.50685
10 90 20 0.239311 0.104285 -0.965326 -2.42078
10 90 30 0.0101689 -0.0138923 -0.999852 -2.70051
10 90 40 0.0591283 0.0195223 -0.998059 -2.55284
10 90 50 0.697276 -0.412408 -0.586282 -2.01164
10 90 60 -0.0079937 -0.0111748 -0.999906 -2.63723
10 90 70 0.22892 -0.173568 -0.957846 -2.74338
10 90 80 0.00138919 -0.00138508 -0.999998 -2.43763
10 90 90 0.327769 -0.00376537 -0.94475 -2.56997
20 0 0 -0.471302 -0.502807 -0.72461 -1.80254
20 0 10 0.483106 -0.631513 -0.606465 -1.82262
20 0 20 -0.103188 -0.331165 -0.937914 -2.49445
20 0 30 0.627139 -0.441448 -0.641732 -2.09061
20 0 40 0.090477 0.255922 -0.962454 -2.57204
20 0 50 -0.234343 0.445352 -0.864144 -2.33388
20 0 60 0.163465 0.449825 -0.87803 -2.58252
20 0 70 0.445946 -0.215604 -0.868704 -2.11415
20 0 80 -0.0223491 -0.0188999 -0.999572 -2.63433
20 0 90 0.294144 0.286711 -0.911743 -2.07219
20 10 0 0.187111 0.172055 -0.967154 -2.81311
20 10 10 0.0374835 0.159479 -0.986489 -2.63395
20 10 20 -0.0452159 0.0262141 -0.998633 -2.9532
20 10 30 0.0872048 -0.0784846 -0.993094 -2.82176
20 10 40 -0.0155233 -0.077006 -0.99691 -2.66807
20 10 50 -0.204646 -0.664471 -0.718748 -2.01526
20 10 60 0.145311 -0.0871113 -0.985544 -2.5249
20 10 70 -0.143335 -0.599297 -0.78759 -1.98151
20 10 80 -0.0839646 0.435475 -0.896277 -2.35747
20 10 90 -0.543643 0.385763 -0.745412 -2.59742
20 20 0 -0.0998421 -0.0225176 -0.994748 -2.80222
20 20 10 -0.180914 -0.347503 -0.920061 -2.72312
20 20 20 -0.0178748 -0.0256495 -0.999511 -2.91299
20 20 30 -0.283685 -0.0912338 -0.954567 -2.5011
20 20 40 0.483238 -0.191842 -0.854212 -2.64603
20 20 50 0.444535 0.152727 -0.882646 -2.34006
20 20 60 -0.323083 -0.265141 -0.90847 -2.13241
20 20 70 -0.526236 0.679131 -0.511719 -1.6692
20 20 80 -0.209541 0.427094 -0.879593 -2.66691
20 20 90 0.194683 0.248131 -0.948962 -2.55313
20 30 0 -0.0810168 -0.152666 -0.984951 -2.37582
20 30 10 0.395668 -0.521028 -0.756292 -2.32896
20 30 20 0.388642 -0.26821 -0.881488 -2.6122
20 30 30 -0.150312 0.496483 -0.854933 -2.23547
20 30 40 0.0862871 0.190388 -0.977909 -2.7667
20 30 50 -0.0599979 0.0236707 -0.997918 -2.65414
20 30 60 -0.358983 0.240377 -0.901859 -2.57721
20 30 70 0.35905 -0.0225838 -0.933045 -2.74129
20 30 80 0.368755 -0.0987745 -0.924264 -2.5604
20 30 90 -0.187307 -0.119562 -0.974998 -2.39433
20 40 0 0.000851885 -0.00049854 -1 -2.65257
20 40 10 0.246854 0.371779 -0.894899 -2.60129
20 40 20 -0.0630965 0.000317887 -0.998007 -2.87995
20 40 30 -0.0186345 -0.00853002 -0.99979 -2.39572
20 40 40 0.317278 -0.260417 -0.911876 -2.42939
20 40 50 -0.0943338 -0.0927931 -0.991207 -2.82286
20 40 60 -0.120398 0.0313999 -0.992229 -2.61496
20 40 70 -0.0988537 -0.250764 -0.962988 -2.37957
20 40 80 0.156225 0.442237 -0.883188 -2.54345
20 40 90 -0.11379 -0.0512509 -0.992182 -2.80238
20 50 0 -0.111477 0.0879928 -0.989864 -2.43411
20 50 10 -0.598766 0.79765 0.0723412 0.424642
20 50 20 -0.233316 -0.352922 -0.906096 -2.15363
20 50 30 -0.294609 0.100238 -0.950346 -2.46275
20 50 40 0.7917 -0.038316 -0.609707 -1.1633
20 50 50 0.300641 0.728295 -0.615793 -1.6548
20 50 60 0.214095 0.158983 -0.963788 -2.68681
20 50 70 -0.012309 0.283853 -0.958789 -2.81482
20 50 80 0.0818148 0.550767 -0.830639 -2.66874
20 50 90 0.235319 0.192051 -0.952755 -1.98973
20 60 0 -0.415214 -0.429262 -0.80208 -2.38368
20 60 10 0.29263 -0.00809572 -0.956191 -2.68607
20 60 20 0.34987 -0.0681745 -0.934314 -2.75853
20 60 30 0.0497833 0.0702005 -0.99629 -2.62845
20 60 40 0.18649 0.255308 -0.948704 -2.41592
20 60 50 -0.0592008 -0.0213435 -0.998018 -2.65951
20 60 60 0.215712 0.0987345 -0.971452 -2.79286
20 60 70 0.247953 -0.0407646 -0.967914 -2.6411
20 60 80 -0.311332 -0.320602 -0.894588 -2.57568
20 60 90 0.110235 -0.13166 -0.985147 -2.66661
20 70 0 0.0441662 0.0605968 -0.997185 -2.64868
20 70 10 -0.538591 0.175179 -0.824155 -2.12572
20 70 20 -0.30467 -0.466672 -0.830297 -2.49387
20 70 30 -0.151658 -0.235304 -0.960016 -2.57276
20 70 40 0.504814 -0.132851 -0.852944 -2.18953
20 70 50 -0.256232 0.229044 -0.939087 -2.53293
20 70 60 0.139329 0.135012 -0.980999 -2.79055
20 70 70 -0.0034912 -0.0111999 -0.999931 -2.8344
20 70 80 -0.50918 -0.43042 -0.745302 -2.27162
20 70 90 -0.291607 0.256556 -0.92149 -2.28863
20 80 0 -0.0420886 -0.0117696 -0.999045 -2.78603
20 80 10 0.382616 -0.387659 -0.838645 -2.59436
20 80 20 0.0166635 0.00839361 -0.999826 -2.3983
20 80 30 -0.470463 -0.124058 -0.873656 -2.61315
20 80 40 -0.0487463 -0.114037 -0.99228 -2.85311
20 80 50 -0.130356 -0.191456 -0.972806 -2.88132
20 80 60 -0.0283502 -0.318866 -0.947376 -2.47327
20 80 70 0.114081 -0.150643 -0.981984 -2.82685
20 80 80 -0.00271032 0.00824499 -0.999962 -2.86546
20 80 90 0.140913 -0.158751 -0.977211 -2.46969
20 90 0 -0.736914 -0.557348 -0.38252 -1.45193
20 90 10 0.0094056 -0.0273298 -0.999582 -2.18788
20 90 20 -0.0233706 0.0739476 -0.996988 -2.8104
20 90 30 -0.0213641 0.137304 -0.990299 -2.7211
20 90 40 0.577795 0.629019 -0.520085 -1.23476
20 90 50 -0.0210426 -0.0415298 -0.998916 -2.33764
20 90 60 0.289934 -0.0211804 -0.956812 -2.35567
20 90 70 -0.488701 -0.327109 -0.808809 -2.22271
20 90 80 0.133129 0.0202517 -0.990892 -2.33675
20 90 90 -0.524953 0.231535 -0.819033 -2.3399
30 0 0 -0.525869 0.124327 -0.84143 -2.63679
30 0 10 0.218901 -0.000400007 -0.975747 -2.78085
30 0 20 0.127462 -0.255665 -0.958326 -2.39609
30 0 30 0.615256 -0.627812 -0.476773 -1.41887
30 0 40 -0.417255 -0.593974 -0.687817 -1.76421
30 0 50 -0.144051 -0.0715643 -0.986979 -2.71479
30 0 60 -0.143622 0.0191001 -0.989448 -2.88602
30 0 70 -0.119441 0.117866 -0.98582 -2.49235
30 0 80 -0.257128 0.12761 -0.957915 -2.72129
30 0 90 0.245704 -0.277697 -0.928716 -2.76455
30 10 0 0.190054 -0.0624082 -0.979788 -2.78301
30 10 10 -0.21876 -0.216229 -0.951519 -2.36867
30 10 20 -0.350362 -0.0640632 -0.934421 -2.58269
30 10 30 -0.0696364 0.229389 -0.970841 -2.85468
30 10 40 -0.170282 -0.127737 -0.977081 -2.68672
30 10 50 0.0963009 0.454287 -0.885635 -2.31046
30 10 60 -0.05268 -0.0428449 -0.997692 -2.78656
30 10 70 0.00203407 -0.0230507 -0.999732 -2.73491
30 10 80 0.106736 0.247492 -0.962993 -2.64661
30 10 90 -0.321775 0.325405 -0.889142 -2.57453
30 20 0 -0.559556 0.219113 -0.799304 -2.60071
30 20 10 -0.49635 0.350768 -0.794102 -2.18507
30 20 20 0.148395 0.0994126 -0.983919 -2.72811
30 20 30 -0.146954 0.0745356 -0.986331 -2.80124
30 20 40 0.203337 -0.17982 -0.962454 -2.74004
30 20 50 -0.031667 -0.0507302 -0.99821 -2.72624
30 20 60 -0.0465832 -0.443757 -0.894935 -2.25086
30 20 70 -0.162095 0.473086 -0.865976 -2.26137
30 20 80 -0.282069 -0.0234276 -0.959108 -2.60647
30 20 90 -0.0628737 0.37157 -0.926273 -2.45704
30 30 0 0.0905249 -0.0431177 -0.99496 -2.71885
30 30 10 -0.10631 0.275178 -0.955497 -2.77009
30 30 20 -0.129498 -0.02228 -0.991329 -2.84161
30 30 30 -0.572207 0.0517027 -0.818478 -2.17665
30 30 40 0.211787 -0.156905 -0.964638 -2.69769
30 30 50 0.282669 -0.373279 -0.883607 -2.26271
30 30 60 -0.290951 -0.685062 -0.66786 -2.06431
30 30 70 -0.0147199 0.303906 -0.952588 -2.42664
30 30 80 -0.547313 0.423251 -0.722016 -1.88712
30 30 90 0.0530786 -0.311155 -0.948876 -2.50405
30 40 0 -0.118816 0.142947 -0.982573 -2.68898
30 40 10 0.176598 0.0274674 -0.9839 -2.6636
30 40 20 -0.000706905 0.0350594 -0.999385 -2.75517
30 40 30 0.164348 -0.239814 -0.956807 -2.68526
30 40 40 0.085659 0.0558637 -0.994757 -2.68204
30 40 50 -0.00414113 -0.263196 -0.964733 -2.76152
30 40 60 -0.01988 0.262675 -0.96468 -2.61419
30 40 70 0.129758 -0.160317 -0.9785 -2.67812
30 40 80 -0.379588 -0.428443 -0.819969 -2.33422
30 40 90 -0.527013 0.0578836 -0.847884 -2.57459
30 50 0 -0.0765364 0.13293 -0.988166 -2.60891
30 50 10 -0.114843 -0.286652 -0.951126 -2.8424
30 50 20 0.194856 0.156987 -0.968187 -2.469
30 50 30 0.0574215 -0.132883 -0.989467 -2.89442
30 50 40 -0.30724 -0.417609 -0.855106 -2.34735
30 50 50 0.552985 0.136313 -0.821965 -2.31126
30 50 60 0.466522 0.0997818 -0.878864 -2.44758
30 50 70 0.0847781 0.276838 -0.957169 -2.7239
30 50 80 -0.0599546 -0.207305 -0.976437 -2.45536
30 50 90 -0.322861 -0.00785673 -0.946414 -2.78072
30 60 0 -0.438807 -0.39285 -0.808157 -2.1482
30 60 10 0.011126 -0.0160992 -0.999808 -2.80064
30 60 20 -0.0380265 -0.0653226 -0.997139 -2.67521
30 60 30 0.204956 -0.607509 -0.767415 -2.20209
30 60 40 -0.0538878 -0.333746 -0.941121 -2.4259
30 60 50 0.398719 0.00590456 -0.917054 -2.57812
30 60 60 -0.316663 0.225624 -0.921313 -2.64132
30 60 70 -0.470903 0.00903801 -0.882139 -2.30245
30 60 80 0.539042 0.174227 -0.824062 -1.65491
30 60 90 -0.000415335 -0.00271597 -0.999996 -2.72937
30 70 0 -0.653648 -0.0994796 -0.750232 -1.85978
30 70 10 0.540333 -0.76068 -0.359731 -0.769185
30 70 20 -0.0810328 0.0656592 -0.994546 -2.55277
30 70 30 -0.00668479 -0.0761646 -0.997073 -2.49069
30 70 40 -0.346441 0.223018 -0.911176 -2.37267
30 70 50 -0.622234 0.429595 -0.654426 -2.12777
30 70 60 -0.0821844 0.335137 -0.938578 -2.54823
30 70 70 0.147414 0.0150016 -0.988961 -2.67391
30 70 80 -0.144284 -0.39885 -0.905594 -2.57868
30 70 90 0.0677978 -0.0595582 -0.99592 -2.58937
30 80 0 0.146497 -0.0523448 -0.987825 -2.72775
30 80 10 0.151456 -0.73775 -0.657864 -1.88652
30 80 20 0.507002 0.0962886 -0.85655 -2.14921
30 80 30 -0.307682 -0.124117 -0.943359 -2.45569
30 80 40 0.164332 0.399618 -0.901832 -2.18681
30 80 50 0.511382 -0.63097 -0.583408 -1.57331
30 80 60 0.0634632 -0.163174 -0.984554 -2.72188
30 80 70 0.119621 -0.100691 -0.9877 -2.7647
30 80 80 -0.0192725 0.00783682 -0.999784 -2.82761
30 80 90 0.404543 0.387196 -0.828507 -1.83079
30 90 0 -0.44788 0.471365 -0.759749 -1.71539
30 90 10 0.256483 -0.238326 -0.936705 -2.28903
30 90 20 -0.411886 0.280938 -0.866847 -2.3246
30 90 30 -0.211938 -0.757889 -0.616998 -1.57353
30 90 40 -0.0387321 0.0409772 -0.998409 -2.75912
30 90 50 0.110258 0.21993 -0.969265 -2.82622
30 90 60 -0.00650142 0.0148566 -0.999868 -2.79512
30 90 70 0.144953 -0.593839 -0.791419 -2.07011
30 90 80 -0.134147 -0.348512 -0.927655 -2.48454
30 90 90 -0.0998131 0.226479 -0.968888 -2.634
40 0 0 -0.033571 0.0667578 -0.997204 -2.68587
40 0 10 -0.101152 -0.0949014 -0.990334 -2.73428
40 0 20 0.0580011 -0.0369117 -0.997634 -2.75305
40 0 30 0.146044 -0.330576 -0.932411 -2.80864
40 0 40 0.467383 -0.0515401 -0.882551 -2.66992
40 0 50 0.294924 0.267264 -0.917382 -2.49009
40 0 60 0.439758 0.0196303 -0.897902 -2.26065
40 0 70 -0.0440786 -0.022434 -0.998776 -2.84959
40 0 80 0.0521377 -0.40937 -0.910878 -2.73092
40 0 90 -0.0648089 -0.069436 -0.995479 -2.67571
40 10 0 -0.112128 0.00160693 -0.993692 -2.95428
40 10 10 -0.000801959 -0.0247855 -0.999692 -2.89809
40 10 20 -0.0448076 0.0685974 -0.996638 -2.66769
40 10 30 -0.372337 0.0391987 -0.927269 -2.42756
40 10 40 -0.8134 0.307145 -0.494007 -1.1941
40 10 50 -0.0300065 -0.182492 -0.982749 -2.68521
40 10 60 -0.149225 -0.694434 -0.703913 -2.22782
40 10 70 0.258848 -0.141946 -0.955431 -2.67363
40 10 80 -0.253667 -0.0796 -0.964011 -2.7404
40 10 90 0.0288811 0.439204 -0.897923 -2.37585
40 20 0 0.420582 -0.438299 -0.794358 -1.66091
40 20 10 0.229698 0.207033 -0.950987 -2.67152
40 20 20 -0.2008 0.11866 -0.972419 -2.69552
40 20 30 0.152463 -0.0494828 -0.98707 -2.72795
40 20 40 -0.36203 -0.0386593 -0.931365 -2.69912
40 20 50 -0.00253033 0.093597 -0.995607 -2.86569
40 20 60 -0.162839 0.35039 -0.92234 -2.65925
40 20 70 0.426552 -0.0355779 -0.903763 -2.19664
40 20 80 -0.177922 0.508885 -0.842247 -1.95712
40 20 90 -0.228937 0.160727 -0.960081 -2.2851
40 30 0 -0.372322 -0.108617 -0.921726 -2.69447
40 30 10 0.237447 0.127516 -0.962995 -2.61377
40 30 20 -0.314764 0.092026 -0.944698 -2.5526
40 30 30 -0.337737 0.243459 -0.909209 -2.59684
40 30 40 0.272349 -0.0793474 -0.958921 -2.17574
40 30 50 -0.65515 0.157018 -0.739002 -1.41885
40 30 60 0.0572783 -0.018866 -0.99818 -2.40824
40 30 70 0.663966 -0.559812 -0.495741 -1.377
40 30 80 -0.255295 -0.728631 -0.635548 -1.64741
40 30 90 -0.108777 0.144952 -0.983441 -2.58935
40 40 0 0.267047 -0.143277 -0.952973 -2.37577
40 40 10 0.350698 0.391853 -0.850565 -2.10255
40 40 20 0.470368 -0.570401 -0.673347 -2.27316
40 40 30 0.0202951 0.0104046 -0.99974 -2.60654
40 40 40 -0.448127 -0.165353 -0.878544 -2.59055
40 40 50 0.0359586 0.293149 -0.95539 -2.1993
40 40 60 -0.00165491 0.0566647 -0.998392 -2.57109
40 40 70 0.00931063 -0.00623458 -0.999937 -2.81843
40 40 80 -0.509072 0.465054 -0.724272 -1.9076
40 40 90 -0.0612143 -0.310372 -0.948642 -2.27881
40 50 0 -0.444624 -0.285836 -0.848886 -2.4837
40 50 10 -0.329322 -0.703729 -0.629534 -2.0732
40 50 20 0.10803 -0.396943 -0.911463 -2.6516
40 50 30 -0.14062 -0.301647 -0.942993 -2.57595
40 50 40 0.0357416 0.0238241 -0.999077 -2.80746
40 50 50 0.123776 -0.118185 -0.985247 -2.56046
40 50 60 -0.184811 0.0307976 -0.982291 -2.22063
40 50 70 -0.308164 0.287163 -0.906958 -2.25555
40 50 80 0.000210238 -0.000918501 -1 -2.78173
40 50 90 -0.213118 0.0794066 -0.973794 -2.52702
40 60 0 -0.0939085 -0.225778 -0.969642 -2.69642
40 60 10 -0.408348 -0.323337 -0.853642 -2.6334
40 60 20 0.0238703 -0.0032829 -0.99971 -2.55846
40 60 30 0.155828 0.0509432 -0.98647 -2.87851
40 60 40 0.0273439 0.00426452 -0.999617 -2.58865
40 60 50 0.380413 -0.0172361 -0.924656 -2.32887
40 60 60 -0.29086 0.153605 -0.944355 -2.70844
40 60 70 0.133788 -0.115732 -0.984229 -2.62769
40 60 80 0.490865 -0.323868 -0.808802 -2.41724
40 60 90 0.011869 -0.357904 -0.933683 -2.35492
40 70 0 0.71074 0.169384 -0.682757 -2.42473
40 70 10 0.316877 -0.189526 -0.929338 -2.68369
40 70 20 -0.0549516 -0.0577588 -0.996817 -2.45433
40 70 30 0.677363 -0.529612 -0.510579 -1.69267
40 70 40 0.0520762 0.0073788 -0.998616 -2.64796
40 70 50 -8.29175e-05 0.0183495 -0.999832 -2.88158
40 70 60 0.0104302 -0.0206986 -0.999731 -2.55475
40 70 70 0.461295 0.349433 -0.815539 -2.38439
40 70 80 0.733306 0.397944 -0.551274 -1.22221
40 70 90 -0.110432 -0.152899 -0.982052 -2.54957
40 80 0 0.0240943 -0.00360305 -0.999703 -2.55094
40 80 10 -0.109531 -0.43435 -0.89406 -2.44287
40 80 20 -0.0108302 0.00274907 -0.999938 -2.79111
40 80 30 -0.435447 0.425766 -0.793164 -2.31754
40 80 40 -0.784513 0.179241 -0.593643 -1.59949
40 80 50 0.339487 0.189077 -0.921411 -2.39005
40 80 60 -0.163105 0.259252 -0.951938 -2.46382
40 80 70 -0.0143715 -0.0685037 -0.997547 -2.74634
40 80 80 -0.0702046 -0.0901305 -0.993452 -2.74253
40 80 90 0.0412534 0.179425 -0.982906 -2.78306
40 90 0 -0.187875 0.286283 -0.939545 -2.76118
40 90 10 0.579425 0.0477257 -0.813627 -2.14617
40 90 20 -0.380621 -0.477808 -0.791724 -1.88455
40 90 30 -0.0477074 -0.488988 -0.870985 -2.42439
40 90 40 -0.26322 -0.194269 -0.944974 -2.74573
40 90 50 0.0258102 0.127248 -0.991535 -2.68153
40 90 60 0.0479514 -0.311779 -0.948944 -2.61193
40 90 70 0.170581 0.0976992 -0.980488 -2.80551
40 90 80 -0.153613 0.102081 -0.982844 -2.6058
40 90 90 0.0520116 0.215172 -0.97519 -2.68722
50 0 0 -0.0927372 0.362061 -0.92753 -2.57595
50 0 10 0.416468 0.267863 -0.868794 -2.31063
50 0 20 -0.0854514 0.374757 -0.923177 -2.32787
50 0 30 -0.231296 -0.108709 -0.966791 -2.77176
50 0 40 -0.563111 0.295877 -0.771598 -2.33889
50 0 50 -0.0827026 -0.119957 -0.989328 -2.51342
50 0 60 0.431897 -0.424012 -0.79604 -2.32432
50 0 70 -0.0445983 -0.274944 -0.960425 -2.61408
50 0 80 -0.400778 -0.0218833 -0.915914 -2.63259
50 0 90 -0.0866669 0.156504 -0.983868 -2.64588
50 10 0 -0.0943069 -0.290462 -0.952228 -2.71996
50 10 10 -0.466643 -0.327015 -0.821769 -2.54151
50 10 20 -0.0521239 -0.0612443 -0.996761 -1.78098
50 10 30 -0.731265 0.680737 -0.0429916 0.440586
50 10 40 -0.142305 -0.057682 -0.988141 -2.87107
50 10 50 -0.0443749 -0.0469306 -0.997912 -2.45339
50 10 60 -0.436753 0.0209668 -0.899337 -2.27354
50 10 70 -0.315226 -0.100377 -0.943693 -2.7846
50 10 80 0.233255 -0.293802 -0.92697 -2.134
50 10 90 -0.124755 -0.101375 -0.986995 -2.57297
50 20 0 0.342031 0.130899 -0.930527 -2.39931
50 20 10 -0.0626804 0.0366089 -0.997362 -2.19189
50 20 20 -0.570393 0.820343 0.0410974 0.195963
50 20 30 0.68491 0.290882 -0.668046 -1.64426
50 20 40 0.120183 -0.157318 -0.980208 -2.68629
50 20 50 0.0116122 0.238002 -0.971195 -2.44109
50 20 60 -0.00513552 -0.00845832 -0.999951 -2.72394
50 20 70 0.583608 0.211693 -0.783957 -2.20081
50 20 80 0.146132 0.0722524 -0.986623 -1.9899
50 20 90 0.203744 -0.0258943 -0.978682 -2.38086
50 30 0 -0.0327102 -0.33655 -0.941097 -2.64761
50 30 10 0.170728 -0.291458 -0.941225 -2.47259
50 30 20 0.355035 -0.26185 -0.897432 -2.3305
50 30 30 0.273171 0.182856 -0.944426 -2.63141
50 30 40 0.232583 0.0178742 -0.972412 -2.42742
50 30 50 0.774849 -0.406223 -0.484347 -1.39205
50 30 60 -0.392689 -0.283441 -0.874904 -1.66043
50 30 70 0.0721477 -0.353258 -0.93274 -2.54194
50 30 80 -0.0625929 -0.0549618 -0.996525 -2.83858
50 30 90 0.125681 0.12795 -0.983785 -2.57804
50 40 0 -0.0688076 -0.09288 -0.993297 -2.83658
50 40 10 -0.25203 -0.416215 -0.87364 -1.86475
50 40 20 -0.392899 0.354131 -0.848659 -2.05447
50 40 30 0.103358 -0.0467095 -0.993547 -2.29427
50 40 40 -0.00175527 -0.00197411 -0.999997 -2.46753
50 40 50 0.54208 0.187728 -0.819089 -1.72921
50 40 60 -0.356678 -0.286062 -0.889353 -2.70097
50 40 70 0.0753813 -0.239703 -0.967915 -2.53663
50 40 80 -0.214655 0.271488 -0.938199 -2.68104
50 40 90 0.159519 -0.104792 -0.981617 -2.75367
50 50 0 -0.322345 0.229024 -0.9185 -2.4045
50 50 10 -0.225388 0.00124698 -0.974268 -2.53049
50 50 20 -0.12599 -0.617453 -0.776452 -2.47541
50 50 30 0.150118 0.0186113 -0.988493 -2.7433
50 50 40 -0.00955947 0.00356665 -0.999948 -2.61825
50 50 50 0.649401 0.0526425 -0.758622 -2.37589
50 50 60 -0.222 0.331309 -0.917033 -2.33266
50 50 70 0.40069 0.41729 -0.815669 -2.41637
50 50 80 0.192154 -0.155218 -0.969012 -2.48754
50 50 90 0.188859 0.181697 -0.965048 -2.40147
50 60 0 0.465234 -0.606998 -0.644291 -1.8605
50 60 10 -0.0227539 0.00793398 -0.99971 -2.62474
50 60 20 -0.272535 -0.554412 -0.786354 -2.22633
50 60 30 -0.0664636 0.0264669 -0.997438 -2.56959
50 60 40 -0.288923 -0.384932 -0.876556 -2.34666
50 60 50 0.201862 0.167908 -0.964914 -2.5884
50 60 60 -0.0142091 -0.289744 -0.956999 -2.7531
50 60 70 0.0195287 -0.0849797 -0.996191 -2.72893
50 60 80 0.471456 0.740397 -0.479104 -1.2215
50 60 90 0.013915 -0.00449379 -0.999893 -2.85243
50 70 0 -0.531678 -0.329989 -0.780017 -1.79931
50 70 10 -0.297713 -0.177847 -0.937943 -2.66141
50 70 20 -0.43484 -0.303307 -0.847891 -2.40359
50 70 30 0.0958338 -0.119044 -0.988253 -2.71403
50 70 40 0.163518 -0.0534132 -0.985093 -2.72034
50 70 50 0.233665 0.0512706 -0.970964 -2.52553
50 70 60 -0.287329 -0.385355 -0.876895 -2.54137
50 70 70 0.420624 -0.365238 -0.830468 -2.10837
50 70 80 -0.147665 -0.119333 -0.981812 -2.83453
50 70 90 0.185641 0.385974 -0.903638 -2.58296
50 80 0 0.113104 -0.179167 -0.977296 -2.84203
50 80 10 -0.177356 -0.0734476 -0.981402 -2.75063
50 80 20 0.0441565 -0.625984 -0.778584 -2.55478
50 80 30 -0.313926 0.671387 -0.671334 -1.82658
50 80 40 0.0895911 -0.151997 -0.984312 -2.23317
50 80 50 -0.344613 0.558047 -0.754868 -1.91319
50 80 60 0.493057 0.0465694 -0.86875 -2.4811
50 80 70 0.181435 -0.398592 -0.899003 -2.57295
50 80 80 -0.404849 -0.298747 -0.864203 -2.37948
50 80 90 0.125852 -0.345098 -0.930091 -2.19928
50 90 0 0.254929 -0.265824 -0.929704 -2.54086
50 90 10 -0.547681 0.0269316 -0.836254 -2.06365
50 90 20 -0.0700509 -0.22558 -0.971703 -2.2206
50 90 30 -0.663337 0.0558363 -0.746235 -2.2948
50 90 40 -0.176035 0.130463 -0.9757 -2.90566
50 90 50 -0.237828 0.336306 -0.911228 -2.54748
50 90 60 -0.00633155 -0.0370846 -0.999292 -2.88215
50 90 70 -0.133862 -0.105812 -0.985335 -2.59684
50 90 80 0.133031 0.0863878 -0.98734 -2.76434
50 90 90 0.309469 -0.0125626 -0.950826 -2.50944
60 0 0 0.0765897 -0.0168508 -0.99692 -2.55695
60 0 10 0.0560029 0.194291 -0.979344 -2.65921
60 0 20 0.517486 -0.170456 -0.838542 -1.89813
60 0 30 -0.0466761 0.378671 -0.924353 -2.33485
60 0 40 -0.735648 0.354303 -0.577314 -1.61874
60 0 50 -0.0118421 -0.028985 -0.99951 -2.92294
60 0 60 0.127676 0.34458 -0.930034 -2.4347
60 0 70 -0.0489128 -0.153488 -0.986939 -2.69946
60 0 80 -0.3189 -0.249343 -0.914402 -2.48483
60 0 90 0.629886 0.151124 -0.761843 -2.20544
60 10 0 0.217113 -0.0472362 -0.975003 -2.66183
60 10 10 -0.461781 0.171182 -0.870319 -2.45183
60 10 20 0.71394 0.0849074 -0.69504 -2.27818
60 10 30 -0.282719 0.135115 -0.949639 -2.32202
60 10 40 -0.287051 -0.406926 -0.867187 -2.46641
60 10 50 0.00218128 0.433803 -0.901005 -2.22344
60 10 60 0.38785 -0.148807 -0.909631 -2.52801
60 10 70 0.204574 0.139754 -0.968823 -2.76201
60 10 80 -0.149312 -0.581654 -0.799615 -2.11593
60 10 90 -0.228801 0.198076 -0.953109 -2.113
60 20 0 -0.168482 -0.043194 -0.984758 -2.76777
60 20 10 0.0184067 0.0604245 -0.998003 -2.82012
60 20 20 0.0936619 0.170539 -0.980889 -2.7703
60 20 30 0.313329 -0.281401 -0.906994 -2.60138
60 20 40 0.656443 0.64038 -0.398743 -0.924565
60 20 50 -0.00949302 -0.308761 -0.951092 -2.55252
60 20 60 -0.00623801 0.000145359 -0.999981 -2.59142
60 20 70 -0.495737 0.49816 -0.711394 -2.14272
60 20 80 0.0658673 -0.12511 -0.989954 -2.70999
60 20 90 0.56439 0.043727 -0.82435 -2.38649
60 30 0 0.00151651 0.00796423 -0.999967 -2.83661
60 30 10 0.238241 0.406661 -0.881968 -1.94408
60 30 20 -0.451432 0.469693 -0.758682 -2.36233
60 30 30 -0.157739 0.1835 -0.970282 -2.79526
60 30 40 -0.0632826 0.0564492 -0.996398 -2.81632
60 30 50 0.293651 -0.258151 -0.920395 -2.5697
60 30 60 0.241913 0.624134 -0.742923 -2.13257
60 30 70 0.179436 -0.619099 -0.764538 -2.50633
60 30 80 0.425252 -0.136549 -0.894715 -2.13335
60 30 90 0.240175 -0.39628 -0.886159 -2.35976
60 40 0 -0.469371 0.363008 -0.804933 -2.57831
60 40 10 0.358299 -0.0168122 -0.933456 -2.71999
60 40 20 0.429276 0.315225 -0.846378 -2.44552
60 40 30 0.0214237 -0.0384704 -0.99903 -2.68649
60 40 40 0.431099 -0.183296 -0.883491 -2.69674
60 40 50 0.149781 -0.00872311 -0.988681 -2.38069
60 40 60 0.181498 -0.148266 -0.97215 -2.83472
60 40 70 0.201557 -0.284768 -0.937167 -2.69695
60 40 80 -0.174043 -0.355128 -0.918473 -2.66916
60 40 90 0.0222322 0.0360997 -0.999101 -2.52571
60 50 0 0.39832 -0.0308998 -0.916726 -2.63903
60 50 10 0.0485664 -0.225766 -0.97297 -2.81385
60 50 20 0.0545665 -0.010556 -0.998454 -2.49376
60 50 30 -0.229375 -0.271713 -0.934644 -2.7329
60 50 40 0.0426228 0.144842 -0.988536 -2.40218
60 50 50 0.0337794 0.0558657 -0.997867 -2.59617
60 50 60 -0.0383576 0.43385 -0.900168 -2.43412
60 50 70 -0.464223 0.116028 -0.878086 -2.38249
60 50 80 -0.163395 0.358299 -0.919198 -2.55984
60 50 90 -0.627288 0.338346 -0.701449 -2.24595
60 60 0 -0.532151 -0.643952 -0.549673 -1.9009
60 60 10 -0.0509475 0.0877396 -0.99484 -2.5487
60 60 20 0.102869 0.132651 -0.98581 -2.72319
60 60 30 0.133437 0.249196 -0.959216 -2.507
60 60 40 0.00215211 -0.000543831 -0.999998 -2.69684
60 60 50 -0.158136 0.181732 -0.97055 -2.55112
60 60 60 0.089882 -0.64741 -0.756823 -1.75904
60 60 70 -0.450498 -0.223905 -0.864244 -2.55209
60 60 80 -0.116756 -0.0443719 -0.992169 -2.66022
60 60 90 0.0530114 -0.0572522 -0.996951 -2.57963
60 70 0 -0.502159 -0.499061 -0.70624 -1.98668
60 70 10 -0.272115 0.10228 -0.956814 -2.72066
60 70 20 0.0767674 -0.055322 -0.995513 -2.70792
60 70 30 0.0050844 0.013656 -0.999894 -2.90821
60 70 40 -0.230617 -0.179689 -0.956309 -2.60023
60 70 50 -0.17749 0.00606181 -0.984104 -2.30141
60 70 60 -0.227836 0.129959 -0.964988 -2.64437
60 70 70 -0.0554465 -0.232798 -0.970943 -2.63518
60 70 80 -0.24151 0.0186971 -0.970218 -2.80157
60 70 90 -0.000303915 0.000549518 -1 -2.74171
60 80 0 0.0350755 0.375918 -0.925989 -2.60126
60 80 10 0.306229 -0.125384 -0.943665 -2.56181
60 80 20 -0.0194286 -0.0125324 -0.999733 -2.86867
60 80 30 0.0495676 -0.19698 -0.979154 -2.72714
60 80 40 -0.564141 0.571712 -0.595727 -1.51943
60 80 50 -0.00561099 -0.00165018 -0.999983 -2.71298
60 80 60 0.103562 -0.591948 -0.799295 -2.19871
60 80 70 -0.0330012 -0.0137037 -0.999361 -2.5352
60 80 80 0.0393688 0.0522215 -0.997859 -2.87711
60 80 90 -0.00484847 -0.242195 -0.970215 -2.75886
60 90 0 0.00699418 -0.00106358 -0.999975 -2.78927
60 90 10 -0.0734846 -0.133598 -0.988307 -2.70453
60 90 20 -0.109697 -0.0272719 -0.993591 -2.89459
60 90 30 -0.343897 0.451053 -0.823581 -2.39069
60 90 40 -0.131339 -0.236844 -0.962629 -2.3396
60 90 50 -0.267159 0.033648 -0.963065 -2.80018
60 90 60 0.000567177 0.323174 -0.946339 -2.27914
60 90 70 0.118608 0.167813 -0.978658 -2.80922
60 90 80 0.00402874 0.1185 -0.992946 -2.81249
60 90 90 -0.0271074 -0.0841605 -0.996083 -2.32363
70 0 0 0.371146 0.330398 -0.867807 -2.19929
70 0 10 -0.397049 -0.306119 -0.865242 -2.53258
70 0 20 0.551223 -0.267354 -0.790364 -1.7461
70 0 30 -0.337893 0.264564 -0.903235 -1.94004
70 0 40 0.638306 -0.41378 -0.649116 -1.49553
70 0 50 -0.132713 -0.107025 -0.985359 -2.62533
70 0 60 -0.025521 0.0378985 -0.998956 -2.50985
70 0 70 -0.0449013 -0.408469 -0.911667 -2.605
70 0 80 0.433999 0.506743 -0.744887 -1.84997
70 0 90 -0.0543239 -0.0195568 -0.998332 -2.90064
70 10 0 0.0493216 0.0166704 -0.998644 -2.42801
70 10 10 0.0420907 0.00623153 -0.999094 -2.70288
70 10 20 0.0079448 -0.0334099 -0.99941 -2.65783
70 10 30 -0.254364 0.0396579 -0.966295 -2.70509
70 10 40 -0.127815 -0.114401 -0.985178 -2.49743
70 10 50 -0.338837 0.0885183 -0.936672 -2.38517
70 10 60 0.53605 0.722652 -0.436378 -1.11644
70 10 70 0.270281 0.0336964 -0.962191 -2.35614
70 10 80 0.347813 0.00778769 -0.937531 -2.72901
70 10 90 -0.0596402 0.0476976 -0.99708 -2.54527
70 20 0 0.0645227 0.0464411 -0.996835 -2.614
70 20 10 -0.0521713 0.0633681 -0.996626 -2.49533
70 20 20 0.357589 0.154503 -0.92101 -2.74626
70 20 30 -0.11268 -0.0583635 -0.991916 -2.61591
70 20 40 -0.0971922 0.0869274 -0.991462 -2.93771
70 20 50 -0.38149 -0.34303 -0.858368 -2.61213
70 20 60 -0.214137 -0.150814 -0.965091 -2.69462
70 20 70 0.136384 0.0738752 -0.987898 -2.61179
70 20 80 -0.260334 -0.142167 -0.954995 -2.51216
