Position_x Position_y Position_z Spin_x Spin_y Spin_z Spin_energy Temperature n_spins
0 0 0 0.0319835 -0.0258016 -0.999155 -3.04627 0.001 729
1 0 0 -0.00422763 0.00870094 -0.999953 -3.04924
2 0 0 0.00117076 0.00297852 -0.999995 -3.04975
0 1 0 -0.000894457 0.00298632 -0.999995 -3.04929
1 1 0 0.00632277 -0.000185115 -0.99998 -3.04959
2 1 0 -0.00285563 0.00342853 -0.99999 -3.04866
0 2 0 0.00951364 -0.00147673 -0.999954 -3.04936
1 2 0 0.000231894 -0.00358598 -0.999994 -3.04888
2 2 0 0.0338648 -0.0452438 -0.998402 -3.04472
0 0 1 -0.00490165 0.00858089 -0.999951 -3.04913
1 0 1 0.00167355 0.000732772 -0.999998 -3.04985
2 0 1 -0.00020548 0.000541855 -1 -3.04917
0 1 1 -0.0104939 -0.0114546 -0.999879 -3.04966
1 1 1 -0.0154602 -0.00752481 -0.999852 -3.04889
2 1 1 0.00224944 -0.00018637 -0.999997 -3.04977
0 2 1 -0.00251506 0.00233617 -0.999994 -3.04935
1 2 1 0.0200028 -0.0175634 -0.999646 -3.0488
2 2 1 0.0150835 0.0066511 -0.999864 -3.0488
0 0 2 -0.0198564 0.010185 -0.999751 -3.04918
1 0 2 -0.00458716 -0.000461324 -0.999989 -3.04878
2 0 2 0.0257739 0.0352879 -0.999045 -3.04653
0 1 2 -0.0172053 -0.00696405 -0.999828 -3.04897
1 1 2 0.0258943 0.000173971 -0.999665 -3.04803
2 1 2 -0.0112061 -0.00986171 -0.999889 -3.04839
0 2 2 -0.00441902 0.00681138 -0.999967 -3.04933
1 2 2 0.0131646 -0.0322917 -0.999392 -3.04832
2 2 2 -0.00506834 0.00120911 -0.999986 -3.04924
3 0 0 -0.0104113 -0.008249 -0.999912 -3.04927
4 0 0 0.00897061 -0.0036204 -0.999953 -3.04974
5 0 0 0.00133791 0.00290727 -0.999995 -3.04928
3 1 0 -0.00880457 -0.0327539 -0.999425 -3.04788
4 1 0 -0.00152879 0.00613795 -0.99998 -3.04943
5 1 0 0.00444716 0.000363658 -0.99999 -3.04977
3 2 0 0.000737358 0.00959929 -0.999954 -3.04835
4 2 0 -0.00162798 0.00320354 -0.999994 -3.04924
5 2 0 0.00730615 -0.0204613 -0.999764 -3.04858
3 0 1 -0.00977059 0.00148102 -0.999951 -3.0497
4 0 1 -0.0016234 0.000838029 -0.999998 -3.04962
5 0 1 -0.000493133 0.000304383 -1 -3.04969
3 1 1 -0.00210824 -2.84247e-05 -0.999998 -3.04953
4 1 1 -0.0158413 0.00668544 -0.999852 -3.04924
5 1 1 0.000440007 -0.00221384 -0.999997 -3.04973
3 2 1 0.00316349 0.00133248 -0.999994 -3.04978
4 2 1 0.0239637 0.0115899 -0.999646 -3.0485
5 2 1 -0.015389 0.00590993 -0.999864 -3.04902
3 0 2 0.0111029 -0.0102741 -0.999886 -3.04877
4 0 2 -0.0030333 0.0190388 -0.999814 -3.04925
5 0 2 0.0166771 -0.00726883 -0.999835 -3.0489
3 1 2 0.0163905 -0.00871051 -0.999828 -3.04905
4 1 2 -0.00768306 0.0247288 -0.999665 -3.04829
5 1 2 0.0146862 0.00267301 -0.999889 -3.04951
3 2 2 0.00810152 -0.000536663 -0.999967 -3.04969
4 2 2 0.0306784 -0.0165799 -0.999392 -3.04795
5 2 2 -0.000613173 -0.00517436 -0.999986 -3.04933
6 0 0 -0.0379025 -0.0158766 -0.999155 -3.04748
7 0 0 -0.00536775 0.00804776 -0.999953 -3.04932
8 0 0 0.00517109 -0.0162815 -0.999854 -3.04856
6 1 0 0.000498622 -0.00307726 -0.999995 -3.04928
7 1 0 -0.00425713 0.00467852 -0.99998 -3.04979
8 1 0 -0.00435204 0.000984486 -0.99999 -3.04974
6 2 0 -0.00258458 0.00927416 -0.999954 -3.04951
7 2 0 0.00172773 0.00315087 -0.999994 -3.04955
8 2 0 -0.0140271 -0.0165918 -0.999764 -3.04921
6 0 1 -0.00801058 0.00578692 -0.999951 -3.04929
7 0 1 0.00166075 0.000761332 -0.999998 -3.04947
8 0 1 0.000185086 -0.000549155 -1 -3.04956
6 1 1 0.00209453 -0.015393 -0.999879 -3.04944
7 1 1 -0.0148234 -0.00871259 -0.999852 -3.04947
8 1 1 -0.00138297 0.00178384 -0.999997 -3.04949
6 2 1 -0.00334714 -0.000761498 -0.999994 -3.04961
7 2 1 -0.0278566 0.0143587 -0.999509 -3.04886
8 2 1 -0.035661 -0.00437863 -0.999354 -3.04847
6 0 2 -0.0114539 -0.0191525 -0.999751 -3.04902
7 0 2 -0.0158122 -0.0110296 -0.999814 -3.0495
8 0 2 0.00993592 -0.0152394 -0.999835 -3.04908
6 1 2 0.0167325 0.00803384 -0.999828 -3.04901
7 1 2 -0.00421407 -0.00924005 -0.999948 -3.04924
8 1 2 -0.00154231 -0.0148476 -0.999889 -3.04909
6 2 2 -0.00701396 0.00408987 -0.999967 -3.04954
7 2 2 -0.0137525 0.0320457 -0.999392 -3.04828
8 2 2 -0.00104509 0.00510468 -0.999986 -3.04919
0 3 0 0.0188337 -0.0365234 -0.999155 -3.04757
1 3 0 0.00946042 0.00201979 -0.999953 -3.04884
2 3 0 0.0447561 0.0160313 -0.998869 -3.04712
0 4 0 -0.00291792 0.00109721 -0.999995 -3.04933
1 4 0 0.000871031 0.00626522 -0.99998 -3.04966
2 4 0 -0.00178286 -0.00409034 -0.99999 -3.04918
0 5 0 0.00647685 0.00712323 -0.999954 -3.04961
1 5 0 -0.00117366 0.0033964 -0.999994 -3.04946
2 5 0 -0.00696779 0.00279522 -0.999972 -3.0496
0 3 1 0.00769012 0.00620644 -0.999951 -3.04919
1 3 1 0.00283337 0.008839 -0.999957 -3.04947
2 3 1 -0.000573801 8.11223e-05 -1 -3.04921
0 4 1 -0.00234947 0.0153561 -0.999879 -3.04976
1 4 1 -0.0066513 0.00892759 -0.999938 -3.04959
2 4 1 -0.000556821 -0.00218738 -0.999997 -3.04959
0 5 1 -0.000782431 0.0033423 -0.999994 -3.04935
1 5 1 0.0196866 0.0243844 -0.999509 -3.04815
2 5 1 0.0243335 0.0145691 -0.999598 -3.04889
0 3 2 -0.0216524 0.00540222 -0.999751 -3.04893
1 3 2 -0.00581277 -0.0183817 -0.999814 -3.04858
2 3 2 0.017882 0.00334613 -0.999835 -3.04921
0 4 2 -0.0126106 0.0226365 -0.999664 -3.04939
1 4 2 0.000389978 0.0258919 -0.999665 -3.04861
2 4 2 0.00338437 0.0145388 -0.999889 -3.04971
0 5 2 0.0056406 0.00584006 -0.999967 -3.04924
1 5 2 -0.0348125 0.00203635 -0.999392 -3.04721
2 5 2 0.00401074 0.00332625 -0.999986 -3.04927
3 3 0 0.0171516 0.00652933 -0.999832 -3.04935
4 3 0 0.00966768 0.000339149 -0.999953 -3.04983
5 3 0 0.00210497 -0.00241067 -0.999995 -3.0493
3 4 0 -0.0162209 -0.00115295 -0.999868 -3.04896
4 4 0 -0.00426268 0.00467346 -0.99998 -3.04969
5 4 0 -0.0015251 -0.00419327 -0.99999 -3.04976
3 5 0 6.8915e-05 0.00962732 -0.999954 -3.0496
4 5 0 0.000789603 0.00350564 -0.999994 -3.04945
5 5 0 -0.00507473 -0.00553267 -0.999972 -3.04936
3 3 1 0.00784676 0.00600718 -0.999951 -3.04983
4 3 1 0.000460478 0.00176796 -0.999998 -3.04966
5 3 1 -0.000520154 0.000255478 -1 -3.04982
3 4 1 0.0145595 0.00541779 -0.999879 -3.04945
4 4 1 0.000849158 0.0171732 -0.999852 -3.04925
5 4 1 -0.00135214 0.00180732 -0.999997 -3.04957
3 5 1 0.00133527 -0.00316232 -0.999994 -3.04952
4 5 1 0.0131252 -0.0231584 -0.999646 -3.04723
5 5 1 -0.00942525 0.0346705 -0.999354 -3.04721
3 3 2 0.00943474 -0.0118245 -0.999886 -3.0493
4 3 2 0.0163593 0.0102005 -0.999814 -3.04932
5 3 2 0.01819 -0.000293504 -0.999835 -3.04928
3 4 2 0.0039716 0.0181314 -0.999828 -3.0493
4 4 2 -0.00794471 0.00632602 -0.999948 -3.04941
5 4 2 0.0148403 -0.00161099 -0.999889 -3.0495
3 5 2 0.0058249 0.00565625 -0.999967 -3.04945
4 5 2 -0.0334907 0.00971756 -0.999392 -3.04722
5 5 2 -0.000695698 -0.00516391 -0.999986 -3.04898
6 3 0 -0.0122439 -0.0099822 -0.999875 -3.04919
7 3 0 -0.000213421 0.00967128 -0.999953 -3.04893
8 3 0 -0.00319736 0.000138343 -0.999995 -3.04931
6 4 0 0.00777416 0.0142831 -0.999868 -3.0491
7 4 0 0.0464488 0.0304213 -0.998457 -3.04515
8 4 0 0.00445459 -0.000257006 -0.99999 -3.04913
6 5 0 0.00554658 0.00786927 -0.999954 -3.04963
7 5 0 0.00302237 -0.00194379 -0.999994 -3.04875
8 5 0 -0.0122244 0.0179614 -0.999764 -3.04855
6 3 1 0.00680922 -0.00716187 -0.999951 -3.04953
7 3 1 -0.000495821 -0.00175838 -0.999998 -3.04963
8 3 1 0.000270269 0.000512624 -1 -3.04956
6 4 1 -0.00202513 0.000586806 -0.999998 -3.04976
7 4 1 -0.00041814 0.0138401 -0.999904 -3.049
8 4 1 -0.000363246 0.00222772 -0.999997 -3.04951
6 5 1 -0.00235021 -0.00250194 -0.999994 -3.04932
7 5 1 0.0159 0.0213489 -0.999646 -3.04832
8 5 1 -0.028118 -0.0223664 -0.999354 -3.04664
6 3 2 -0.0177745 0.0134936 -0.999751 -3.04899
7 3 2 0.00424518 -0.00179815 -0.999989 -3.04894
8 3 2 0.000281806 -0.0181902 -0.999835 -3.04911
6 4 2 0.0041847 0.0180834 -0.999828 -3.0493
7 4 2 -0.0072968 0.0378047 -0.999259 -3.04844
8 4 2 -0.014596 -0.00312856 -0.999889 -3.04879
6 5 2 0.00666083 -0.00464284 -0.999967 -3.04933
7 5 2 0.0107001 0.0331899 -0.999392 -3.04868
8 5 2 0.0209614 0.0104063 -0.999726 -3.04837
0 6 0 0.00227334 -0.018211 -0.999832 -3.04905
1 6 0 -0.00294151 0.00921557 -0.999953 -3.04967
2 6 0 0.00261888 -0.00183948 -0.999995 -3.04974
0 7 0 0.0121922 0.0107608 -0.999868 -3.04914
1 7 0 0.00631684 0.000330484 -0.99998 -3.0495
2 7 0 -0.00410937 -0.00173855 -0.99999 -3.04953
0 8 0 0.00546927 -0.0079232 -0.999954 -3.0494
1 8 0 -0.00277171 0.00228706 -0.999994 -3.04952
2 8 0 -0.00824801 0.0201002 -0.999764 -3.04878
0 6 1 -0.00894584 0.00419879 -0.999951 -3.04954
1 6 1 -0.00182065 0.000151554 -0.999998 -3.04955
2 6 1 -0.000212645 -0.000539083 -1 -3.04969
0 7 1 -0.0152287 0.00306865 -0.999879 -3.04936
1 7 1 -0.0169346 -0.00297667 -0.999852 -3.0495
2 7 1 0.00224485 -0.000235295 -0.999997 -3.04944
0 8 1 0.000356593 0.00341409 -0.999994 -3.04956
1 8 1 0.000247756 0.00136026 -0.999999 -3.04924
2 8 1 -0.00992653 -0.0345303 -0.999354 -3.04747
0 6 2 0.0215621 0.0057521 -0.999751 -3.0491
1 6 2 -0.00459081 -0.0187243 -0.999814 -3.04885
2 6 2 0.00435906 -0.0176624 -0.999835 -3.04958
0 7 2 0.0185468 -0.000732182 -0.999828 -3.04915
1 7 2 0.000367097 0.010149 -0.999948 -3.0489
2 7 2 0.0100485 -0.0110389 -0.999889 -3.04964
0 8 2 -0.00786195 0.00202791 -0.999967 -3.04915
1 8 2 -0.00525137 -0.0344744 -0.999392 -3.04796
2 8 2 0.00185316 -0.00486989 -0.999986 -3.04883
3 6 0 0.00612436 -0.0173003 -0.999832 -3.04935
4 6 0 -0.00732478 -0.00631876 -0.999953 -3.04961
5 6 0 -0.0170483 0.00108679 -0.999854 -3.04947
3 7 0 -0.0146604 -0.0305845 -0.999425 -3.04812
4 7 0 -0.00632306 -0.000174789 -0.99998 -3.04922
5 7 0 -0.0378125 0.0211425 -0.999061 -3.04807
3 8 0 -0.00374687 0.00886854 -0.999954 -3.0494
4 8 0 0.00219518 0.00284503 -0.999994 -3.04964
5 8 0 -0.0198907 -0.00874111 -0.999764 -3.04863
3 6 1 0.00144069 -0.00977662 -0.999951 -3.04976
4 6 1 -0.00174394 -0.00054443 -0.999998 -3.04961
5 6 1 0.000579507 4.00952e-07 -1 -3.04948
3 7 1 -0.0125522 -0.00915279 -0.999879 -3.04932
4 7 1 -0.0142423 -0.00963314 -0.999852 -3.04924
5 7 1 0.00222677 -0.000369065 -0.999997 -3.04906
3 8 1 0.00659458 0.00631035 -0.999958 -3.04916
4 8 1 0.0166278 0.0207871 -0.999646 -3.04888
5 8 1 -0.00247396 0.0283875 -0.999594 -3.04885
3 6 2 0.0217844 -0.00484275 -0.999751 -3.04956
4 6 2 0.0183091 -0.00603763 -0.999814 -3.04853
5 6 2 -0.0144034 -0.0111132 -0.999835 -3.04927
3 7 2 0.0174168 0.00641677 -0.999828 -3.04924
4 7 2 -0.00579882 0.0083373 -0.999948 -3.0492
5 7 2 0.0148085 -0.00188123 -0.999889 -3.04908
3 8 2 -0.00287918 0.00759164 -0.999967 -3.0494
4 8 2 0.000783376 0.037224 -0.999307 -3.04882
5 8 2 0.00753972 0.0221546 -0.999726 -3.04926
6 6 0 -0.0132039 -0.0127462 -0.999832 -3.04912
7 6 0 0.00187046 0.00949108 -0.999953 -3.0494
8 6 0 -0.0149943 -0.00818527 -0.999854 -3.04909
6 7 0 -0.00856711 0.0138221 -0.999868 -3.04926
7 7 0 -0.00123245 0.00620425 -0.99998 -3.04972
8 7 0 0.00407593 0.00181557 -0.99999 -3.04964
6 8 0 -0.00874654 -0.00402344 -0.999954 -3.04958
7 8 0 -0.00123988 -0.00337279 -0.999994 -3.04926
8 8 0 -0.015905 0.00260232 -0.99987 -3.04922
6 6 1 -0.00786546 0.00598266 -0.999951 -3.04962
7 6 1 0.00145709 -0.0011021 -0.999998 -3.04969
8 6 1 0.000499241 0.000294256 -1 -3.04948
6 7 1 -0.0154351 -0.00175766 -0.999879 -3.04946
7 7 1 0.0164203 -0.00510055 -0.999852 -3.04882
8 7 1 1.61993e-05 0.00225709 -0.999997 -3.0495
6 8 1 -0.00073368 0.00335334 -0.999994 -3.0495
7 8 1 -0.0304254 0.00751373 -0.999509 -3.04817
8 8 1 -0.0255756 -0.0201822 -0.999469 -3.04817
6 6 2 -0.0102264 -0.0198351 -0.999751 -3.04931
7 6 2 -0.00459851 0.000329507 -0.999989 -3.0492
8 6 2 0.00480488 0.0175464 -0.999835 -3.04941
6 7 2 -0.0151706 0.0106946 -0.999828 -3.04883
7 7 2 0.0123951 -0.0227356 -0.999665 -3.04889
8 7 2 0.0112045 -0.0098635 -0.999889 -3.04956
6 8 2 -0.00747309 0.0031742 -0.999967 -3.04964
7 8 2 0.00180675 -0.00147756 -0.999997 -3.04933
8 8 2 0.0216496 -0.00888643 -0.999726 -3.04875
0 0 3 0.00395909 0.0179202 -0.999832 -3.04948
1 0 3 0.00759384 0.00599272 -0.999953 -3.04977
2 0 3 0.0162786 -0.0051802 -0.999854 -3.04923
0 1 3 0.0113211 0.0116739 -0.999868 -3.04888
1 1 3 0.00353366 -0.00524642 -0.99998 -3.04964
2 1 3 0.00445976 -0.000141366 -0.99999 -3.04963
0 2 3 0.00276786 0.0161046 -0.999866 -3.04892
1 2 3 -0.00354052 -0.000614605 -0.999994 -3.04927
2 2 3 -0.0190882 0.0103773 -0.999764 -3.04922
0 0 4 -0.00311994 0.00937677 -0.999951 -3.0497
1 0 4 0.00181642 0.000195778 -0.999998 -3.04955
2 0 4 -0.000561775 0.000142259 -1 -3.04961
0 1 4 0.00351972 0.0151308 -0.999879 -3.04891
1 1 4 0.0148504 0.0086665 -0.999852 -3.04901
2 1 4 -0.000853479 0.00208956 -0.999997 -3.04964
0 2 4 -0.039322 -0.0236932 -0.998946 -3.04636
1 2 4 -0.0228313 0.0214685 -0.999509 -3.04825
2 2 4 -0.00677856 0.0276771 -0.999594 -3.0487
0 0 5 0.00513133 -0.0142303 -0.999886 -3.04899
1 0 5 -0.00251959 0.0191136 -0.999814 -3.04897
2 0 5 -0.0151032 -0.0101417 -0.999835 -3.04886
0 1 5 0.0181845 0.00372075 -0.999828 -3.04902
1 1 5 -0.0210674 0.0150568 -0.999665 -3.04851
2 1 5 0.0134007 0.00657656 -0.999889 -3.04922
0 2 5 -0.00475177 0.00658356 -0.999967 -3.04886
1 2 5 -0.00141849 0.00185348 -0.999997 -3.0494
2 2 5 0.0225701 -0.00618581 -0.999726 -3.04848
3 0 3 0.015409 0.00996859 -0.999832 -3.04955
4 0 3 -0.00164103 0.00953342 -0.999953 -3.0497
5 0 3 -0.0137198 -0.0101781 -0.999854 -3.04928
3 1 3 0.00483635 0.015526 -0.999868 -3.04959
4 1 3 0.00219271 0.00593327 -0.99998 -3.0497
5 1 3 -0.00125252 -0.0042826 -0.99999 -3.04973
3 2 3 0.00872609 -0.00406759 -0.999954 -3.04954
4 2 3 -0.00232235 -0.00274221 -0.999994 -3.0493
5 2 3 -0.021471 -0.00332307 -0.999764 -3.04938
3 0 4 0.00985909 -0.000675424 -0.999951 -3.04957
4 0 4 -0.00167496 0.000729549 -0.999998 -3.04953
5 0 4 0.00042748 0.000391267 -1 -3.0495
3 1 4 0.0055159 0.0145226 -0.999879 -3.04964
4 1 4 -0.0171879 -0.000464512 -0.999852 -3.04923
5 1 4 0.00131348 0.00183561 -0.999997 -3.04957
3 2 4 0.0033805 -0.000596172 -0.999994 -3.04935
4 2 4 -0.0277489 -0.0145659 -0.999509 -3.04862
5 2 4 -0.0246798 0.0139745 -0.999598 -3.049
3 0 5 0.0242295 -0.0277505 -0.999321 -3.04804
4 0 5 0.0123088 -0.0148381 -0.999814 -3.04844
5 0 5 0.00207887 -0.0180732 -0.999835 -3.04906
3 1 5 0.00592212 0.0162689 -0.99985 -3.04917
4 1 5 0.000505535 0.0258899 -0.999665 -3.04876
5 1 5 -0.0146569 -0.00282958 -0.999889 -3.04938
3 2 5 -0.00782251 -0.00217509 -0.999967 -3.04909
4 2 5 -0.0146882 0.019385 -0.999704 -3.04906
5 2 5 -0.00363816 0.00373011 -0.999986 -3.04949
6 0 3 0.00105004 -0.0183223 -0.999832 -3.04964
7 0 3 -0.00111657 -0.00960898 -0.999953 -3.04973
8 0 3 -0.0163558 -0.00493096 -0.999854 -3.04885
6 1 3 0.00305303 -0.000630172 -0.999995 -3.04975
7 1 3 -0.00283532 0.00565444 -0.99998 -3.04935
8 1 3 -0.0402032 0.0161399 -0.999061 -3.0469
6 2 3 -0.00945673 -0.00180563 -0.999954 -3.04983
7 2 3 0.00352034 0.000721251 -0.999994 -3.04928
8 2 3 0.00709829 -0.00244492 -0.999972 -3.04872
6 0 4 0.00960635 -0.00231858 -0.999951 -3.04885
7 0 4 0.00121198 0.00136705 -0.999998 -3.0495
8 0 4 -0.000543626 -0.000200748 -1 -3.04949
6 1 4 0.0150072 -0.00401435 -0.999879 -3.04946
7 1 4 -0.00514136 -0.0164075 -0.999852 -3.04909
8 1 4 0.000297734 -0.00223742 -0.999997 -3.04895
6 2 4 -0.00341986 0.00029618 -0.999994 -3.04952
7 2 4 -0.0296373 -0.010188 -0.999509 -3.04871
8 2 4 -0.0322214 0.0158953 -0.999354 -3.04783
6 0 5 -0.0223006 -0.000832102 -0.999751 -3.049
7 0 5 -0.00189033 -0.019186 -0.999814 -3.04901
8 0 5 -0.00315135 -0.0179173 -0.999835 -3.04957
6 1 5 -0.011424 -0.0146292 -0.999828 -3.04911
7 1 5 -0.0192791 0.0172876 -0.999665 -3.04822
8 1 5 -0.00319059 0.0145825 -0.999889 -3.04928
6 2 5 -0.0080511 -0.00104999 -0.999967 -3.04953
7 2 5 -0.00503954 -0.0237933 -0.999704 -3.04871
8 2 5 0.00516185 -0.000710855 -0.999986 -3.04922
0 3 3 0.00428064 0.0178462 -0.999832 -3.04941
1 3 3 -0.00946545 0.00199609 -0.999953 -3.04963
2 3 3 -0.00196076 0.01697 -0.999854 -3.04952
0 4 3 0.00507374 0.01545 -0.999868 -3.04955
1 4 3 -0.000644698 -0.00629254 -0.99998 -3.04948
2 4 3 -0.00437895 0.000856898 -0.99999 -3.04964
0 5 3 -0.00847525 0.00456729 -0.999954 -3.04974
1 5 3 0.000828741 0.0034966 -0.999994 -3.04952
2 5 3 0.0192002 0.0101686 -0.999764 -3.04897
0 3 4 -0.00201632 -0.00967431 -0.999951 -3.04912
1 3 4 0.00138876 0.00118704 -0.999998 -3.04956
2 3 4 -0.000102562 0.000570359 -1 -3.04963
0 4 4 -0.00172537 0.00121185 -0.999998 -3.0498
1 4 4 -0.0085967 0.00707378 -0.999938 -3.0495
2 4 4 -0.0010142 -0.00201646 -0.999997 -3.04979
0 5 4 -0.000696802 0.0033612 -0.999994 -3.04965
1 5 4 -0.00136017 0.000248228 -0.999999 -3.04961
2 5 4 -0.00258791 -0.0162804 -0.999864 -3.04942
0 3 5 -0.0203351 -0.0307187 -0.999321 -3.04736
1 3 5 -0.0146341 0.0125507 -0.999814 -3.04883
2 3 5 -0.017597 0.00461596 -0.999835 -3.04806
0 4 5 0.0130293 0.0132196 -0.999828 -3.04866
1 4 5 0.00768719 -0.0247276 -0.999665 -3.04777
2 4 5 0.00593522 -0.0136968 -0.999889 -3.0496
0 5 5 -0.00176547 0.00792501 -0.999967 -3.0495
1 5 5 -0.0197224 0.0287591 -0.999392 -3.04705
2 5 5 -0.00298161 -0.0232117 -0.999726 -3.04869
3 3 3 0.00992384 0.0122913 -0.999875 -3.04941
4 3 3 0.00963987 -0.000807542 -0.999953 -3.04972
5 3 3 0.00239545 -0.0169141 -0.999854 -3.04922
3 4 3 -0.0120542 -0.0109152 -0.999868 -3.04904
4 4 3 -0.0056792 0.00278539 -0.99998 -3.04983
5 4 3 -0.00438039 -0.000849474 -0.99999 -3.04963
3 5 3 0.00817615 0.00508337 -0.999954 -3.04964
4 5 3 0.00162685 0.00320412 -0.999994 -3.04954
5 5 3 0.0214021 0.00374097 -0.999764 -3.04879
3 3 4 -0.000306585 0.00987744 -0.999951 -3.04932
4 3 4 0.00129731 -0.00128635 -0.999998 -3.0496
5 3 4 -0.00012621 0.000565597 -1 -3.04961
3 4 4 -0.00793362 0.0133562 -0.999879 -3.0494
4 4 4 -0.0164755 0.00491927 -0.999852 -3.04948
5 4 4 0.00153377 -0.00165598 -0.999997 -3.04946
3 5 4 -0.00231872 0.00253115 -0.999994 -3.04978
4 5 4 0.000703897 -0.00119005 -0.999999 -3.0496
5 5 4 0.0112793 -0.0341124 -0.999354 -3.04806
3 3 5 -0.00367332 -0.036656 -0.999321 -3.04769
4 3 5 0.000340322 0.00459772 -0.999989 -3.04928
5 3 5 0.018026 -0.00245477 -0.999835 -3.04876
3 4 5 0.0142749 -0.0118638 -0.999828 -3.04935
4 4 5 0.00774735 -0.00656623 -0.999948 -3.04956
5 4 5 -0.0096815 -0.0140068 -0.999855 -3.04932
3 5 5 0.00376808 -0.00719195 -0.999967 -3.04947
4 5 5 -0.00228855 -0.000458284 -0.999997 -3.04985
5 5 5 -0.00515294 -0.000772749 -0.999986 -3.04946
6 3 3 -0.0175281 0.00543845 -0.999832 -3.0494
7 3 3 0.00273444 -0.00927912 -0.999953 -3.04961
8 3 3 0.0157714 0.00656429 -0.999854 -3.04944
6 4 3 0.00299957 -0.000848953 -0.999995 -3.04966
7 4 3 -0.00523645 0.00354841 -0.99998 -3.04954
8 4 3 0.00305202 -0.00325494 -0.99999 -3.0497
6 5 3 0.0092767 0.00257541 -0.999954 -3.04973
7 5 3 0.00314598 -0.00173662 -0.999994 -3.04938
8 5 3 0.00284031 0.00694953 -0.999972 -3.0496
6 3 4 -0.00869655 -0.00469338 -0.999951 -3.04968
7 3 4 -0.00156798 0.000937642 -0.999998 -3.04961
8 3 4 0.000518854 0.000258107 -1 -3.04949
6 4 4 -0.0147707 0.00481215 -0.999879 -3.04939
7 4 4 -0.00777697 -0.0079662 -0.999938 -3.04944
8 4 4 -0.0011811 0.00192346 -0.999997 -3.0496
6 5 4 -0.000458351 -0.00340193 -0.999994 -3.04942
7 5 4 -0.00891626 -0.0300444 -0.999509 -3.04806
8 5 4 0.0186508 0.0307087 -0.999354 -3.04752
6 3 5 -0.031546 -0.0190266 -0.999321 -3.0481
7 3 5 -0.01859 -0.00510766 -0.999814 -3.0489
8 3 5 0.00345534 -0.0178612 -0.999835 -3.04918
6 4 5 0.0166866 -0.00812892 -0.999828 -3.04877
7 4 5 0.0256896 -0.00325386 -0.999665 -3.04817
8 4 5 0.00171443 0.0148287 -0.999889 -3.04928
6 5 5 -0.00459356 -0.00669491 -0.999967 -3.04956
7 5 5 -0.0204553 -0.0282425 -0.999392 -3.04775
8 5 5 -0.0105241 0.0209025 -0.999726 -3.04866
0 6 3 0.000122961 0.018352 -0.999832 -3.04947
1 6 3 -0.00706821 0.00660451 -0.999953 -3.04962
2 6 3 -0.011591 -0.0125489 -0.999854 -3.04918
0 7 3 -0.00667856 0.0148271 -0.999868 -3.04937
1 7 3 0.00311571 0.00550491 -0.99998 -3.04984
2 7 3 0.00445626 -0.000226367 -0.99999 -3.04972
0 8 3 -0.00160992 0.009492 -0.999954 -3.04982
1 8 3 -0.00339254 0.00118476 -0.999994 -3.04926
2 8 3 0.00446611 -0.0212627 -0.999764 -3.04897
0 6 4 -0.00396946 -0.00904993 -0.999951 -3.04944
1 6 4 -4.46425e-05 -0.0018264 -0.999998 -3.04976
2 6 4 -0.000370244 -0.000445812 -1 -3.04976
0 7 4 0.00893963 -0.0127049 -0.999879 -3.04905
1 7 4 -0.00889865 0.0147124 -0.999852 -3.04939
2 7 4 -0.00183261 -0.00131767 -0.999997 -3.04959
0 8 4 0.0025625 -0.00228403 -0.999994 -3.04929
1 8 4 -0.0118744 0.0290028 -0.999509 -3.04868
2 8 4 0.0126214 0.0255474 -0.999594 -3.04837
0 6 5 0.0194726 0.0109009 -0.999751 -3.04886
1 6 5 0.0183716 0.00584465 -0.999814 -3.0488
2 6 5 -0.0119322 0.0137326 -0.999835 -3.04841
0 7 5 -0.00173768 0.0184797 -0.999828 -3.04917
1 7 5 0.00177362 0.0258341 -0.999665 -3.04888
2 7 5 -0.0113491 -0.00969683 -0.999889 -3.04887
0 8 5 -0.000694553 0.00808951 -0.999967 -3.04938
1 8 5 -0.0238108 -0.00495621 -0.999704 -3.04859
2 8 5 -0.00158608 -0.0049633 -0.999986 -3.04944
3 6 3 0.00912436 -0.0159234 -0.999832 -3.04929
4 6 3 -1.50549e-05 0.00967362 -0.999953 -3.04953
5 6 3 -0.0170065 0.00161392 -0.999854 -3.04926
3 7 3 -0.00214471 0.00226238 -0.999995 -3.04968
4 7 3 0.00175122 0.00607823 -0.99998 -3.04985
5 7 3 -0.00366687 0.00254235 -0.99999 -3.04959
3 8 3 0.00270514 -0.00923971 -0.999954 -3.04966
4 8 3 0.000104949 -0.00359194 -0.999994 -3.04918
5 8 3 0.0061375 0.0043237 -0.999972 -3.0494
3 6 4 -0.00887586 -0.00434476 -0.999951 -3.0496
4 6 4 0.00113494 -0.00143166 -0.999998 -3.04977
5 6 4 -0.000579501 2.58253e-06 -1 -3.04949
3 7 4 -0.0152886 -0.00275508 -0.999879 -3.04935
4 7 4 0.0164877 -0.00487834 -0.999852 -3.04882
5 7 4 0.00142399 0.00175127 -0.999997 -3.04954
3 8 4 -0.00142294 0.00312385 -0.999994 -3.04946
4 8 4 0.00648248 0.0306617 -0.999509 -3.0487
5 8 4 0.00397422 0.0357083 -0.999354 -3.04684
3 6 5 -0.0208926 -0.0303423 -0.999321 -3.04779
4 6 5 -0.00943656 0.0168115 -0.999814 -3.04894
5 6 5 0.00203236 0.0180785 -0.999835 -3.04917
3 7 5 0.0128951 -0.0133505 -0.999828 -3.04868
4 7 5 -0.00712563 0.0248952 -0.999665 -3.0488
5 7 5 -0.00289292 0.0146445 -0.999889 -3.04861
3 8 5 -0.00454646 -0.00672698 -0.999967 -3.04914
4 8 5 -0.0202144 0.0312668 -0.999307 -3.04786
5 8 5 -0.022214 -0.00736266 -0.999726 -3.04789
6 6 3 -0.00579818 -0.0174124 -0.999832 -3.04898
7 6 3 0.00795173 -0.005509 -0.999953 -3.04974
8 6 3 0.0120518 0.012107 -0.999854 -3.04963
6 7 3 -0.0101269 0.0323695 -0.999425 -3.04787
7 7 3 0.00620547 0.00122629 -0.99998 -3.04942
8 7 3 -0.00372381 -0.0024582 -0.99999 -3.04954
6 8 3 -0.00776559 -0.00569084 -0.999954 -3.04906
7 8 3 -0.00213413 0.00289111 -0.999994 -3.0495
8 8 3 0.0110193 0.0187249 -0.999764 -3.04874
6 6 4 5.32028e-05 -0.00988205 -0.999951 -3.0498
7 6 4 4.75969e-05 -0.00182632 -0.999998 -3.0496
8 6 4 0.000381587 0.000436142 -1 -3.04951
6 7 4 0.0154566 -0.001557 -0.999879 -3.04836
7 7 4 0.0110908 -0.0131391 -0.999852 -3.04967
8 7 4 -0.00219631 0.000520508 -0.999997 -3.04941
6 8 4 -0.0342221 -0.0354511 -0.998785 -3.04465
7 8 4 0.0245183 -0.0195197 -0.999509 -3.04814
8 8 4 0.03377 -0.0122663 -0.999354 -3.04847
6 6 5 0.00954209 -0.0201732 -0.999751 -3.04904
7 6 5 0.0156656 -0.0112368 -0.999814 -3.04893
8 6 5 -0.0134239 0.0122785 -0.999835 -3.04896
6 7 5 0.00235877 -0.0184108 -0.999828 -3.04923
7 7 5 0.00867293 -0.00528367 -0.999948 -3.0498
8 7 5 -0.00220907 -0.0147631 -0.999889 -3.04929
6 8 5 -0.00415909 0.00697314 -0.999967 -3.04887
7 8 5 1.52986e-05 0.00233394 -0.999997 -3.0494
8 8 5 0.0120547 -0.0200589 -0.999726 -3.04916
0 0 6 -0.0103048 0.0151862 -0.999832 -3.04918
1 0 6 -0.00517543 0.00817277 -0.999953 -3.04978
2 0 6 -0.0164376 -0.00465091 -0.999854 -3.0496
0 1 6 0.00265463 -0.00163434 -0.999995 -3.04973
1 1 6 -0.0037694 -0.0050797 -0.99998 -3.04969
2 1 6 0.00403923 0.0018958 -0.99999 -3.04982
0 2 6 0.0035803 0.00893708 -0.999954 -3.04973
1 2 6 -0.000325285 -0.00357872 -0.999994 -3.04959
2 2 6 0.00475892 0.00580655 -0.999972 -3.04882
0 0 7 0.00277177 0.00948552 -0.999951 -3.04946
1 0 7 0.00166833 -0.00074458 -0.999998 -3.04985
2 0 7 -0.000534251 -0.00022451 -1 -3.04962
0 1 7 -0.00148211 -0.015464 -0.999879 -3.04948
1 1 7 -0.0165317 -0.00472692 -0.999852 -3.04915
2 1 7 0.00203025 0.000986304 -0.999997 -3.04947
0 2 7 -0.00337552 -0.000623748 -0.999994 -3.04931
1 2 7 -0.0195532 0.0244915 -0.999509 -3.04786
2 2 7 0.0338808 -0.011957 -0.999354 -3.04738
0 0 8 -0.0212095 0.0301217 -0.999321 -3.04642
1 0 8 0.00421852 0.00185983 -0.999989 -3.049
2 0 8 -0.00776394 0.0164524 -0.999835 -3.04955
0 1 8 0.0175865 -0.00593591 -0.999828 -3.0485
1 1 8 0.00231044 0.0257916 -0.999665 -3.04884
2 1 8 -0.014466 0.00368312 -0.999889 -3.04955
0 2 8 0.00221295 -0.00781188 -0.999967 -3.04955
1 2 8 0.000573161 0.0243144 -0.999704 -3.04927
2 2 8 0.00431582 0.00291954 -0.999986 -3.04831
3 0 6 -0.00457323 -0.0124711 -0.999912 -3.04943
4 0 6 0.00903734 0.00345045 -0.999953 -3.04899
5 0 6 -0.021159 -0.0425724 -0.998869 -3.04761
3 1 6 0.00239466 0.00199593 -0.999995 -3.04979
4 1 6 0.00614437 0.0015028 -0.99998 -3.04979
5 1 6 0.00220621 -0.00387842 -0.99999 -3.0492
3 2 6 0.00905929 0.00325871 -0.999954 -3.04922
4 2 6 0.0028424 -0.00219858 -0.999994 -3.04941
5 2 6 0.00846315 0.0200105 -0.999764 -3.04919
3 0 7 -0.00926349 0.00344174 -0.999951 -3.04958
4 0 7 0.00143633 -0.00112902 -0.999998 -3.04958
5 0 7 -6.88875e-05 0.000575398 -1 -3.049
3 1 7 0.0018435 -0.0154251 -0.999879 -3.04928
4 1 7 0.0171296 0.00148932 -0.999852 -3.04946
5 1 7 0.00217858 -0.000590327 -0.999997 -3.04955
3 2 7 -0.00133935 0.00316059 -0.999994 -3.04925
4 2 7 0.0253329 0.0184501 -0.999509 -3.048
5 2 7 -0.0258043 0.0120874 -0.999594 -3.04813
3 0 8 0.00946099 0.0202114 -0.999751 -3.04884
4 0 8 0.0150677 -0.0120267 -0.999814 -3.04935
5 0 8 0.0176514 0.0044032 -0.999835 -3.04925
3 1 8 -0.0157264 0.00985907 -0.999828 -3.04895
4 1 8 -0.00694847 -0.00740646 -0.999948 -3.0491
5 1 8 -0.00432732 0.016468 -0.999855 -3.04945
3 2 8 -0.00778559 -0.00230375 -0.999967 -3.04933
4 2 8 0.023717 -0.0255649 -0.999392 -3.04748
5 2 8 -0.00159938 0.0233477 -0.999726 -3.04776
6 0 6 -0.0351014 -0.0213672 -0.999155 -3.04739
7 0 6 0.00898049 0.00359582 -0.999953 -3.04897
8 0 6 -0.00149989 -0.017017 -0.999854 -3.04932
6 1 6 0.0162482 0.00066473 -0.999868 -3.04851
7 1 6 -0.00150937 -0.00614276 -0.99998 -3.04948
8 1 6 0.00311035 -0.00319925 -0.99999 -3.04984
6 2 6 0.00233254 0.00934073 -0.999954 -3.04928
7 2 6 -0.00190034 0.00304987 -0.999994 -3.04951
8 2 6 0.00302341 -0.00687185 -0.999972 -3.04939
6 0 7 0.00964325 -0.00215998 -0.999951 -3.04852
7 0 7 -0.00118279 -0.00139238 -0.999998 -3.04948
8 0 7 1.75407e-05 -0.000579242 -1 -3.0491
6 1 7 -0.0133192 -0.00799564 -0.999879 -3.04911
7 1 7 -0.00149964 0.0171287 -0.999852 -3.04932
8 1 7 -0.00150143 -0.00168535 -0.999997 -3.04944
6 2 7 0.00246663 -0.00238725 -0.999994 -3.04933
7 2 7 0.0206803 0.0235476 -0.999509 -3.04863
8 2 7 -0.00716504 0.0352071 -0.999354 -3.04791
6 0 8 -0.00612449 0.0214593 -0.999751 -3.04871
7 0 8 -0.00773678 0.0176584 -0.999814 -3.04933
8 0 8 -0.043621 0.00259641 -0.999045 -3.04704
6 1 8 -0.0195045 0.017059 -0.999664 -3.04934
7 1 8 -0.0111504 0.0233712 -0.999665 -3.04959
8 1 8 -0.00230346 0.0147487 -0.999889 -3.04909
6 2 8 -0.00739775 -0.00334603 -0.999967 -3.04945
7 2 8 -0.00159779 -0.00170134 -0.999997 -3.04944
8 2 8 -0.00415444 -0.00314493 -0.999986 -3.0494
0 3 6 0.0182882 -0.00153347 -0.999832 -3.04894
1 3 6 -0.00539999 0.00802616 -0.999953 -3.04894
2 3 6 -0.00621358 -0.0471328 -0.998869 -3.04636
0 4 6 0.00557437 0.0152765 -0.999868 -3.04947
1 4 6 -0.00273795 -0.00570222 -0.99998 -3.04958
2 4 6 -0.00132848 -0.00425965 -0.99999 -3.04939
0 5 6 -0.00570226 -0.0077572 -0.999954 -3.04966
1 5 6 -0.00327303 -0.00148334 -0.999994 -3.04954
2 5 6 0.011408 -0.0184907 -0.999764 -3.04883
0 3 7 0.00123352 -0.00980491 -0.999951 -3.04962
1 3 7 0.000957053 0.0015562 -0.999998 -3.04937
2 3 7 0.000570022 0.000104419 -1 -3.04862
0 4 7 0.00666112 0.0140342 -0.999879 -3.0497
1 4 7 -0.00484799 0.0164966 -0.999852 -3.04916
2 4 7 0.00192218 0.00118319 -0.999997 -3.04953
0 5 7 0.000422467 0.00340657 -0.999994 -3.0496
1 5 7 0.00135129 -0.000292753 -0.999999 -3.04931
2 5 7 0.0255542 0.0252559 -0.999354 -3.04801
0 3 8 -0.00855552 -0.020611 -0.999751 -3.04843
1 3 8 -0.00755472 0.0339223 -0.999396 -3.04722
2 3 8 0.0340828 0.0273476 -0.999045 -3.04784
0 4 8 0.00674156 0.0172937 -0.999828 -3.04881
1 4 8 0.00601634 -0.0251863 -0.999665 -3.04677
2 4 8 -0.00960565 0.0114264 -0.999889 -3.04861
0 5 8 0.00591344 -0.00556362 -0.999967 -3.04912
1 5 8 0.02324 0.0259993 -0.999392 -3.04784
2 5 8 0.0050195 0.00139808 -0.999986 -3.04924
3 3 6 -0.0344882 -0.0223435 -0.999155 -3.04727
4 3 6 0.00825336 -0.00504591 -0.999953 -3.04927
5 3 6 0.0158398 0.00639755 -0.999854 -3.04889
3 4 6 0.00252523 -0.00182794 -0.999995 -3.04937
4 4 6 -0.00553329 0.00306503 -0.99998 -3.04971
5 4 6 0.00161943 -0.00415775 -0.99999 -3.04976
3 5 6 -0.00634631 0.00723978 -0.999954 -3.04865
4 5 6 -0.00319377 -0.00164708 -0.999994 -3.04961
5 5 6 0.005446 0.00516763 -0.999972 -3.049
3 3 7 -0.00621521 0.00768303 -0.999951 -3.04935
4 3 7 -0.00181111 0.000240011 -0.999998 -3.04948
5 3 7 0.000502227 0.00028913 -1 -3.04921
3 4 7 0.0144747 0.00564045 -0.999879 -3.04947
4 4 7 0.0124983 0.0118082 -0.999852 -3.04921
5 4 7 -0.00102756 0.00200968 -0.999997 -3.04944
3 5 7 0.0491641 0.00329046 -0.998785 -3.04715
4 5 7 0.0303433 0.00783872 -0.999509 -3.04833
5 5 7 0.00104464 -0.0359136 -0.999354 -3.04738
3 3 8 0.00869758 0.0114328 -0.999897 -3.04946
4 3 8 0.0192679 0.000652134 -0.999814 -3.04813
5 3 8 -0.0436838 -0.00112093 -0.999045 -3.04595
3 4 8 0.0185613 1.76859e-05 -0.999828 -3.04872
4 4 8 -0.0252585 -0.00570552 -0.999665 -3.04742
5 4 8 0.00245958 0.0147235 -0.999889 -3.04867
3 5 8 -0.00797835 0.00150619 -0.999967 -3.04824
4 5 8 0.0111709 0.0330344 -0.999392 -3.04771
5 5 8 -0.0229401 -0.00462857 -0.999726 -3.04831
6 3 6 -0.0409126 -0.00385096 -0.999155 -3.04683
7 3 6 -0.00107413 0.00961381 -0.999953 -3.04919
8 3 6 0.0137332 -0.01016 -0.999854 -3.0496
6 4 6 0.0145112 -0.00733969 -0.999868 -3.04904
7 4 6 0.00604017 -0.0018783 -0.99998 -3.04977
8 4 6 -0.00149638 -0.00420361 -0.99999 -3.04963
6 5 6 0.0064757 -0.00712427 -0.999954 -3.0497
7 5 6 0.00247826 -0.00260216 -0.999994 -3.04934
8 5 6 -0.0157384 -0.0149783 -0.999764 -3.04845
6 3 7 0.0014457 0.00977588 -0.999951 -3.04902
7 3 7 0.00160984 0.000863788 -0.999998 -3.0496
8 3 7 -0.000509643 0.000275848 -1 -3.04949
6 4 7 -0.00286732 -0.0152679 -0.999879 -3.04932
7 4 7 -0.00337649 -0.0106085 -0.999938 -3.04953
8 4 7 0.00135052 -0.00180853 -0.999997 -3.04956
6 5 7 -0.000584586 0.00338252 -0.999994 -3.04917
7 5 7 0.0282136 -0.0136439 -0.999509 -3.04833
8 5 7 0.0178135 0.0312019 -0.999354 -3.0475
6 3 8 0.0101817 -0.0198581 -0.999751 -3.04839
7 3 8 0.00334344 -0.0189868 -0.999814 -3.04939
8 3 8 -0.000357249 -0.0181888 -0.999835 -3.04966
6 4 8 0.0152933 0.0105184 -0.999828 -3.04885
7 4 8 -0.0235407 -0.010788 -0.999665 -3.04716
8 4 8 0.00250713 -0.000707685 -0.999997 -3.04953
6 5 8 -0.00451409 0.00674875 -0.999967 -3.04944
7 5 8 0.000667896 -0.024312 -0.999704 -3.04887
8 5 8 0.0231698 0.00329162 -0.999726 -3.04889
0 6 6 -0.00775195 -0.0166348 -0.999832 -3.04911
1 6 6 -0.00805063 0.00536344 -0.999953 -3.04948
2 6 6 0.0170019 0.00166228 -0.999854 -3.04883
0 7 6 -0.0158102 0.00380562 -0.999868 -3.04946
1 7 6 -0.00023433 0.00632114 -0.99998 -3.04915
2 7 6 0.0141914 -0.0409316 -0.999061 -3.04757
0 8 6 0.0054759 0.00791861 -0.999954 -3.04974
1 8 6 -0.00343706 0.00104864 -0.999994 -3.04971
2 8 6 -0.00778149 -0.0202853 -0.999764 -3.04927
0 6 7 -0.00720283 0.00676588 -0.999951 -3.04921
1 6 7 0.00175911 -0.00049322 -0.999998 -3.04976
2 6 7 -0.000561616 -0.000142883 -1 -3.04948
0 7 7 -0.00767201 -0.0135082 -0.999879 -3.04933
1 7 7 0.0144058 0.00938688 -0.999852 -3.04918
2 7 7 0.00125037 0.00187917 -0.999997 -3.04912
0 8 7 0.00338328 -0.000580188 -0.999994 -3.04959
1 8 7 -0.00125866 -0.000572256 -0.999999 -3.04941
2 8 7 0.0196408 -0.0206448 -0.999594 -3.04867
0 6 8 -0.00296046 -0.0367205 -0.999321 -3.0475
1 6 8 -0.00884148 0.017132 -0.999814 -3.04881
2 6 8 -0.0134982 0.0121967 -0.999835 -3.04907
0 7 8 -0.0183215 0.00297393 -0.999828 -3.04896
1 7 8 -0.0190161 0.0175765 -0.999665 -3.04875
2 7 8 -0.00501432 0.0140601 -0.999889 -3.04968
0 8 8 0.00809342 0.000647438 -0.999967 -3.04896
1 8 8 -0.0176312 -0.0300865 -0.999392 -3.04777
2 8 8 -0.00510104 -0.00106273 -0.999986 -3.04925
3 6 6 0.00676023 -0.0170619 -0.999832 -3.04941
4 6 6 0.00440215 -0.00861395 -0.999953 -3.04894
5 6 6 0.00745474 0.0469525 -0.998869 -3.04569
3 7 6 0.00331261 -0.0159208 -0.999868 -3.04951
4 7 6 0.00376207 -0.00508512 -0.99998 -3.04923
5 7 6 -0.0148492 -0.0406975 -0.999061 -3.04578
3 8 6 -0.00166951 -0.0094817 -0.999954 -3.04987
4 8 6 -0.0014325 0.0032956 -0.999994 -3.04848
5 8 6 -0.0150252 -0.05448 -0.998402 -3.04592
3 6 7 0.00433298 -0.00888161 -0.999951 -3.04901
4 6 7 0.0014003 0.00117341 -0.999998 -3.04963
5 6 7 -0.000541418 0.000206628 -1 -3.049
3 7 7 -0.0121162 0.00972258 -0.999879 -3.04929
4 7 7 0.00506816 0.00991239 -0.999938 -3.04939
5 7 7 -7.62335e-05 -0.00225586 -0.999997 -3.04912
3 8 7 -0.00328202 0.00100574 -0.999994 -3.04937
4 8 7 0.0306415 0.00657751 -0.999509 -3.04802
5 8 7 -0.0184047 0.0308568 -0.999354 -3.04506
3 6 8 -0.00858707 -0.0358248 -0.999321 -3.04718
4 6 8 0.0102785 0.0163104 -0.999814 -3.04844
5 6 8 -0.0058436 0.0172283 -0.999835 -3.0494
3 7 8 0.0124611 0.0137565 -0.999828 -3.04783
4 7 8 -0.0256785 0.0033404 -0.999665 -3.04867
5 7 8 -0.014807 -0.00189245 -0.999889 -3.04924
3 8 8 -0.00778371 0.00231007 -0.999967 -3.04966
4 8 8 0.000159783 -0.00232851 -0.999997 -3.04935
5 8 8 0.0130329 -0.0194375 -0.999726 -3.04817
6 6 6 0.00296403 0.0181114 -0.999832 -3.04848
7 6 6 -0.0095366 -0.00162244 -0.999953 -3.04953
8 6 6 0.00282153 0.00151037 -0.999995 -3.04958
6 7 6 0.024195 -0.0237684 -0.999425 -3.04799
7 7 6 -0.000834658 -0.00627017 -0.99998 -3.04956
8 7 6 -0.0040283 -0.00191892 -0.99999 -3.04986
6 8 6 -0.0085674 -0.004392 -0.999954 -3.04781
7 8 6 0.00346819 -0.000940563 -0.999994 -3.04965
8 8 6 0.00476341 0.00580287 -0.999972 -3.04942
6 6 7 0.0095348 0.00259717 -0.999951 -3.04961
7 6 7 0.00359377 -0.0055887 -0.999978 -3.04958
8 6 7 0.000384312 0.000433743 -1 -3.04957
6 7 7 0.00180374 -0.00109179 -0.999998 -3.04896
7 7 7 0.00357689 0.0168181 -0.999852 -3.04939
8 7 7 -0.001663 -0.00152615 -0.999997 -3.04945
6 8 7 0.037526 0.0319332 -0.998785 -3.04601
7 8 7 -0.00238643 0.0312485 -0.999509 -3.04845
8 8 7 0.0299802 0.0198006 -0.999354 -3.04822
6 6 8 -0.0182146 0.0128934 -0.999751 -3.049
7 6 8 0.0037651 -0.0189077 -0.999814 -3.04874
8 6 8 0.0181919 -0.000129693 -0.999835 -3.04875
6 7 8 -0.0162577 -0.00895593 -0.999828 -3.04937
7 7 8 -0.0168111 0.019696 -0.999665 -3.04892
8 7 8 -0.0148584 -0.00143448 -0.999889 -3.04937
6 8 8 -0.0034422 -0.0073535 -0.999967 -3.04844
7 8 8 -0.0313906 0.0200216 -0.999307 -3.04833
8 8 8 0.00491632 -0.00172621 -0.999986 -3.04847
