Position_x Position_y Position_z Spin_x Spin_y Spin_z Spin_energy Temperature n_spins
0 0 0 0.0478022 0.0971231 -0.994124 -2.94545 0.201 729
1 0 0 -0.070733 -0.020086 -0.997293 -2.95698
2 0 0 0.0214058 -0.146133 -0.989033 -2.90232
0 1 0 -0.0652212 -0.0426918 -0.996957 -2.93974
1 1 0 0.0475449 -0.0645382 -0.996782 -2.9232
2 1 0 0.0456002 0.115987 -0.992203 -2.86919
0 2 0 -0.0228458 -0.147662 -0.988774 -2.9503
1 2 0 -0.00519847 -0.0312029 -0.9995 -2.95777
2 2 0 0.141255 0.301554 -0.942928 -2.63306
0 0 1 0.0352386 0.138637 -0.989716 -2.88075
1 0 1 0.0529697 -0.0595075 -0.996821 -2.95368
2 0 1 0.0197148 -0.00378732 -0.999798 -2.95413
0 1 1 -0.0135379 0.00701974 -0.999884 -2.95136
1 1 1 0.0630637 0.0599754 -0.996206 -2.96944
2 1 1 0.173163 0.287083 -0.942124 -2.76157
0 2 1 0.0992973 -0.147828 -0.984016 -2.95221
1 2 1 -0.0154309 0.0568423 -0.998264 -2.96532
2 2 1 -0.159593 -0.14503 -0.976471 -2.74852
0 0 2 0.125182 -0.049843 -0.990881 -2.90782
1 0 2 -0.116297 -0.319234 -0.940513 -2.80791
2 0 2 -0.0530041 -0.14107 -0.98858 -2.9457
0 1 2 -0.146032 0.0157651 -0.989154 -2.88858
1 1 2 0.16395 0.0771563 -0.983447 -2.86763
2 1 2 0.0386652 -0.264855 -0.963513 -2.82148
0 2 2 0.141718 -0.044843 -0.988891 -2.95349
1 2 2 0.030242 -0.00298621 -0.999538 -2.96304
2 2 2 -0.00203808 -0.00368173 -0.999991 -2.92707
3 0 0 -0.0560284 -0.0926216 -0.994124 -2.8698
4 0 0 0.0591384 -0.043695 -0.997293 -2.98206
5 0 0 0.0825105 -0.122495 -0.989033 -2.94991
3 1 0 0.506487 0.0921616 -0.857308 -2.50916
4 1 0 -0.0801451 0.00157056 -0.996782 -2.8644
5 1 0 0.045832 0.115896 -0.992203 -2.91289
3 2 0 0.00661255 -0.149272 -0.988774 -2.80089
4 2 0 0.00159425 -0.0315927 -0.9995 -2.98796
5 2 0 0.0778369 -0.0199311 -0.996767 -2.95638
3 0 1 0.0195615 0.141702 -0.989716 -2.96781
4 0 1 0.0782535 0.0149436 -0.996821 -2.92868
5 0 1 0.00127126 0.020035 -0.999798 -2.93855
3 1 1 0.00850289 0.0126591 -0.999884 -2.88318
4 1 1 -0.0835672 -0.0243023 -0.996206 -2.93996
5 1 1 -0.23358 -0.240505 -0.942124 -2.82125
3 2 1 -0.17768 0.0119657 -0.984016 -2.90413
4 2 1 -0.0437081 0.0394812 -0.998264 -2.97738
5 2 1 -0.208039 -0.0567755 -0.976471 -2.79797
3 0 2 0.0542141 0.123352 -0.990881 -2.90128
4 0 2 0.480164 0.191026 -0.856126 -2.51593
5 0 2 0.0492967 0.142408 -0.98858 -2.88101
3 1 2 0.0209387 -0.14538 -0.989154 -2.89366
4 1 2 -0.361646 0.176223 -0.915509 -2.53892
5 1 2 0.149301 -0.222155 -0.963513 -2.76174
3 2 2 0.198312 -0.00417322 -0.98013 -2.90975
4 2 2 0.00378747 -0.0301522 -0.999538 -2.91657
5 2 2 0.00258285 0.00332232 -0.999991 -2.92568
6 0 0 -0.0954838 0.0509979 -0.994124 -2.93233
7 0 0 0.0718865 0.0154576 -0.997293 -2.94577
8 0 0 0.013945 0.267805 -0.963372 -2.73182
6 1 0 0.0398819 0.0669763 -0.996957 -2.97698
7 1 0 -0.0729985 0.0331198 -0.996782 -2.88905
8 1 0 0.294377 -0.064012 -0.953543 -2.7141
6 2 0 0.135534 0.0628992 -0.988774 -2.94958
7 2 0 -0.028999 -0.0126374 -0.9995 -2.96827
8 2 0 0.253392 -0.0463348 -0.966253 -2.89745
6 0 1 0.14101 0.0240455 -0.989716 -2.94541
7 0 1 0.0790443 -0.00994652 -0.996821 -2.88302
8 0 1 0.0658723 -0.421387 -0.904485 -2.52904
6 1 1 0.00770477 0.0131601 -0.999884 -2.94651
7 1 1 -0.000731525 -0.0870261 -0.996206 -2.8994
8 1 1 -0.237927 0.236205 -0.942124 -2.54637
6 2 1 0.155726 -0.0863868 -0.984016 -2.92414
7 2 1 -0.0028632 0.05883 -0.998264 -2.87025
8 2 1 -0.00821164 -0.215491 -0.976471 -2.81526
6 0 2 0.0338904 0.130408 -0.990881 -2.8552
7 0 2 0.0733066 -0.511541 -0.856126 -2.567
8 0 2 -0.149723 0.017128 -0.98858 -2.74159
6 1 2 0.0802998 -0.122987 -0.989154 -2.93869
7 1 2 0.317391 -0.336376 -0.886631 -2.74225
8 1 2 0.0474528 -0.316466 -0.947416 -2.77204
6 2 2 0.180881 -0.0814064 -0.98013 -2.88748
7 2 2 -0.238505 -0.47284 -0.848256 -2.33216
8 2 2 0.0031736 -0.00276355 -0.999991 -2.74284
0 3 0 -0.106105 0.0214422 -0.994124 -2.81386
1 3 0 0.0696828 -0.0234713 -0.997293 -2.913
2 3 0 0.0759185 -0.126687 -0.989033 -2.7359
0 4 0 -0.117305 -0.501261 -0.857308 -2.5163
1 4 0 0.0472311 0.0647683 -0.996782 -2.86343
2 4 0 -0.122476 -0.0230681 -0.992203 -2.89049
0 5 0 -0.0264561 0.0974826 -0.994886 -2.86486
1 5 0 -0.0154755 -0.027589 -0.9995 -2.98727
2 5 0 0.0739094 0.0315156 -0.996767 -2.97078
0 3 1 0.113569 0.0869712 -0.989716 -2.8765
1 3 1 0.02124 0.076784 -0.996821 -2.85647
2 3 1 0.136667 -0.558518 -0.818156 -2.52258
0 4 1 -0.0148944 0.00327224 -0.999884 -2.87916
1 4 1 0.00827644 0.0866347 -0.996206 -2.91818
2 4 1 0.283491 -0.178983 -0.942124 -2.79751
0 5 1 0.122979 0.128799 -0.984016 -2.97396
1 5 1 0.0510714 -0.0293407 -0.998264 -2.9807
2 5 1 -0.0445554 -0.0041102 -0.998998 -2.95167
0 3 2 0.133857 0.0154052 -0.990881 -2.95839
1 3 2 0.335184 0.0555652 -0.940513 -2.84108
2 3 2 0.0823265 0.0936709 -0.992194 -2.82813
0 4 2 0.0526283 0.137128 -0.989154 -2.93507
1 4 2 0.0611951 0.458411 -0.886631 -2.64289
2 4 2 0.138592 -0.228988 -0.963513 -2.80934
0 5 2 0.116303 0.160682 -0.98013 -2.93596
1 5 2 -0.0103515 -0.0285718 -0.999538 -2.89313
2 5 2 -0.00383762 0.00172674 -0.999991 -2.93773
3 3 0 -0.0384771 0.10118 -0.994124 -2.94399
4 3 0 0.0443519 0.0586473 -0.997293 -2.87201
5 3 0 0.134389 -0.232064 -0.963372 -2.83074
3 4 0 0.0525674 -0.0575592 -0.996957 -2.97346
4 4 0 -0.0451903 -0.0662083 -0.996782 -2.94404
5 4 0 0.0904278 -0.0857627 -0.992203 -2.76336
3 5 0 0.14232 0.045508 -0.988774 -2.94775
4 5 0 0.030313 0.00904259 -0.9995 -2.96043
5 5 0 -0.10027 0.317543 -0.942928 -2.73312
3 3 1 0.141455 -0.0212686 -0.989716 -2.86669
4 3 1 -0.0123397 -0.0787061 -0.996821 -2.88415
5 3 1 0.39888 0.248757 -0.882618 -2.55189
3 4 1 -0.0146402 -0.00426786 -0.999884 -2.94609
4 4 1 0.0866371 0.00825181 -0.996206 -2.92843
5 4 1 0.0401034 0.332857 -0.942124 -2.74074
3 5 1 -0.125156 -0.126686 -0.984016 -2.89697
4 5 1 -0.0393049 0.0438667 -0.998264 -2.96216
5 5 1 0.215357 0.0111832 -0.976471 -2.76843
3 3 2 0.103476 0.0862992 -0.990881 -2.94713
4 3 2 0.237926 -0.242543 -0.940513 -2.85761
5 3 2 0.122774 -0.0873891 -0.98858 -2.89012
3 4 2 0.0711195 -0.128514 -0.989154 -2.91501
4 4 2 0.397861 -0.0595732 -0.915509 -2.81449
5 4 2 0.0214984 -0.266798 -0.963513 -2.82404
3 5 2 0.111701 0.163915 -0.98013 -2.88997
4 5 2 0.0155237 -0.0261249 -0.999538 -2.91758
5 5 2 -0.000166159 0.00420492 -0.999991 -2.92887
6 3 0 -0.0939636 0.0537474 -0.994124 -2.88556
7 3 0 -0.0490047 -0.0548192 -0.997293 -2.87367
8 3 0 0.447609 0.121167 -0.885982 -2.65135
6 4 0 -0.505767 -0.0960322 -0.857308 -2.54455
7 4 0 0.0738528 -0.0311683 -0.996782 -2.86218
8 4 0 0.12457 0.0038283 -0.992203 -2.82878
6 5 0 -0.0387051 -0.144318 -0.988774 -2.84704
7 5 0 0.00720576 0.0308013 -0.9995 -2.88658
8 5 0 0.0288057 -0.0750071 -0.996767 -2.95823
6 3 1 -0.105333 -0.0967831 -0.989716 -2.84827
7 3 1 0.0789792 0.0104503 -0.996821 -2.8474
8 3 1 0.432373 -0.379044 -0.818156 -2.38469
6 4 1 -0.0125647 0.00864176 -0.999884 -2.88074
7 4 1 0.0793943 0.0356457 -0.996206 -2.9513
8 4 1 -0.159985 0.29463 -0.942124 -2.5764
6 5 1 0.148446 -0.0983715 -0.984016 -2.92546
7 5 1 -0.0501162 -0.0309439 -0.998264 -2.86917
8 5 1 0.197331 0.0869724 -0.976471 -2.88401
6 3 2 0.134489 -0.00822613 -0.990881 -2.90977
7 3 2 0.378382 0.351959 -0.856126 -2.40458
8 3 2 -0.146777 -0.0341561 -0.98858 -2.67609
6 4 2 0.00607364 -0.146755 -0.989154 -2.93712
7 4 2 -0.0263405 0.179274 -0.983447 -2.83857
8 4 2 0.263097 -0.0492264 -0.963513 -2.80415
6 5 2 -0.131114 -0.0700282 -0.988891 -2.91893
7 5 2 0.226556 0.0117163 -0.973928 -2.81822
8 5 2 0.00282088 -0.00312275 -0.999991 -2.9133
0 6 0 0.0424553 -0.0995766 -0.994124 -2.95165
1 6 0 0.0582362 -0.0448904 -0.997293 -2.93567
2 6 0 0.249232 0.0989811 -0.963372 -2.88991
0 7 0 0.0227678 0.0745521 -0.996957 -2.95435
1 7 0 -0.0800607 -0.00399853 -0.996782 -2.94408
2 7 0 0.275992 0.120764 -0.953543 -2.85273
0 8 0 -0.0852083 -0.122741 -0.988774 -2.87707
1 8 0 -0.017759 -0.0261775 -0.9995 -2.96266
2 8 0 -0.125005 0.308644 -0.942928 -2.78578
0 6 1 0.135187 0.0467593 -0.989716 -2.92097
1 6 1 -0.0637868 -0.0477301 -0.996821 -2.94088
2 6 1 0.0122917 -0.0158724 -0.999798 -2.93904
0 7 1 -0.014624 -0.00432313 -0.999884 -2.94528
1 7 1 -0.0735471 0.0465284 -0.996206 -2.90776
2 7 1 0.322745 -0.173831 -0.930386 -2.82161
0 8 1 0.174172 -0.0371129 -0.984016 -2.94573
1 8 1 -0.0483455 -0.0336433 -0.998264 -2.9804
2 8 1 0.00460447 -0.044507 -0.998998 -2.9191
0 6 2 -0.07932 -0.108918 -0.990881 -2.66881
1 6 2 0.285083 -0.184832 -0.940513 -2.75283
2 6 2 0.0758507 -0.0989878 -0.992194 -2.95098
0 7 2 0.14058 -0.0425574 -0.989154 -2.89933
1 7 2 -0.0289878 0.401251 -0.915509 -2.61534
2 7 2 0.315926 -0.0509239 -0.947416 -2.85951
0 8 2 0.198352 0.00120092 -0.98013 -2.95046
1 8 2 0.0294464 -0.00751039 -0.999538 -2.91594
2 8 2 -1.7111e-05 0.00420816 -0.999991 -2.95552
3 6 0 -0.108237 0.00161312 -0.994124 -2.92114
4 6 0 -0.0699303 0.0227235 -0.997293 -2.89228
5 6 0 -0.0196769 -0.146376 -0.989033 -2.81374
3 7 0 0.0231352 -0.0744389 -0.996957 -2.94427
4 7 0 -0.0494197 0.0631142 -0.996782 -2.91504
5 7 0 0.272848 -0.127709 -0.953543 -2.77966
3 8 0 -0.112391 0.0984589 -0.988774 -2.94515
4 8 0 0.0239358 -0.0206815 -0.9995 -2.88617
5 8 0 -0.0337454 -0.0729183 -0.996767 -2.95386
3 6 1 -0.015024 0.142254 -0.989716 -2.94675
4 6 1 0.0784087 -0.0141067 -0.996821 -2.86238
5 6 1 -0.448532 0.140727 -0.882618 -2.61697
3 7 1 -0.0151218 0.00197007 -0.999884 -2.93925
4 7 1 0.0856238 0.0155768 -0.996206 -2.88833
5 7 1 -0.230737 0.243233 -0.942124 -2.72555
3 8 1 -0.0721529 0.16281 -0.984016 -2.97192
4 8 1 -0.0458522 0.0369694 -0.998264 -2.97672
5 8 1 -0.212823 -0.0347859 -0.976471 -2.93676
3 6 2 0.113082 0.0732627 -0.990881 -2.91786
4 6 2 -0.267808 -0.209079 -0.940513 -2.81795
5 6 2 -0.0888081 -0.121751 -0.98858 -2.86623
3 7 2 0.137991 -0.0503237 -0.989154 -2.88531
4 7 2 -0.352474 -0.19392 -0.915509 -2.76783
5 7 2 -0.0306323 -0.265904 -0.963513 -2.77184
3 8 2 -0.121103 0.157096 -0.98013 -2.93899
4 8 2 -0.0287998 0.00969906 -0.999538 -2.87499
5 8 2 -0.00363541 0.0021196 -0.999991 -2.93054
6 6 0 -0.104797 0.0271223 -0.994124 -2.96802
7 6 0 -0.0147631 0.0720323 -0.997293 -2.94437
8 6 0 0.233016 -0.132732 -0.963372 -2.89541
6 7 0 -0.035556 -0.0693697 -0.996957 -2.95169
7 7 0 -0.0800119 0.00487862 -0.996782 -2.87902
8 7 0 -0.10662 -0.0645345 -0.992203 -2.87216
6 8 0 0.116806 -0.0931781 -0.988774 -2.93564
7 8 0 -0.0257311 0.0183998 -0.9995 -2.95201
8 8 0 0.318174 -0.0982513 -0.942928 -2.78886
6 6 1 -0.0115534 0.142578 -0.989716 -2.89341
7 6 1 -0.266914 -0.038693 -0.962943 -2.78161
8 6 1 0.463156 -0.0804505 -0.882618 -2.66612
6 7 1 0.00557386 0.0141945 -0.999884 -2.875
7 7 1 -0.486157 -0.20611 -0.849217 -2.45685
8 7 1 0.139031 -0.305078 -0.942124 -2.7837
6 8 1 -0.166707 0.0626251 -0.984016 -2.89806
7 8 1 0.0574215 -0.0131126 -0.998264 -2.88764
8 8 1 0.195364 -0.091304 -0.976471 -2.93123
6 6 2 -0.0576003 0.121808 -0.990881 -2.93458
7 6 2 -0.29237 -0.173075 -0.940513 -2.70176
8 6 2 -0.100848 -0.111982 -0.98858 -2.80202
6 7 2 0.0373794 0.142045 -0.989154 -2.91779
7 7 2 0.188765 0.355261 -0.915509 -2.47846
8 7 2 0.059867 -0.260882 -0.963513 -2.79552
6 8 2 0.140317 -0.0490499 -0.988891 -2.93137
7 8 2 0.00724174 0.0295137 -0.999538 -2.87674
8 8 2 -0.00302049 0.00293011 -0.999991 -2.92534
0 0 3 -0.0250686 -0.105307 -0.994124 -2.88454
1 0 3 -0.0591329 0.0437024 -0.997293 -2.91968
2 0 3 0.0423883 -0.264797 -0.963372 -2.85892
0 1 3 -0.039177 0.067391 -0.996957 -2.70955
1 1 3 0.0677583 -0.0428313 -0.996782 -2.91229
2 1 3 -0.0733366 0.100768 -0.992203 -2.88332
0 2 3 -0.0565891 -0.138288 -0.988774 -2.76723
1 2 3 -0.0105899 -0.0298077 -0.9995 -2.95821
2 2 3 0.103611 0.316469 -0.942928 -2.80953
0 0 4 -0.136578 -0.0425264 -0.989716 -2.66746
1 0 4 0.0754847 0.0254753 -0.996821 -2.89187
2 0 4 -0.0142031 -0.0141877 -0.999798 -2.97013
0 1 4 -0.488519 -0.698947 -0.522325 -1.4262
1 1 4 0.527164 -0.0304541 -0.849217 -2.3292
2 1 4 -0.00523049 0.0163051 -0.999853 -2.88978
0 2 4 -0.0289451 -0.0364551 -0.998916 -2.70032
1 2 4 0.0272504 -0.0522166 -0.998264 -2.91655
2 2 4 -0.154817 -0.150118 -0.976471 -2.77416
0 0 5 0.0636537 -0.118756 -0.990881 -2.9448
1 0 5 0.198041 -0.276071 -0.940513 -2.84721
2 0 5 0.121948 -0.0885378 -0.98858 -2.85148
0 1 5 -0.0122942 0.146365 -0.989154 -2.59782
1 1 5 0.377924 0.137898 -0.915509 -2.78784
2 1 5 0.183875 0.194508 -0.963513 -2.92551
0 2 5 -0.147119 0.0212334 -0.988891 -2.95419
1 2 5 0.00390219 -0.0301375 -0.999538 -2.91385
2 2 5 -0.0031591 -0.00278011 -0.999991 -2.95194
3 0 3 0.00742858 0.107994 -0.994124 -2.94081
4 0 3 -0.0244178 0.0693568 -0.997293 -2.89785
5 0 3 0.0011624 -0.147688 -0.989033 -2.88328
3 1 3 0.0140578 -0.0766731 -0.996957 -2.96407
4 1 3 -0.0624758 -0.0502242 -0.996782 -2.94507
5 1 3 -0.0993459 0.0752517 -0.992203 -2.87029
3 2 3 -0.0205914 0.147993 -0.988774 -2.93011
4 2 3 0.00538415 -0.0311714 -0.9995 -2.95331
5 2 3 0.0364015 0.331002 -0.942928 -2.69212
3 0 4 -0.110507 -0.090831 -0.989716 -2.93738
4 0 4 -0.239571 0.123878 -0.962943 -2.80717
5 0 4 0.0187445 -0.00718754 -0.999798 -2.93552
3 1 4 -0.0148135 0.00362094 -0.999884 -2.9758
4 1 4 0.0709665 0.0503768 -0.996206 -2.91575
5 1 4 0.30017 0.149333 -0.942124 -2.74729
3 2 4 0.169224 0.0554648 -0.984016 -2.83841
4 2 4 0.0577902 -0.0113777 -0.998264 -2.97115
5 2 4 -0.180435 -0.118097 -0.976471 -2.60157
3 0 5 -0.0972994 -0.0932079 -0.990881 -2.90656
4 0 5 -0.199401 -0.476747 -0.856126 -2.44768
5 0 5 -0.143946 0.0446081 -0.98858 -2.81628
3 1 5 0.116092 0.0899813 -0.989154 -2.94137
4 1 5 0.0600867 0.397784 -0.915509 -2.5454
5 1 5 0.00556755 -0.267605 -0.963513 -2.75354
3 2 5 0.159843 0.117453 -0.98013 -2.96603
4 2 5 -0.0238822 -0.018792 -0.999538 -2.91124
5 2 5 -0.00281941 -0.00312407 -0.999991 -2.93154
6 0 3 0.103119 0.0329308 -0.994124 -2.97218
7 0 3 0.0730526 -0.00836198 -0.997293 -2.8428
8 0 3 -0.153795 0.437473 -0.885982 -2.65251
6 1 3 0.0779407 0.00128017 -0.996957 -2.97653
7 1 3 -0.0674265 -0.0433517 -0.996782 -2.92139
8 1 3 -0.0171397 -0.123445 -0.992203 -2.69575
6 2 3 0.0993089 0.111641 -0.988774 -2.82939
7 2 3 -0.0203955 -0.0241799 -0.9995 -2.77653
8 2 3 0.244866 0.632621 -0.734732 -2.10897
6 0 4 0.138846 -0.034404 -0.989716 -2.94611
7 0 4 0.0883987 -0.254806 -0.962943 -2.88774
8 0 4 0.0190744 0.00625986 -0.999798 -2.88331
6 1 4 0.0150485 0.00246832 -0.999884 -2.82907
7 1 4 -0.053542 0.0686099 -0.996206 -2.8613
8 1 4 0.223863 -0.249575 -0.942124 -2.64574
6 2 4 0.654367 -0.202404 -0.728585 -2.20636
7 2 4 0.0459196 -0.0368856 -0.998264 -2.86428
8 2 4 0.127946 -0.17359 -0.976471 -2.69092
6 0 5 0.0418286 0.128083 -0.990881 -2.88725
7 0 5 -0.0666626 -0.333154 -0.940513 -2.86372
8 0 5 0.0320455 -0.147253 -0.98858 -2.86903
6 1 5 -0.0245859 -0.144808 -0.989154 -2.90713
7 1 5 -0.185971 -0.356732 -0.915509 -2.82372
8 1 5 -0.157367 -0.216516 -0.963513 -2.84446
6 2 5 0.102922 -0.107247 -0.988891 -2.8702
7 2 5 -0.00473112 -0.0300186 -0.999538 -2.88733
8 2 5 0.00391908 -0.0015329 -0.999991 -2.95727
0 3 3 0.0647121 0.0867773 -0.994124 -2.86115
1 3 3 0.0690558 -0.0252567 -0.997293 -2.95318
2 3 3 0.263477 0.0499404 -0.963372 -2.78117
0 4 3 0.0776012 0.00737856 -0.996957 -2.94637
1 4 3 -0.0508945 0.061931 -0.996782 -2.90714
2 4 3 0.296555 -0.0530161 -0.953543 -2.7931
0 5 3 -0.0602766 0.284292 -0.956841 -2.77057
1 5 3 0.00666179 -0.0309235 -0.9995 -2.9354
2 5 3 0.220002 0.249974 -0.942928 -2.76069
0 3 4 -0.287802 -0.433354 -0.854034 -2.57235
1 3 4 -0.0763614 -0.0227126 -0.996821 -2.82712
2 3 4 -0.50153 0.281227 -0.818156 -2.39468
0 4 4 0.0103709 -0.0111801 -0.999884 -2.74907
1 4 4 -0.0677582 0.054616 -0.996206 -2.91382
2 4 4 -0.319697 0.100975 -0.942124 -2.74516
0 5 4 0.195445 0.656479 -0.728585 -2.34262
1 5 4 0.0469011 0.0356294 -0.998264 -2.85007
2 5 4 0.16237 -0.141914 -0.976471 -2.81836
0 3 5 -0.12643 -0.046588 -0.990881 -2.89337
1 3 5 -0.161197 0.299084 -0.940513 -2.74361
2 3 5 -0.12226 0.0881069 -0.98858 -2.91507
0 4 5 -0.105947 -0.10173 -0.989154 -2.91305
1 4 5 0.327352 -0.233845 -0.915509 -2.54655
2 4 5 -0.141796 0.227018 -0.963513 -2.83046
0 5 5 -0.117403 0.15988 -0.98013 -2.83198
1 5 5 -0.0210698 -0.0218989 -0.999538 -2.94154
2 5 5 -0.00417314 -0.000542072 -0.999991 -2.92778
3 3 3 0.1068 0.0176535 -0.994124 -2.89309
4 3 3 0.0254374 0.0689894 -0.997293 -2.87936
5 3 3 0.193314 -0.421504 -0.885982 -2.58335
3 4 3 -0.0271932 0.0730542 -0.996957 -2.93231
4 4 3 0.0672377 -0.0436439 -0.996782 -2.89529
5 4 3 -0.017564 -0.123385 -0.992203 -2.86947
3 5 3 -0.0423977 -0.143277 -0.988774 -2.88552
4 5 3 0.00832557 0.0305177 -0.9995 -2.95556
5 5 3 -0.330113 -0.0437395 -0.942928 -2.80894
3 3 4 -0.0590965 -0.516849 -0.854034 -2.36493
4 3 4 -0.0618115 -0.050262 -0.996821 -2.74608
5 3 4 -0.395909 -0.416985 -0.818156 -2.44275
3 4 4 0.0152495 -7.03471e-05 -0.999884 -2.80856
4 4 4 0.522891 0.0735868 -0.849217 -2.53351
5 4 4 -0.131149 0.308548 -0.942124 -2.52558
3 5 4 0.0852072 -0.156374 -0.984016 -2.94142
4 5 4 -0.0493432 -0.0321623 -0.998264 -2.87445
5 5 4 -0.0491653 0.00208485 -0.998788 -2.83974
3 3 5 0.041389 0.128226 -0.990881 -2.791
4 3 5 -0.0696671 -0.332539 -0.940513 -2.79099
5 3 5 0.0459214 -0.143532 -0.98858 -2.86604
3 4 5 -0.0546751 0.136325 -0.989154 -2.91175
4 4 5 0.352065 -0.194661 -0.915509 -2.76292
5 4 5 0.106877 -0.245399 -0.963513 -2.78618
3 5 5 -0.162405 0.113884 -0.98013 -2.91049
4 5 5 0.0124117 -0.0277389 -0.999538 -2.91733
5 5 5 0.00337938 -0.00250773 -0.999991 -2.93717
6 3 3 -0.038103 -0.101322 -0.994124 -2.90245
7 3 3 0.00771123 0.0731241 -0.997293 -2.91192
8 3 3 -0.0578685 0.26185 -0.963372 -2.77338
6 4 3 -0.057618 0.0525029 -0.996957 -2.96614
7 4 3 -0.0026908 -0.0801153 -0.996782 -2.8612
8 4 3 0.212627 -0.213413 -0.953543 -2.72168
6 5 3 -0.129789 0.0740322 -0.988774 -2.85125
7 5 3 -0.0284371 0.0138555 -0.9995 -2.9463
8 5 3 0.135819 0.304041 -0.942928 -2.81789
6 3 4 0.0413422 0.136941 -0.989716 -2.6991
7 3 4 -0.07673 0.0214344 -0.996821 -2.80118
8 3 4 -0.406144 0.130205 -0.904485 -2.66609
6 4 4 0.0128538 -0.00820551 -0.999884 -2.76014
7 4 4 -0.356798 0.389262 -0.849217 -2.63428
8 4 4 -0.325584 0.0799829 -0.942124 -2.81275
6 5 4 -0.293982 -0.572996 -0.765017 -2.36847
7 5 4 -0.0401052 0.0431363 -0.998264 -2.81244
8 5 4 -0.0491076 -0.0031655 -0.998788 -2.71422
6 3 5 0.09488 0.0956696 -0.990881 -2.89114
7 3 5 0.486247 -0.174963 -0.856126 -2.5477
8 3 5 0.149962 -0.014891 -0.98858 -2.80715
6 4 5 0.0306638 -0.143644 -0.989154 -2.89902
7 4 5 0.0797142 0.39432 -0.915509 -2.57977
8 4 5 -0.240846 -0.116776 -0.963513 -2.76518
6 5 5 -0.00778423 -0.198203 -0.98013 -2.863
7 5 5 -0.00607514 0.0297757 -0.999538 -2.92191
8 5 5 -0.00395969 -0.00142471 -0.999991 -2.93799
0 6 3 -0.0517411 0.788537 -0.612806 -2.12547
1 6 3 0.0701951 0.0218917 -0.997293 -2.75706
2 6 3 0.143611 -0.226473 -0.963372 -2.84788
0 7 3 0.0049889 0.0777914 -0.996957 -2.79906
1 7 3 0.0493697 -0.0631532 -0.996782 -2.9179
2 7 3 0.260722 -0.185281 -0.947468 -2.83476
0 8 3 -0.128997 0.0754035 -0.988774 -2.7963
1 8 3 0.0278676 -0.0149679 -0.9995 -2.98546
2 8 3 0.0800554 0.00685249 -0.996767 -2.95424
0 6 4 0.0602153 0.129754 -0.989716 -2.67138
1 6 4 0.168356 0.210705 -0.962943 -2.89694
2 6 4 0.44382 0.154949 -0.882618 -2.64931
0 7 4 -0.0120914 -0.00929244 -0.999884 -2.82653
1 7 4 -0.0229592 -0.0839461 -0.996206 -2.90431
2 7 4 -0.2641 0.206527 -0.942124 -2.6286
0 8 4 -0.322572 -0.604244 -0.728585 -2.22236
1 8 4 -0.0538302 0.0239055 -0.998264 -2.8514
2 8 4 0.0187587 -0.0454938 -0.998788 -2.94683
0 6 5 0.0692839 -0.115562 -0.990881 -2.94703
1 6 5 0.0547733 -0.0652577 -0.996364 -2.94875
2 6 5 -0.0352306 0.119627 -0.992194 -2.8759
0 7 5 0.144289 0.0274677 -0.989154 -2.92784
1 7 5 0.220278 0.0865352 -0.971591 -2.86601
2 7 5 -0.207256 -0.169376 -0.963513 -2.81899
0 8 5 0.121172 -0.157043 -0.98013 -2.83926
1 8 5 0.0297171 0.00635564 -0.999538 -2.95029
2 8 5 0.00419578 -0.000323103 -0.999991 -2.96377
3 6 3 0.0738509 -0.0791454 -0.994124 -2.97622
4 6 3 0.0454535 0.0577977 -0.997293 -2.91909
5 6 3 0.114203 0.242635 -0.963372 -2.80383
3 7 3 0.0587845 -0.0511935 -0.996957 -2.97098
4 7 3 0.00498096 -0.0800056 -0.996782 -2.91623
5 7 3 -0.255813 0.159108 -0.953543 -2.84954
3 8 3 0.0519901 0.140082 -0.988774 -2.97393
4 8 3 0.00973688 0.0300971 -0.9995 -2.96429
5 8 3 -0.218568 0.251228 -0.942928 -2.8014
3 6 4 0.134323 -0.049187 -0.989716 -2.93129
4 6 4 0.248925 -0.10381 -0.962943 -2.88203
5 6 4 0.00891003 -0.0179897 -0.999798 -2.90313
3 7 4 -0.0132419 -0.00756333 -0.999884 -2.94895
4 7 4 -0.0635004 0.0595128 -0.996206 -2.88709
5 7 4 -0.19076 0.313037 -0.930386 -2.7643
3 8 4 0.0891662 0.154151 -0.984016 -2.90836
4 8 4 0.00724248 -0.0584526 -0.998264 -2.95458
5 8 4 0.0390116 -0.0299946 -0.998788 -2.90499
3 6 5 -0.0616399 0.119814 -0.990881 -2.88903
4 6 5 0.267119 0.20996 -0.940513 -2.74236
5 6 5 0.0506526 0.141932 -0.98858 -2.84998
3 7 5 -0.134079 -0.0599716 -0.989154 -2.83723
4 7 5 -0.203754 -0.346882 -0.915509 -2.62641
5 7 5 0.241117 -0.116215 -0.963513 -2.788
3 8 5 0.00659256 -0.198246 -0.98013 -2.92062
4 8 5 0.0273356 0.0132765 -0.999538 -2.86133
5 8 5 0.00100434 0.00408659 -0.999991 -2.94871
6 6 3 -0.0778529 0.0752122 -0.994124 -2.96104
7 6 3 0.0725616 0.0118915 -0.997293 -2.88461
8 6 3 -0.0246027 0.463066 -0.885982 -2.75284
6 7 3 -0.0288971 0.0723972 -0.996957 -2.96736
7 7 3 -0.074221 0.030281 -0.996782 -2.90996
8 7 3 0.235474 0.187903 -0.953543 -2.70286
6 8 3 0.000439808 -0.149418 -0.988774 -2.88368
7 8 3 -0.00267105 0.03152 -0.9995 -2.96359
8 8 3 -0.222339 0.247898 -0.942928 -2.85054
6 6 4 0.142837 -0.0077222 -0.989716 -2.8278
7 6 4 0.0213064 0.0767656 -0.996821 -2.8936
8 6 4 -0.168177 0.549852 -0.818156 -2.47899
6 7 4 -0.00816332 0.0128807 -0.999884 -2.94524
7 7 4 0.0461069 -0.0738121 -0.996206 -2.89012
8 7 4 -0.257741 -0.214411 -0.942124 -2.65043
6 8 4 -0.0996425 0.147596 -0.984016 -2.89682
7 8 4 -0.0462902 0.0364196 -0.998264 -2.96374
8 8 4 -0.00370379 0.0490699 -0.998788 -2.79112
6 6 5 0.108269 0.0802036 -0.990881 -2.95078
7 6 5 0.231996 0.24822 -0.940513 -2.82665
8 6 5 -0.0167164 -0.149769 -0.98858 -2.73712
6 7 5 0.111036 -0.0961507 -0.989154 -2.8939
7 7 5 -0.146122 0.374821 -0.915509 -2.6798
8 7 5 -0.263002 -0.0497303 -0.963513 -2.86257
6 8 5 0.18059 -0.0820516 -0.98013 -2.90104
7 8 5 -0.0234622 0.0193138 -0.999538 -2.9163
8 8 5 0.00100479 0.00408648 -0.999991 -2.9472
0 0 6 0.048187 0.0969328 -0.994124 -2.92625
1 0 6 -0.027768 -0.0680848 -0.997293 -2.87569
2 0 6 -0.206557 0.415174 -0.885982 -2.58761
0 1 6 -0.0774397 -0.00891526 -0.996957 -2.95472
1 1 6 -0.0668185 0.0442831 -0.996782 -2.90428
2 1 6 0.266842 0.139824 -0.953543 -2.83723
0 2 6 0.125683 0.0808065 -0.988774 -2.76827
1 2 6 0.0248884 0.0195246 -0.9995 -2.9898
2 2 6 0.00336841 0.0802775 -0.996767 -2.97455
0 0 7 -0.0635711 0.128143 -0.989716 -2.8178
1 0 7 0.190938 -0.190481 -0.962943 -2.80381
2 0 7 -0.00428663 -0.0196123 -0.999798 -2.91106
0 1 7 -0.0118596 0.00958646 -0.999884 -2.82192
1 1 7 0.0787582 0.03703 -0.996206 -2.93613
2 1 7 0.0171235 3.44407e-06 -0.999853 -2.96003
0 2 7 -0.261526 -0.633062 -0.728585 -2.12477
1 2 7 -0.0203437 0.0552747 -0.998264 -2.82846
2 2 7 -0.0426616 0.0245268 -0.998788 -2.76984
0 0 8 -0.0717557 -0.114044 -0.990881 -2.88159
1 0 8 -0.316835 0.122683 -0.940513 -2.77235
2 0 8 -0.143627 -0.0456226 -0.98858 -2.92569
0 1 8 0.146427 -0.0115304 -0.989154 -2.8768
1 1 8 0.0106603 0.402156 -0.915509 -2.68626
2 1 8 0.235394 -0.127409 -0.963513 -2.58382
0 2 8 0.137895 -0.0554943 -0.988891 -2.82284
1 2 8 0.0303446 -0.00164499 -0.999538 -2.75952
2 2 8 -0.597493 0.218006 -0.771671 -2.17039
3 0 6 -0.00653864 0.108052 -0.994124 -2.92367
4 0 6 -0.0467524 -0.0567523 -0.997293 -2.86156
5 0 6 -0.198713 -0.418985 -0.885982 -2.59658
3 1 6 0.0776727 0.00658295 -0.996957 -2.9712
4 1 6 0.0444321 0.0667195 -0.996782 -2.94691
5 1 6 -0.11826 -0.0393307 -0.992203 -2.78883
3 2 6 0.0191087 0.148192 -0.988774 -2.85466
4 2 6 0.00342415 0.0314471 -0.9995 -2.95943
5 2 6 0.00807773 -0.3329 -0.942928 -2.80422
3 0 7 -0.130501 0.0585781 -0.989716 -2.94048
4 0 7 0.268831 0.0216847 -0.962943 -2.7925
5 0 7 0.269186 -0.508094 -0.818156 -2.49963
3 1 7 0.0033312 0.0148813 -0.999884 -2.87149
4 1 7 -0.0715301 -0.0495733 -0.996206 -2.88311
5 1 7 0.324255 -0.0852125 -0.942124 -2.77966
3 2 7 0.593848 0.249186 -0.765017 -2.46692
4 2 7 0.0588831 -0.00139402 -0.998264 -2.88895
5 2 7 -0.0282987 0.0402587 -0.998788 -2.81379
3 0 8 -0.206841 -0.0325947 -0.977831 -2.96735
4 0 8 -0.0196164 0.0829089 -0.996364 -2.78905
5 0 8 -0.0920597 -0.119312 -0.98858 -2.83398
3 1 8 -0.104661 0.103053 -0.989154 -2.81284
4 1 8 -0.392356 0.0888788 -0.915509 -2.7497
5 1 8 0.216848 0.156908 -0.963513 -2.77734
3 2 8 0.1137 0.162534 -0.98013 -2.73877
4 2 8 -0.0218609 0.0211092 -0.999538 -2.88192
5 2 8 0.00375991 0.00188998 -0.999991 -2.96817
6 0 6 -0.00300607 -0.387238 -0.921975 -2.78473
7 0 6 0.0512629 -0.0527135 -0.997293 -2.86582
8 0 6 -0.168413 0.432057 -0.885982 -2.59981
6 1 6 0.0560991 -0.511738 -0.857308 -2.67825
7 1 6 0.0283845 0.0749668 -0.996782 -2.81932
8 1 6 -0.217573 0.208369 -0.953543 -2.86229
6 2 6 -0.0958191 -0.11465 -0.988774 -2.91144
7 2 6 -0.0188552 -0.0253993 -0.9995 -2.98854
8 2 6 0.0799701 -0.00778527 -0.996767 -2.94956
6 0 7 -0.0738777 0.122491 -0.989716 -2.76773
7 0 7 0.0795324 -0.0046401 -0.996821 -2.95989
8 0 7 -0.00081841 -0.0200586 -0.999798 -2.89101
6 1 7 0.00724372 -0.0134194 -0.999884 -2.88238
7 1 7 -0.0693243 0.0526138 -0.996206 -2.90465
8 1 7 -0.109553 0.31686 -0.942124 -2.84213
6 2 7 -0.154999 -0.0876833 -0.984016 -2.95906
7 2 7 0.0580509 -0.00996274 -0.998264 -2.96647
8 2 7 0.044784 0.0203954 -0.998788 -2.82092
6 0 8 0.0955434 0.0950071 -0.990881 -2.89756
7 0 8 0.289734 -0.177453 -0.940513 -2.88456
8 0 8 0.148155 0.0275766 -0.98858 -2.89181
6 1 8 -0.142194 -0.0368058 -0.989154 -2.84796
7 1 8 0.387005 -0.109863 -0.915509 -2.6527
8 1 8 -0.253852 -0.0848689 -0.963513 -2.67251
6 2 8 -0.136086 0.0597946 -0.988891 -2.95516
7 2 8 -0.0290288 -0.00899053 -0.999538 -2.91451
8 2 8 -0.00373709 0.00193471 -0.999991 -2.9526
0 3 6 0.0125821 -0.107516 -0.994124 -2.94965
1 3 6 -0.0562442 0.0473623 -0.997293 -2.94897
2 3 6 -0.0387282 0.142524 -0.989033 -2.93473
0 4 6 0.0445052 -0.0639975 -0.996957 -2.94164
1 4 6 -0.0800972 -0.00318299 -0.996782 -2.93432
2 4 6 -0.107132 -0.0636802 -0.992203 -2.91377
0 5 6 -0.0745052 0.129518 -0.988774 -2.95061
1 5 6 0.0168895 -0.0267467 -0.9995 -2.9615
2 5 6 0.0034911 -0.33298 -0.942928 -2.8266
0 3 7 -0.142335 -0.0142422 -0.989716 -2.82672
1 3 7 0.166092 0.212494 -0.962943 -2.86697
2 3 7 0.00848738 0.0181929 -0.999798 -2.74087
0 4 7 0.00266421 0.0150151 -0.999884 -2.94962
1 4 7 -0.0866635 0.00796905 -0.996206 -2.90772
2 4 7 -0.305378 0.13837 -0.942124 -2.8582
0 5 7 -0.137704 0.11292 -0.984016 -2.95559
1 5 7 0.008463 0.0582884 -0.998264 -2.89149
2 5 7 -0.0445424 -0.0209177 -0.998788 -2.86765
0 3 8 -0.131629 -0.0287876 -0.990881 -2.87677
1 3 8 0.254953 0.449496 -0.856126 -2.37704
2 3 8 -0.520203 -0.441852 -0.730859 -1.90115
0 4 8 -0.146841 0.00341782 -0.989154 -2.8384
1 4 8 0.0300602 0.401172 -0.915509 -2.81915
2 4 8 -0.055995 0.26174 -0.963513 -2.70166
0 5 8 -0.198356 -4.79622e-05 -0.98013 -2.82106
1 5 8 0.381596 0.487829 -0.785116 -2.44419
2 5 8 -0.00389701 -0.00158816 -0.999991 -2.85488
3 3 6 0.368612 0.118689 -0.921975 -2.81683
4 3 6 0.0290393 0.0675523 -0.997293 -2.91911
5 3 6 -0.057883 0.135877 -0.989033 -2.76171
3 4 6 0.0284212 0.0725853 -0.996957 -2.94366
4 4 6 0.0631694 0.049349 -0.996782 -2.93453
5 4 6 -0.116369 0.277874 -0.953543 -2.83454
3 5 6 0.0568103 -0.138197 -0.988774 -2.90548
4 5 6 0.0133079 -0.0286974 -0.9995 -2.95923
5 5 6 0.141494 0.301442 -0.942928 -2.72762
3 3 7 0.351119 0.383851 -0.854034 -2.70527
4 3 7 0.0746324 -0.0278736 -0.996821 -2.75105
5 3 7 0.0266396 -0.574379 -0.818156 -2.32123
3 4 7 0.0125865 -0.00860988 -0.999884 -2.88642
4 4 7 -0.0540768 0.0681893 -0.996206 -2.89297
5 4 7 -0.158149 0.380514 -0.911152 -2.64636
3 5 7 0.00176269 0.0465155 -0.998916 -2.91601
4 5 7 0.00686247 -0.0584985 -0.998264 -2.98537
5 5 7 -0.0293954 0.039465 -0.998788 -2.93101
3 3 8 0.0218238 0.132961 -0.990881 -2.66873
4 3 8 -0.494469 -0.150162 -0.856126 -2.50381
5 3 8 -0.0963301 -0.115891 -0.98858 -2.8161
3 4 8 0.103166 -0.106987 -0.988894 -2.90447
4 4 8 0.139388 -0.377377 -0.915509 -2.6101
5 4 8 -0.0952667 0.250135 -0.963513 -2.68428
3 5 8 0.160955 0.115925 -0.98013 -2.95579
4 5 8 0.00313137 0.0302274 -0.999538 -2.86471
5 5 8 -0.00417235 0.000548092 -0.999991 -2.93769
6 3 6 0.0905849 -0.0592649 -0.994124 -2.96203
7 3 6 0.00956614 -0.0729047 -0.997293 -2.89938
8 3 6 0.261996 -0.0572003 -0.963372 -2.9014
6 4 6 0.0291677 -0.0722886 -0.996957 -2.94679
7 4 6 -0.0798708 0.00680805 -0.996782 -2.91406
8 4 6 0.0901563 0.28745 -0.953543 -2.7808
6 5 6 0.130589 0.0726104 -0.988774 -2.9264
7 5 6 -0.027834 -0.0150303 -0.9995 -2.9592
8 5 6 -0.259622 0.208528 -0.942928 -2.83851
6 3 7 -0.0204952 -0.14157 -0.989716 -2.89352
7 3 7 0.235402 -0.131629 -0.962943 -2.84177
8 3 7 0.016993 -0.0106891 -0.999798 -2.92727
6 4 7 -0.0100362 0.0114815 -0.999884 -2.76323
7 4 7 -0.0214346 0.120178 -0.992521 -2.89833
8 4 7 0.320899 0.0970867 -0.942124 -2.85232
6 5 7 -0.115763 0.135322 -0.984016 -2.94102
7 5 7 0.0483239 0.0336743 -0.998264 -2.88668
8 5 7 -0.0433453 0.0232972 -0.998788 -2.84969
6 3 8 0.036664 0.129656 -0.990881 -2.76687
7 3 8 0.0179467 0.339284 -0.940513 -2.81749
8 3 8 -0.10819 0.104905 -0.98858 -2.85905
6 4 8 -0.627936 0.452041 -0.633527 -2.11789
7 4 8 0.240662 0.322373 -0.915509 -2.66782
8 4 8 0.20173 0.175922 -0.963513 -2.8972
6 5 8 -0.197717 0.0159135 -0.98013 -2.72281
7 5 8 0.0819028 0.613909 -0.785116 -2.43105
8 5 8 -0.00162573 -0.00388149 -0.999991 -2.85521
0 6 6 0.0891819 -0.0613559 -0.994124 -2.89473
1 6 6 -0.0498733 -0.0540301 -0.997293 -2.96179
2 6 6 0.247829 0.102445 -0.963372 -2.59092
0 7 6 0.0124466 0.0769511 -0.996957 -2.94657
1 7 6 -0.045776 -0.0658047 -0.996782 -2.9555
2 7 6 -0.0139444 0.123847 -0.992203 -2.82547
0 8 6 0.109724 0.101423 -0.988774 -2.77182
1 8 6 0.0222913 0.0224441 -0.9995 -2.98672
2 8 6 0.0521321 -0.0611398 -0.996767 -2.90777
0 6 7 0.00419285 -0.142984 -0.989716 -2.88423
1 6 7 -0.0789874 -0.0103885 -0.996821 -2.88276
2 6 7 -0.412021 -0.401073 -0.818156 -2.10298
0 7 7 -0.0119169 -0.00951512 -0.999884 -2.84499
1 7 7 -0.0826172 0.0273583 -0.996206 -2.93735
2 7 7 0.330397 0.0569218 -0.942124 -2.64944
0 8 7 -0.624392 -0.157747 -0.765017 -2.21314
1 8 7 -0.0185233 -0.0559111 -0.998264 -2.87082
2 8 7 0.00675257 -0.048744 -0.998788 -2.95846
0 6 8 -0.130741 0.0325825 -0.990881 -2.93032
1 6 8 0.00224274 0.339751 -0.940513 -2.78229
2 6 8 -0.117926 0.0938277 -0.98858 -2.81617
0 7 8 -0.13989 -0.0447733 -0.989154 -2.93403
1 7 8 -0.0188929 -0.180211 -0.983447 -2.84592
2 7 8 0.0856772 0.25358 -0.963513 -2.8358
0 8 8 0.121057 0.157132 -0.98013 -2.71659
1 8 8 -0.0282085 -0.011304 -0.999538 -2.95295
2 8 8 0.00200556 0.00369955 -0.999991 -2.93698
3 6 6 -0.260021 -0.286969 -0.921975 -2.3885
4 6 6 -0.0143793 0.0721099 -0.997293 -2.84339
5 6 6 -0.0605858 -0.459745 -0.885982 -2.5136
3 7 6 0.51319 0.0407336 -0.857308 -2.47052
4 7 6 0.0640553 0.0481935 -0.996782 -2.85064
5 7 6 0.154997 -0.258324 -0.953543 -2.83152
3 8 6 0.141147 -0.049024 -0.988774 -2.90507
4 8 6 0.0301871 -0.00945412 -0.9995 -2.97398
5 8 6 -0.0242546 0.256449 -0.966253 -2.72656
3 6 7 0.163879 0.49373 -0.854034 -2.2521
4 6 7 0.0794084 -0.00642075 -0.996821 -2.8617
5 6 7 0.00180405 -0.0199941 -0.999798 -2.90783
3 7 7 0.0103371 0.0112114 -0.999884 -2.81717
4 7 7 -0.0390968 -0.0777529 -0.996206 -2.90011
5 7 7 0.0793953 -0.325728 -0.942124 -2.76095
3 8 7 -0.174013 0.0378498 -0.984016 -2.93591
4 8 7 0.0487827 0.0330063 -0.998264 -2.87018
5 8 7 -0.0407032 0.0276555 -0.998788 -2.83676
3 6 8 0.134728 0.00182461 -0.990881 -2.8316
4 6 8 0.387696 -0.341673 -0.856126 -2.48585
5 6 8 0.0548138 0.140377 -0.98858 -2.86253
3 7 8 -0.0988033 -0.108682 -0.989154 -2.85601
4 7 8 0.1222 0.383288 -0.915509 -2.51332
5 7 8 0.240351 0.117792 -0.963513 -2.87485
3 8 8 -0.165178 -0.109824 -0.98013 -2.81772
4 8 8 0.582914 -0.209293 -0.785116 -2.27774
5 8 8 0.00392672 -0.00151321 -0.999991 -2.85822
6 6 6 -2.0255e-05 0.108249 -0.994124 -2.8908
7 6 6 0.0181231 0.0712612 -0.997293 -2.90416
8 6 6 -0.43467 -0.161549 -0.885982 -2.74616
6 7 6 -0.0606301 0.0489936 -0.996957 -2.85462
7 7 6 0.0418086 -0.068394 -0.996782 -2.90034
8 7 6 -0.266991 -0.13954 -0.953543 -2.87653
6 8 6 -0.13979 -0.0527684 -0.988774 -2.8961
7 8 6 0.0288575 0.0129572 -0.9995 -2.92386
8 8 6 -0.11866 -0.228636 -0.966253 -2.78173
6 6 7 -0.0714872 -0.123901 -0.989716 -2.87268
7 6 7 0.00989971 0.0790501 -0.996821 -2.86619
8 6 7 -0.420021 -0.392687 -0.818156 -2.51465
6 7 7 -0.532555 -0.239071 -0.81193 -2.40025
7 7 7 -0.0404473 -0.077059 -0.996206 -2.76701
8 7 7 -0.169782 0.289095 -0.942124 -2.64658
6 8 7 0.0622714 0.16684 -0.984016 -2.77513
7 8 7 0.333407 0.283586 -0.899121 -2.72982
8 8 7 -0.0212448 0.0443873 -0.998788 -2.79267
6 6 8 -0.0616947 0.119786 -0.990881 -2.94661
7 6 8 0.0778669 -0.0345749 -0.996364 -2.83203
8 6 8 0.0198737 -0.149383 -0.98858 -2.88992
6 7 8 0.146823 0.00410027 -0.989154 -2.79932
7 7 8 0.315042 -0.250182 -0.915509 -2.77922
8 7 8 -0.0461773 -0.263649 -0.963513 -2.83841
6 8 8 0.0957317 -0.173725 -0.98013 -2.92377
7 8 8 0.0302964 0.00237236 -0.999538 -2.88091
8 8 8 -0.00420817 -1.57951e-05 -0.999991 -2.93556
