Position_x Position_y Position_z Spin_x Spin_y Spin_z Spin_energy Temperature n_spins
0 0 0 -0.157482 0.539825 -0.826915 -2.38501 0.701 729
1 0 0 -0.335009 -0.168518 -0.927023 -2.48376
2 0 0 0.106764 0.41514 -0.903471 -2.60966
0 1 0 -0.0232452 -0.105971 -0.994098 -2.36255
1 1 0 -0.590664 -0.280204 -0.756705 -2.29281
2 1 0 0.440342 -0.0605428 -0.895787 -2.52571
0 2 0 -0.751561 0.358981 -0.553433 -1.46676
1 2 0 0.0313429 0.0997835 -0.994515 -2.33173
2 2 0 0.384548 -0.307273 -0.870463 -2.63971
0 0 1 0.334272 0.13796 -0.932325 -1.72373
1 0 1 0.509759 0.240013 -0.82616 -2.46319
2 0 1 -0.00020548 0.000541855 -1 -2.55911
0 1 1 -0.650372 0.403989 -0.64328 -1.80207
1 1 1 -0.0154602 -0.00752481 -0.999852 -2.33099
2 1 1 0.450166 -0.503846 -0.737217 -2.35457
0 2 1 -0.218235 -0.565567 -0.795304 -1.91997
1 2 1 -0.784222 -0.165052 -0.598126 -1.53337
2 2 1 0.900509 -0.0944474 -0.424456 -1.51142
0 0 2 -0.149836 0.773253 -0.61614 -1.98794
1 0 2 0.0359779 -0.236551 -0.970953 -2.41486
2 0 2 0.606103 -0.455282 -0.652195 -2.08111
0 1 2 0.230128 0.0470486 -0.972022 -2.15634
1 1 2 0.133234 -0.121993 -0.983548 -2.89757
2 1 2 0.167059 -0.0828779 -0.982457 -2.79298
0 2 2 -0.423378 0.0871109 -0.901755 -2.03597
1 2 2 0.0131646 -0.0322917 -0.999392 -2.6761
2 2 2 0.535994 0.185196 -0.823658 -2.2956
3 0 0 -0.366463 0.0454045 -0.929324 -2.50674
4 0 0 0.357518 -0.113182 -0.927023 -2.53568
5 0 0 0.0795589 -0.207767 -0.974938 -2.66029
3 1 0 0.459645 0.165904 -0.872469 -2.75335
4 1 0 0.446396 0.204997 -0.871038 -2.68694
5 1 0 -0.0765743 0.710753 -0.699261 -1.76371
3 2 0 0.368381 0.0914889 -0.925162 -2.64743
4 2 0 0.0272724 0.100972 -0.994515 -2.88571
5 2 0 0.178244 0.00687722 -0.983962 -2.64345
3 0 1 -0.317779 0.17259 -0.932325 -2.0923
4 0 1 0.523692 -0.207864 -0.82616 -2.47954
5 0 1 0.377887 -0.0153433 -0.925725 -2.09301
3 1 1 0.700917 0.267255 -0.661279 -2.16196
4 1 1 -0.0158413 0.00668544 -0.999852 -2.42208
5 1 1 -0.861684 -0.173409 -0.476897 -1.09163
3 2 1 0.251432 0.551611 -0.795304 -2.17587
4 2 1 -0.110788 -0.32061 -0.94071 -2.49428
5 2 1 0.112875 -0.226968 -0.967339 -2.16109
3 0 2 0.488493 -0.617856 -0.61614 -1.79366
4 0 2 -0.137596 0.195749 -0.970953 -2.3202
5 0 2 -0.601325 -0.461574 -0.652195 -1.49658
3 1 2 0.155372 -0.176159 -0.972022 -2.657
4 1 2 0.165693 0.071968 -0.983548 -2.88994
5 1 2 -0.10529 -0.15392 -0.982457 -2.57761
3 2 2 0.027994 0.431339 -0.901755 -2.69014
4 2 2 0.0306784 -0.0165799 -0.999392 -2.86443
5 2 2 0.476658 -0.30722 -0.823658 -2.60999
6 0 0 0.199693 0.310611 -0.929324 -2.52629
7 0 0 -0.284537 -0.24427 -0.927023 -2.48724
8 0 0 0.17436 -0.138185 -0.974938 -2.7198
6 1 0 -0.486193 -0.0491327 -0.872469 -1.95441
7 1 0 -0.552314 -0.349783 -0.756705 -2.54429
8 1 0 -0.355236 -0.139043 -0.924378 -2.77458
6 2 0 0.410602 0.72465 -0.553433 -0.972944
7 2 0 0.104531 -0.00351536 -0.994515 -2.41165
8 2 0 0.167225 -0.0620812 -0.983962 -2.61727
6 0 1 -0.329135 -0.149803 -0.932325 -2.00429
7 0 1 -0.465407 -0.31758 -0.82616 -2.66818
8 0 1 0.342635 -0.160111 -0.925725 -2.49854
6 1 1 -0.088173 0.74494 -0.661279 -1.56798
7 1 1 -0.0148234 -0.00871259 -0.999852 -2.34826
8 1 1 -0.675463 0.0161421 -0.737217 -2.36215
6 2 1 -0.963282 0.217691 -0.157156 -0.5721
7 2 1 -0.800519 0.0376088 -0.598126 -1.84601
8 2 1 0.127338 0.219181 -0.967339 -2.05633
6 0 2 0.139494 0.775185 -0.61614 -1.38577
7 0 2 -0.0587002 -0.231959 -0.970953 -2.62424
8 0 2 0.128385 -0.0603691 -0.989885 -2.56655
6 1 2 -0.233329 0.0270207 -0.972022 -2.51858
7 1 2 0.17624 0.0396614 -0.983548 -2.62115
8 1 2 -0.647008 0.185442 -0.739589 -1.98093
6 2 2 0.122462 -0.414536 -0.901755 -1.97862
7 2 2 -0.0137525 0.0320457 -0.999392 -2.68198
8 2 2 0.535395 0.186921 -0.823658 -2.11828
0 3 0 0.27019 0.251702 -0.929324 -2.37824
1 3 0 -0.347343 -0.141357 -0.927023 -2.70741
2 3 0 0.0218424 -0.221404 -0.974938 -2.47644
0 4 0 -0.0783845 -0.0750067 -0.994098 -2.63667
1 4 0 -0.637302 -0.145753 -0.756705 -2.27507
2 4 0 0.244129 0.671889 -0.699261 -2.0041
0 5 0 0.466107 0.533209 -0.705997 -1.90493
1 5 0 -0.558542 0.26347 -0.786521 -2.39027
2 5 0 0.0900446 0.153981 -0.983962 -2.67693
0 3 1 -0.361545 0.00747959 -0.932325 -2.29577
1 3 1 -0.547796 -0.131832 -0.82616 -2.62064
2 3 1 0.2383 0.293679 -0.925725 -2.22036
0 4 1 -0.170932 0.0857443 -0.981545 -2.92577
1 4 1 0.0170208 0.00243553 -0.999852 -2.60073
2 4 1 -0.114738 0.0644775 -0.991301 -2.47936
0 5 1 -0.314535 0.588352 -0.744923 -2.21789
1 5 1 -0.63626 0.487256 -0.598126 -2.15297
2 5 1 0.0854524 -0.238649 -0.967339 -1.75527
0 3 2 0.521063 -0.590647 -0.61614 -1.52158
1 3 2 -0.149054 0.187172 -0.970953 -2.56039
2 3 2 -0.437797 0.61885 -0.652195 -2.11475
0 4 2 -0.172426 0.159505 -0.972022 -2.62575
1 4 2 -0.0350144 0.177222 -0.983548 -2.78579
2 4 2 -0.757417 -0.0117515 -0.652825 -2.32359
0 5 2 0.294969 0.31596 -0.901755 -2.72173
1 5 2 -0.0348125 0.00203635 -0.999392 -2.63652
2 5 2 -0.561796 0.0772827 -0.823658 -2.42178
3 3 0 -0.226236 0.291846 -0.929324 -2.63617
4 3 0 -0.0706407 0.368292 -0.927023 -2.61515
5 3 0 0.197469 -0.102482 -0.974938 -2.82557
3 4 0 -0.115205 0.474896 -0.872469 -2.54749
4 4 0 0.440868 0.21663 -0.871038 -2.59905
5 4 0 0.185116 -0.404102 -0.895787 -2.21443
3 5 0 0.379369 0.0124086 -0.925162 -2.04821
4 5 0 0.61751 0.00819912 -0.786521 -2.63137
5 5 0 -0.0868251 -0.155819 -0.983962 -2.53612
3 3 1 -0.0844315 -0.351628 -0.932325 -2.0724
4 3 1 -0.0162767 0.563201 -0.82616 -2.41304
5 3 1 -0.000520154 0.000255478 -1 -2.63739
3 4 1 0.723009 0.199919 -0.661279 -1.4403
4 4 1 0.000849158 0.0171732 -0.999852 -2.27994
5 4 1 -0.251118 0.838346 -0.483854 -0.949083
3 5 1 0.0432812 0.952147 0.302562 0.408314
4 5 1 0.698473 0.392914 -0.598126 -1.43133
5 5 1 -0.0660654 -0.244726 -0.967339 -2.24292
3 3 2 -0.173563 -0.0329797 -0.98427 -2.39116
4 3 2 -0.0475233 0.234504 -0.970953 -2.86191
5 3 2 0.0882975 0.111043 -0.989885 -2.78294
3 4 2 -0.214971 -0.0946562 -0.972022 -2.51066
4 4 2 0.0720844 -0.165642 -0.983548 -2.84685
5 4 2 0.182079 0.0403079 -0.982457 -2.72712
3 5 2 0.0106979 0.432115 -0.901755 -2.23834
4 5 2 -0.0334907 0.00971756 -0.999392 -2.75917
5 5 2 -0.152543 0.124947 -0.980367 -2.6353
6 3 0 0.263796 -0.258396 -0.929324 -2.44
7 3 0 0.0974359 -0.362126 -0.927023 -2.49361
8 3 0 0.136589 -0.175614 -0.974938 -2.45982
6 4 0 -0.397999 -0.283539 -0.872469 -2.11894
7 4 0 -0.0328598 0.652931 -0.756705 -2.12253
8 4 0 0.146199 0.352352 -0.924378 -2.74953
6 5 0 0.389569 0.591442 -0.705997 -1.72723
7 5 0 -0.38599 0.482076 -0.786521 -2.20768
8 5 0 0.172804 -0.0442371 -0.983962 -2.4649
6 3 1 0.0983326 0.347996 -0.932325 -1.99162
7 3 1 -0.0351109 0.562341 -0.82616 -2.22439
8 3 1 -0.655015 0.659845 -0.368185 -1.25091
6 4 1 -0.587553 -0.46636 -0.661279 -1.64925
7 4 1 -0.00111359 -0.0171581 -0.999852 -2.62834
8 4 1 -0.000363246 0.00222772 -0.999997 -2.66285
6 5 1 -0.440109 -0.120999 -0.889755 -2.28062
7 5 1 0.335716 0.0485711 -0.94071 -2.59748
8 5 1 0.211835 -0.139217 -0.967339 -2.59826
6 3 2 0.786128 0.0487157 -0.61614 -2.17714
7 3 2 0.238949 -0.0124073 -0.970953 -2.69972
8 3 2 0.128825 -0.0594237 -0.989885 -2.45233
6 4 2 0.229769 0.0487684 -0.972022 -2.5849
7 4 2 -0.122185 -0.133058 -0.983548 -2.85998
8 4 2 0.148323 -0.113038 -0.982457 -2.85981
6 5 2 0.247084 0.354665 -0.901755 -2.61615
7 5 2 0.0107001 0.0331899 -0.999392 -2.7868
8 5 2 0.26881 0.499328 -0.823658 -2.54044
0 6 0 0.139296 0.341984 -0.929324 -2.36808
1 6 0 -0.319107 -0.196978 -0.927023 -2.49999
2 6 0 -0.194166 -0.108612 -0.974938 -2.77531
0 7 0 -0.0950668 -0.0522728 -0.994098 -2.78838
1 7 0 0.621428 0.203041 -0.756705 -1.77624
2 7 0 -0.0307693 -0.0304965 -0.999061 -2.7384
0 8 0 -0.301288 0.230868 -0.925162 -2.10224
1 8 0 -0.61738 0.0150809 -0.786521 -2.07462
2 8 0 0.175164 0.0337016 -0.983962 -2.56697
0 6 1 0.360391 -0.0298211 -0.932325 -2.38331
1 6 1 -0.532058 -0.185403 -0.82616 -2.35537
2 6 1 0.376866 -0.0317191 -0.925725 -2.47592
0 7 1 -0.0166703 -0.190505 -0.981545 -2.09481
1 7 1 -0.0169346 -0.00297667 -0.999852 -2.65508
2 7 1 0.395748 0.547626 -0.737217 -2.06912
0 8 1 -0.071003 -0.950481 0.302562 1.18783
1 8 1 0.316382 -0.122339 -0.94071 -2.11156
2 8 1 0.185298 -0.172973 -0.967339 -2.56014
0 6 2 0.160479 -0.0738784 -0.98427 -2.58233
1 6 2 -0.237823 0.0262829 -0.970953 -2.89338
2 6 2 0.141779 -0.0050732 -0.989885 -2.67557
0 7 2 -0.0509507 0.229295 -0.972022 -2.80268
1 7 2 0.0217991 0.179328 -0.983548 -2.74587
2 7 2 -0.638449 -0.213052 -0.739589 -1.9667
0 8 2 -0.233746 0.363594 -0.901755 -1.7339
1 8 2 -0.00525137 -0.0344744 -0.999392 -2.77025
2 8 2 -0.536088 0.184924 -0.823658 -2.23686
3 6 0 -0.0758768 0.361385 -0.929324 -2.74569
4 6 0 0.184544 0.326455 -0.927023 -2.54784
5 6 0 -0.188693 -0.117862 -0.974938 -2.7599
3 7 0 0.0320353 -0.103653 -0.994098 -2.47849
4 7 0 0.339215 0.355284 -0.871038 -2.64449
5 7 0 -0.0378125 0.0211425 -0.999061 -2.94816
3 8 0 -0.301211 0.640968 -0.705997 -1.62837
4 8 0 0.528888 -0.318846 -0.786521 -2.28476
5 8 0 0.131737 -0.120265 -0.983962 -2.77807
3 6 1 -0.34423 -0.110798 -0.932325 -1.71981
4 6 1 -0.414651 -0.381477 -0.82616 -1.96868
5 6 1 -0.201214 0.32023 -0.925725 -2.41177
3 7 1 0.656237 0.363405 -0.661279 -1.68665
4 7 1 -0.0142423 -0.00963314 -0.999852 -2.50849
5 7 1 -0.09558 0.09048 -0.991301 -2.56147
3 8 1 -0.511251 -0.325753 -0.795304 -1.68777
4 8 1 0.43084 -0.675739 -0.598126 -2.00053
5 8 1 0.149053 0.205033 -0.967339 -2.19207
3 6 2 0.164852 0.0635253 -0.98427 -2.85973
4 6 2 -0.0174393 0.238635 -0.970953 -2.47692
5 6 2 -0.646081 -0.637178 -0.420218 -0.861576
3 7 2 -0.105892 0.209664 -0.972022 -2.57194
4 7 2 0.134452 0.120649 -0.983548 -2.49194
5 7 2 0.803546 -0.522158 -0.285772 -0.655157
3 8 2 -0.152031 0.404628 -0.901755 -2.201
4 8 2 -0.0337907 -0.00861671 -0.999392 -2.66658
5 8 2 0.127807 0.150155 -0.980367 -2.38941
6 6 0 0.202374 0.308871 -0.929324 -2.57138
7 6 0 0.371702 0.049665 -0.927023 -2.35418
8 6 0 -0.160069 0.154514 -0.974938 -2.80734
6 7 0 0.0357833 -0.102419 -0.994098 -2.76602
7 7 0 -0.645229 0.105253 -0.756705 -1.56676
8 7 0 -0.0433105 -0.00099278 -0.999061 -2.63923
6 8 0 -0.332961 0.18224 -0.925162 -2.16318
7 8 0 0.526338 -0.155287 -0.835975 -1.72964
8 8 0 -0.176054 -0.0286952 -0.983962 -2.80795
6 6 1 -0.288764 0.217684 -0.932325 -2.70295
7 6 1 0.102592 -0.260893 -0.959901 -2.60093
8 6 1 -0.37283 0.0634981 -0.925725 -1.93013
6 7 1 0.127274 -0.142728 -0.981545 -2.32172
7 7 1 0.422751 -0.720801 -0.549297 -1.65727
8 7 1 0.834174 0.26465 -0.483854 -1.52145
6 8 1 -0.868825 -0.469515 -0.157156 -0.705935
7 8 1 -0.440737 -0.669325 -0.598126 -1.85465
8 8 1 0.0938928 0.235456 -0.967339 -1.68688
6 6 2 0.173648 -0.0325297 -0.98427 -2.30949
7 6 2 -0.102165 0.216363 -0.970953 -2.59311
8 6 2 0.44408 0.791334 -0.420218 -1.75079
6 7 2 0.154938 0.17654 -0.972022 -2.52749
7 7 2 0.0463587 -0.174598 -0.983548 -2.49402
8 7 2 0.639228 0.210703 -0.739589 -2.39836
6 8 2 0.394906 0.175746 -0.901755 -1.8722
7 8 2 0.0237278 0.0255548 -0.999392 -2.67546
8 8 2 0.145381 0.133213 -0.980367 -2.89791
0 0 3 -0.146138 0.339117 -0.929324 -2.42539
1 0 3 0.182971 0.327339 -0.927023 -2.70409
2 0 3 0.211587 -0.0687579 -0.974938 -2.65215
0 1 3 -0.218664 -0.437017 -0.872469 -2.18834
1 1 3 0.493272 0.429047 -0.756705 -2.18762
2 1 3 0.0299124 -0.0313375 -0.999061 -2.59944
0 2 3 0.29616 0.23741 -0.925162 -2.43223
1 2 3 -0.0979465 0.0366827 -0.994515 -2.64409
2 2 3 -0.16785 0.0603709 -0.983962 -2.8274
0 0 4 -0.356934 -0.0580413 -0.932325 -1.99811
1 0 4 0.427986 0.366454 -0.82616 -2.27451
2 0 4 -0.291571 0.240874 -0.925725 -2.10428
0 1 4 -0.251759 -0.706631 -0.661279 -1.80918
1 1 4 0.0148504 0.0086665 -0.999852 -2.2079
2 1 4 -0.265657 -0.833853 -0.483854 -1.66
0 2 4 0.294127 -0.530077 -0.795304 -1.55018
1 2 4 -0.0977893 0.795414 -0.598126 -1.2797
2 2 4 -0.252129 -0.0261926 -0.967339 -2.30295
0 0 5 0.0950002 0.148952 -0.98427 -2.8956
1 0 5 0.122544 0.205508 -0.970953 -2.55031
2 0 5 -0.907165 0.021638 -0.420218 -1.54849
0 1 5 0.0133586 0.234508 -0.972022 -2.6799
1 1 5 0.0158868 0.179948 -0.983548 -2.78447
2 1 5 -0.665702 0.0992415 -0.739589 -1.96722
0 2 5 0.380805 -0.0652966 -0.922347 -2.77368
1 2 5 -0.034767 -0.00270421 -0.999392 -2.60615
2 2 5 0.55719 -0.105483 -0.823658 -2.10858
3 0 3 0.0170677 -0.36887 -0.929324 -2.54427
4 0 3 0.310386 0.210451 -0.927023 -2.75665
5 0 3 0.0713702 -0.21072 -0.974938 -2.73399
3 1 3 0.406005 -0.271953 -0.872469 -2.61926
4 1 3 0.637696 0.144023 -0.756705 -2.31919
5 1 3 0.0431809 0.00349217 -0.999061 -2.63863
3 2 3 0.333152 0.181892 -0.925162 -2.18176
4 2 3 0.104394 -0.00639889 -0.994515 -2.64784
5 2 3 0.105271 0.144001 -0.983962 -2.79173
3 0 4 -0.333298 0.140297 -0.932325 -1.8354
4 0 4 0.547885 0.131462 -0.82616 -2.13246
5 0 4 0.320106 0.20141 -0.925725 -2.30331
3 1 4 -0.361474 -0.657302 -0.661279 -2.15179
4 1 4 0.145159 -0.890549 -0.431105 -1.6951
5 1 4 -0.617701 -0.619944 -0.483854 -1.66362
3 2 4 -0.419691 0.437438 -0.795304 -1.91229
4 2 4 -0.469073 -0.649782 -0.598126 -1.73416
5 2 4 -0.171302 -0.186845 -0.967339 -1.91368
3 0 5 -0.352952 0.704128 -0.61614 -1.38171
4 0 5 0.388003 -0.642606 -0.660691 -1.47657
5 0 5 0.733961 0.533589 -0.420218 -0.749331
3 1 5 -0.167464 -0.164706 -0.972022 -2.51578
4 1 5 0.177311 -0.0345614 -0.983548 -2.42465
5 1 5 -0.281242 -0.611483 -0.739589 -1.89929
3 2 5 0.37791 -0.209813 -0.901755 -2.29221
4 2 5 -0.0164287 -0.0307596 -0.999392 -2.69713
5 2 5 0.412152 -0.389511 -0.823658 -2.47319
6 0 3 0.367106 -0.0398754 -0.929324 -2.45048
7 0 3 0.144193 -0.346176 -0.927023 -2.45958
8 0 3 -0.207525 0.0801875 -0.974938 -2.85413
6 1 3 0.108439 0.00334065 -0.994098 -2.75855
7 1 3 -0.0502177 -0.651825 -0.756705 -2.33008
8 1 3 -0.0402032 0.0161399 -0.999061 -2.48591
6 2 3 0.687535 0.169892 -0.705997 -2.0009
7 2 3 -0.0504957 0.0915932 -0.994515 -2.51747
8 2 3 -0.114583 -0.136707 -0.983962 -2.41586
6 0 4 0.483975 0.371876 -0.792134 -2.69846
7 0 4 0.0382061 0.562139 -0.82616 -2.45741
8 0 4 -0.341875 -0.161727 -0.925725 -2.48331
6 1 4 0.168112 -0.0911489 -0.981545 -2.0977
7 1 4 -0.00514136 -0.0164075 -0.999852 -2.35545
8 1 4 -0.464165 0.741914 -0.483854 -1.3266
6 2 4 0.815626 -0.493164 0.302562 0.809191
7 2 4 -0.345484 0.723109 -0.598126 -0.898012
8 2 4 0.104935 0.899347 -0.424456 -1.27627
6 0 5 -0.143355 0.103252 -0.98427 -2.44782
7 0 5 0.0733946 0.227736 -0.970953 -2.91144
8 0 5 0.12582 0.0655475 -0.989885 -2.93725
6 1 5 0.0532259 -0.228778 -0.972022 -2.72122
7 1 5 0.179683 -0.0186487 -0.983548 -2.94557
8 1 5 0.186373 0.00651821 -0.982457 -2.69814
6 2 5 0.428697 0.0552849 -0.901755 -1.95672
7 2 5 -0.0253467 -0.02395 -0.999392 -2.57964
8 2 5 -0.0236375 0.195761 -0.980367 -2.53033
0 3 3 0.368415 -0.0250317 -0.929324 -2.74507
1 3 3 -0.119795 0.355357 -0.927023 -2.65412
2 3 3 -0.14171 0.171508 -0.974938 -2.34163
0 4 3 -0.0677378 -0.084745 -0.994098 -2.44752
1 4 3 0.100409 0.646 -0.756705 -2.33608
2 4 3 -0.0244781 -0.0357437 -0.999061 -2.52477
0 5 3 0.311063 0.636245 -0.705997 -1.93741
1 5 3 -0.54203 0.085723 -0.835975 -2.06668
2 5 3 0.146455 -0.101829 -0.983962 -2.61637
0 3 4 0.277477 0.231899 -0.932325 -2.43477
1 3 4 -0.0674129 -0.559389 -0.82616 -1.97688
2 3 4 0.195777 -0.323582 -0.925725 -2.44827
0 4 4 0.738883 -0.129466 -0.661279 -2.00336
1 4 4 0.00625754 0.0160151 -0.999852 -1.95286
2 4 4 0.443507 0.509717 -0.737217 -1.81157
0 5 4 0.196455 -0.573496 -0.795304 -2.19099
1 5 4 0.11367 -0.7933 -0.598126 -1.85202
2 5 4 -0.0703074 -0.243541 -0.967339 -2.34783
0 3 5 0.164964 -0.0632355 -0.98427 -2.5956
1 3 5 0.191971 -0.14282 -0.970953 -2.63891
2 3 5 -0.0786974 0.118042 -0.989885 -2.39624
0 4 5 0.022746 0.233784 -0.972022 -2.02223
1 4 5 0.534349 -0.812401 -0.233398 -1.35784
2 4 5 0.712394 -0.64096 -0.285772 -0.924396
0 5 5 -0.367158 0.228106 -0.901755 -2.48529
1 5 5 -0.0197224 0.0287591 -0.999392 -2.29101
2 5 5 -0.144127 0.134569 -0.980367 -2.45618
3 3 3 -0.0748296 -0.981168 -0.178075 -0.56394
4 3 3 -0.331658 -0.175021 -0.927023 -1.53375
5 3 3 0.204065 0.0886247 -0.974938 -2.84159
3 4 3 0.105733 -0.477094 -0.872469 -1.94445
4 4 3 0.653544 -0.0166942 -0.756705 -2.16044
5 4 3 0.0252165 0.0352267 -0.999061 -2.85001
3 5 3 0.573799 0.415118 -0.705997 -1.83697
4 5 3 -0.065266 0.0817281 -0.994515 -2.69239
5 5 3 -0.172567 0.0451551 -0.983962 -2.8614
3 3 4 -0.256378 0.255032 -0.932325 -1.73782
4 3 4 -0.122056 0.923474 0.363727 0.959444
5 3 4 -0.27749 0.256969 -0.925725 -2.34566
3 4 4 -0.258465 0.704206 -0.661279 -1.72601
4 4 4 -0.0164755 0.00491927 -0.999852 -2.03719
5 4 4 -0.117059 -0.0601619 -0.991301 -2.82998
3 5 4 -0.204934 -0.570521 -0.795304 -1.73903
4 5 4 -0.0661222 0.332705 -0.94071 -2.05036
5 5 4 -0.123736 -0.221234 -0.967339 -2.18091
3 3 5 -0.0147533 0.176051 -0.98427 -2.91299
4 3 5 -0.159324 0.178512 -0.970953 -2.30389
5 3 5 -0.107899 0.0921132 -0.989885 -2.67252
3 4 5 -0.231122 0.0418917 -0.972022 -2.29574
4 4 5 0.117406 -0.137294 -0.983548 -2.93876
5 4 5 0.184959 -0.0238186 -0.982457 -2.90842
3 5 5 0.37782 0.209975 -0.901755 -2.22599
4 5 5 0.0213209 -0.0275949 -0.999392 -2.79161
5 5 5 0.144044 -0.548488 -0.823658 -2.38586
6 3 3 0.231002 -0.288088 -0.929324 -2.45972
7 3 3 -0.252072 -0.277649 -0.927023 -2.22498
8 3 3 0.212323 0.0664497 -0.974938 -2.82525
6 4 3 0.294892 0.389662 -0.872469 -2.21315
7 4 3 -0.62398 -0.195057 -0.756705 -2.32355
8 4 3 -0.0395639 0.017649 -0.999061 -2.63632
6 5 3 -0.234764 0.668172 -0.705997 -1.67245
7 5 3 -0.218672 -0.503317 -0.835975 -2.19475
8 5 3 0.0506407 -0.171037 -0.983962 -2.4091
6 3 4 -0.316064 0.175711 -0.932325 -1.27136
7 3 4 -0.865284 -0.344944 0.363727 0.883742
8 3 4 -0.0980754 -0.36526 -0.925725 -0.981588
6 4 4 -0.643436 0.385617 -0.661279 -2.09377
7 4 4 -0.0171872 -0.000492424 -0.999852 -1.63121
8 4 4 0.37215 0.792079 -0.483854 -1.09786
6 5 4 -0.739177 0.65492 -0.157156 -1.01672
7 5 4 -0.788102 -0.145399 -0.598126 -1.82468
8 5 4 0.240384 -0.872956 -0.424456 -1.13664
6 3 5 0.379248 0.69032 -0.61614 -1.94138
7 3 5 0.707359 0.251259 -0.660691 -0.872751
8 3 5 -0.628617 0.654414 -0.420218 -0.866448
6 4 5 0.234046 -0.0198722 -0.972022 -2.5695
7 4 5 0.0210716 0.179415 -0.983548 -2.54858
8 4 5 0.516756 0.80703 -0.285772 -1.39182
6 5 5 0.422809 0.0898338 -0.901755 -1.89507
7 5 5 -0.0204553 -0.0282425 -0.999392 -2.52536
8 5 5 -0.19109 0.048638 -0.980367 -2.15978
0 6 3 0.0938317 0.357144 -0.929324 -2.7237
1 6 3 -0.371487 0.0512482 -0.927023 -2.82558
2 6 3 0.0952603 -0.201053 -0.974938 -2.6004
0 7 3 -0.118043 0.474198 -0.872469 -2.1734
1 7 3 -0.502083 0.418701 -0.756705 -2.69733
2 7 3 0.0432746 -0.00202469 -0.999061 -2.34406
0 8 3 0.166323 -0.688407 -0.705997 -1.21697
1 8 3 -0.530301 0.14116 -0.835975 -2.08527
2 8 3 -0.488248 -0.0625145 -0.870463 -2.69717
0 6 4 -0.0101599 -0.36148 -0.932325 -2.58055
1 6 4 -0.203845 0.192451 -0.959901 -2.34402
2 6 4 -0.913455 -0.17332 -0.368185 -1.59652
0 7 4 0.587363 -0.491117 -0.64328 -1.60877
1 7 4 -0.388003 0.459855 -0.798741 -1.57388
2 7 4 -0.692786 -0.540941 -0.476897 -1.99333
0 8 4 0.985128 0.0694541 -0.157156 -0.633268
1 8 4 0.402241 -0.693143 -0.598126 -0.770438
2 8 4 -0.869984 -0.250928 -0.424456 -1.42814
0 6 5 -0.0175337 0.175796 -0.98427 -2.67335
1 6 5 0.110624 0.212162 -0.970953 -2.94639
2 6 5 -0.0757308 0.119966 -0.989885 -2.69865
0 7 5 0.0554915 -0.228239 -0.972022 -2.6421
1 7 5 0.133531 -0.121668 -0.983548 -2.67995
2 7 5 -0.164643 -0.0875791 -0.982457 -2.64973
0 8 5 -0.0565757 0.428528 -0.901755 -2.21277
1 8 5 -0.133009 0.238006 -0.962113 -2.53937
2 8 5 0.315574 0.471169 -0.823658 -1.58106
3 6 3 0.221464 -0.295483 -0.929324 -2.66489
4 6 3 0.300153 0.224805 -0.927023 -1.82131
5 6 3 0.154199 -0.160372 -0.974938 -2.07251
3 7 3 -0.0990081 -0.478535 -0.872469 -2.56432
4 7 3 -0.65321 -0.0267475 -0.756705 -1.98681
5 7 3 -0.0222821 0.0371524 -0.999061 -2.20757
3 8 3 -0.664076 -0.246111 -0.705997 -1.83949
4 8 3 0.54479 0.0659455 -0.835975 -1.94031
5 8 3 0.0745757 -0.162039 -0.983962 -2.80062
3 6 4 -0.189789 -0.58009 -0.792134 -2.01158
4 6 4 -0.926781 0.0936953 0.363727 0.133617
5 6 4 -0.929749 -0.0024647 -0.368185 -1.65228
3 7 4 -0.0798836 -0.173748 -0.981545 -2.14301
4 7 4 -0.53817 -0.269045 -0.798741 -2.32221
5 7 4 -0.500384 -0.717984 -0.483854 -1.93753
3 8 4 -0.407356 -0.861695 0.302562 -0.191323
4 8 4 -0.153292 -0.302599 -0.94071 -2.16052
5 8 4 0.000530774 -0.253486 -0.967339 -2.59402
3 6 5 0.164307 -0.0649215 -0.98427 -2.80607
4 6 5 -0.239161 0.00723947 -0.970953 -2.23485
5 6 5 -0.669933 -0.246617 -0.700264 -2.42071
3 7 5 0.162653 -0.16946 -0.972022 -2.93003
4 7 5 -0.0729556 0.165261 -0.983548 -2.76437
5 7 5 -0.47738 0.474464 -0.739589 -1.87475
3 8 5 0.105984 -0.419052 -0.901755 -1.77977
4 8 5 -0.0299206 -0.0179114 -0.999392 -2.63284
5 8 5 0.0513683 -0.564756 -0.823658 -2.00756
6 6 3 -0.187645 -0.83077 -0.524033 -1.27942
7 6 3 0.373005 0.0386892 -0.927023 -2.02533
8 6 3 0.0505703 0.216655 -0.974938 -2.69727
6 7 3 -0.43482 0.223 -0.872469 -2.2851
7 7 3 -0.559456 0.338241 -0.756705 -2.39804
8 7 3 -0.0424652 0.00857299 -0.999061 -2.45067
6 8 3 -0.521544 -0.479124 -0.705997 -1.55258
7 8 3 -0.382076 0.393908 -0.835975 -2.35927
8 8 3 0.177956 0.0122502 -0.983962 -2.69718
6 6 4 0.0194994 -0.361096 -0.932325 -1.66612
7 6 4 -0.491732 0.275064 -0.82616 -2.2382
8 6 4 0.321747 -0.198778 -0.925725 -1.99708
6 7 4 -0.584259 -0.494805 -0.64328 -2.06935
7 7 4 -0.537877 -0.269631 -0.798741 -2.44937
8 7 4 -0.145211 -0.866881 -0.476897 -1.66671
6 8 4 0.485111 0.363538 -0.795304 -1.65508
7 8 4 0.101273 0.323741 -0.94071 -2.68657
8 8 4 -0.139308 0.211774 -0.967339 -2.07111
6 6 5 -0.430937 -0.659291 -0.61614 -1.60435
7 6 5 -0.335559 0.671482 -0.660691 -1.69408
8 6 5 -0.786664 -0.133648 -0.602742 -1.6259
6 7 5 -0.0731938 0.0961577 -0.992671 -2.44626
7 7 5 -0.176862 -0.0367876 -0.983548 -2.77194
8 7 5 0.0752351 -0.170637 -0.982457 -2.59142
6 8 5 -0.361798 -0.236516 -0.901755 -2.39164
7 8 5 0.00409742 0.0346305 -0.999392 -2.86515
8 8 5 -0.0508866 -0.190504 -0.980367 -2.8522
0 0 6 -0.36775 0.033415 -0.929324 -2.44489
1 0 6 -0.0979195 -0.361996 -0.927023 -2.55395
2 0 6 -0.110091 0.19333 -0.974938 -2.67647
0 1 6 0.0868701 -0.0649901 -0.994098 -2.65177
1 1 6 0.169375 -0.461091 -0.871038 -2.56587
2 1 6 0.0311326 -0.0301256 -0.999061 -2.54559
0 2 6 0.67776 -0.205449 -0.705997 -2.21986
1 2 6 -0.548663 -0.0106886 -0.835975 -2.09797
2 2 6 -0.176822 0.0234997 -0.983962 -2.53752
0 0 7 -0.327399 0.153561 -0.932325 -2.31693
1 0 7 0.194611 -0.201784 -0.959901 -2.62004
2 0 7 -0.26545 0.269389 -0.925725 -2.38014
0 1 7 -0.248577 -0.707756 -0.661279 -1.58478
1 1 7 -0.0165317 -0.00472692 -0.999852 -2.33642
2 1 7 -0.0747531 0.87195 -0.483854 -1.44929
0 2 7 0.663439 -0.0702734 -0.744923 -1.57588
1 2 7 -0.747849 0.288042 -0.598126 -1.55711
2 2 7 -0.904744 -0.035707 -0.424456 -1.29854
0 0 8 -0.109762 -0.138434 -0.98427 -2.78933
1 0 8 -0.239267 0.00143325 -0.970953 -2.95138
2 0 8 -0.107515 0.0925619 -0.989885 -2.83711
0 1 8 0.178972 -0.152123 -0.972022 -2.68115
1 1 8 -0.176801 -0.0370829 -0.983548 -2.92386
2 1 8 -0.136751 -0.086708 -0.986803 -2.6406
0 2 8 -0.405305 -0.445351 -0.798367 -2.06216
1 2 8 0.0185405 0.0295349 -0.999392 -2.53587
2 2 8 -0.194348 -0.0333174 -0.980367 -2.66143
3 0 6 -0.366487 0.0452119 -0.929324 -2.58426
4 0 6 -0.150317 -0.343561 -0.927023 -2.65063
5 0 6 -0.0129814 -0.2221 -0.974938 -2.58315
3 1 6 -0.107301 -0.0160223 -0.994098 -2.68669
4 1 6 0.263583 -0.414509 -0.871038 -2.7029
5 1 6 -0.0384217 -0.0200141 -0.999061 -2.53143
3 2 6 -0.640824 -0.301517 -0.705997 -1.8174
4 2 6 0.0162765 0.103316 -0.994515 -2.48634
5 2 6 -0.0174233 -0.177524 -0.983962 -2.78768
3 0 7 0.287721 -0.21906 -0.932325 -2.12531
4 0 7 0.426742 -0.650776 -0.627998 -2.18236
5 0 7 0.270362 0.264459 -0.925725 -1.97746
3 1 7 -0.733352 0.219967 -0.64328 -1.33994
4 1 7 0.536045 -0.273255 -0.798741 -2.11039
5 1 7 -0.0806358 -0.871426 -0.483854 -1.30671
3 2 7 -0.92896 -0.213285 0.302562 -0.580203
4 2 7 0.574933 -0.558299 -0.598126 -1.50584
5 2 7 0.189714 -0.168119 -0.967339 -2.58879
3 0 8 -0.0871281 -0.153689 -0.98427 -2.81996
4 0 8 -0.649641 -0.376105 -0.660691 -1.8271
5 0 8 0.0127906 -0.434913 -0.900382 -2.41498
3 1 8 0.10483 -0.210197 -0.972022 -2.59729
4 1 8 -0.0714633 0.165911 -0.983548 -2.5751
5 1 8 -0.138515 -0.0838625 -0.986803 -2.55654
3 2 8 -0.41366 -0.125391 -0.901755 -2.23685
4 2 8 0.023717 -0.0255649 -0.999392 -2.61211
5 2 8 -0.143188 -0.135566 -0.980367 -2.93464
6 0 6 0.00505223 -0.36923 -0.929324 -2.61443
7 0 6 0.35182 -0.129815 -0.927023 -2.53758
8 0 6 0.198589 -0.100294 -0.974938 -2.58249
6 1 6 -0.0153032 0.48843 -0.872469 -2.2993
7 1 6 0.270818 0.409818 -0.871038 -2.73547
8 1 6 0.0409084 0.0142582 -0.999061 -2.72857
6 2 6 -0.698378 0.117627 -0.705997 -1.62178
7 2 6 0.0781622 0.0694968 -0.994515 -2.76067
8 2 6 -0.0210212 0.177134 -0.983962 -2.81781
6 0 7 -0.224029 -0.283869 -0.932325 -2.15958
7 0 7 -0.264927 0.497267 -0.82616 -1.98662
8 0 7 0.109209 0.923317 -0.368185 -1.16696
6 1 7 0.7333 0.158055 -0.661279 -1.74261
7 1 7 -0.00149964 0.0171287 -0.999852 -2.43968
8 1 7 0.874589 0.0312901 -0.483854 -1.09619
6 2 7 0.418994 -0.438105 -0.795304 -2.26124
7 2 7 0.339196 -0.00325424 -0.94071 -2.85101
8 2 7 -0.117714 0.224497 -0.967339 -2.44823
6 0 8 0.174696 -0.0263268 -0.98427 -2.86272
7 0 8 -0.227006 0.305835 -0.924626 -2.48455
8 0 8 0.335839 -0.276631 -0.900382 -2.24203
6 1 8 0.229706 0.0490664 -0.972022 -2.68649
7 1 8 0.131755 -0.123588 -0.983548 -2.77336
8 1 8 -0.108579 0.120124 -0.986803 -2.5445
6 2 8 -0.142457 -0.408097 -0.901755 -2.31029
7 2 8 0.0223252 -0.0267889 -0.999392 -2.94654
8 2 8 -0.197133 -0.00443219 -0.980367 -2.81291
0 3 6 0.13431 -0.343973 -0.929324 -2.65406
1 3 6 0.37337 -0.0349831 -0.927023 -2.59697
2 3 6 -0.174179 0.138414 -0.974938 -2.55756
0 4 6 0.397892 0.28369 -0.872469 -2.26792
1 4 6 0.427451 -0.494656 -0.756705 -2.07336
2 4 6 0.0179077 -0.0394475 -0.999061 -2.3175
0 5 6 -0.361132 -0.609222 -0.705997 -1.64804
1 5 6 0.471382 0.28097 -0.835975 -2.10399
2 5 6 0.151346 0.094407 -0.983962 -2.36418
0 3 7 0.187005 0.309516 -0.932325 -2.4776
1 3 7 0.367413 -0.427163 -0.82616 -1.32052
2 3 7 0.697858 0.614357 -0.368185 -0.830952
0 4 7 0.7459 0.386511 -0.542442 -1.53991
1 4 7 -0.469372 0.376433 -0.798741 -1.20245
2 4 7 0.833411 0.267042 -0.483854 -0.461984
0 5 7 -0.594049 -0.120821 -0.795304 -2.22923
1 5 7 -0.180654 -0.287104 -0.94071 -2.21637
2 5 7 -0.902161 -0.0770938 -0.424456 -0.633976
0 3 8 0.160301 0.074266 -0.98427 -2.57459
1 3 8 -0.736115 0.147046 -0.660691 -1.86874
2 3 8 -0.168524 0.401139 -0.900382 -2.3549
0 4 8 -0.229705 -0.0490709 -0.972022 -2.60006
1 4 8 -0.0216175 -0.17935 -0.983548 -2.57945
2 4 8 -0.146068 0.0698816 -0.986803 -2.40429
0 5 8 -0.284618 -0.325316 -0.901755 -2.35618
1 5 8 0.02324 0.0259993 -0.999392 -2.74331
2 5 8 0.545282 0.15574 -0.823658 -1.91434
3 3 6 0.22506 0.292753 -0.929324 -2.43126
4 3 6 0.135688 -0.349597 -0.927023 -2.53362
5 3 6 -0.135184 -0.176697 -0.974938 -2.95746
3 4 6 -0.099047 -0.0442699 -0.994098 -2.35916
4 4 6 -0.030965 -0.949689 -0.31166 -1.34471
5 4 6 -0.0277334 0.0332814 -0.999061 -2.41684
3 5 6 -0.476848 -0.523626 -0.705997 -1.58849
4 5 6 0.321841 -0.444482 -0.835975 -2.37609
5 5 6 0.0654895 0.16592 -0.983962 -2.34187
3 3 7 -0.359347 0.0405082 -0.932325 -1.7726
4 3 7 -0.221981 -0.517866 -0.82616 -2.55647
5 3 7 -0.346453 -0.151671 -0.925725 -2.56252
3 4 7 -0.840075 -0.00555077 -0.542442 -1.32066
4 4 7 0.0124983 0.0118082 -0.999852 -2.07541
5 4 7 -0.610072 0.627453 -0.483854 -0.87845
3 5 7 -0.452336 0.877892 -0.157156 -0.809899
4 5 7 -0.267311 -0.208829 -0.94071 -1.48325
5 5 7 -0.00450195 -0.905437 -0.424456 -0.91706
3 3 8 -0.768836 0.171062 -0.61614 -2.42967
4 3 8 -0.639357 -0.393332 -0.660691 -2.25881
5 3 8 -0.43271 -0.0455534 -0.900382 -2.5746
3 4 8 -0.0927425 0.215804 -0.972022 -2.66472
4 4 8 -0.117873 0.136893 -0.983548 -2.78285
5 4 8 -0.0248492 0.160005 -0.986803 -2.60877
3 5 8 -0.253783 0.349902 -0.901755 -2.44691
4 5 8 0.0111709 0.0330344 -0.999392 -2.75809
5 5 8 -0.334248 0.458111 -0.823658 -1.7554
6 3 6 0.0383609 -0.367267 -0.929324 -2.23454
7 3 6 -0.327999 0.181785 -0.927023 -2.43132
8 3 6 -0.0920501 -0.202543 -0.974938 -2.54552
6 4 6 -0.0462457 0.09814 -0.994098 -2.62667
7 4 6 -0.18499 0.455051 -0.871038 -2.80825
8 4 6 0.0159144 0.0402929 -0.999061 -2.31805
6 5 6 0.0859107 -0.261723 -0.961312 -2.58951
7 5 6 -0.433327 0.33671 -0.835975 -2.45518
8 5 6 -0.157924 -0.0829352 -0.983962 -2.8087
6 3 7 0.327301 0.153769 -0.932325 -2.11997
7 3 7 0.27832 0.0335914 -0.959901 -2.7769
8 3 7 -0.354226 0.132506 -0.925725 -2.20343
6 4 7 -0.243607 -0.803998 -0.542442 -1.4081
7 4 7 0.00388389 0.0167498 -0.999852 -2.26598
8 4 7 0.869776 -0.0968213 -0.483854 -1.39018
6 5 7 -0.208557 -0.569207 -0.795304 -2.36954
7 5 7 -0.769969 0.222247 -0.598126 -2.09702
8 5 7 -0.160994 0.195796 -0.967339 -1.878
6 3 8 0.117159 -0.778874 -0.61614 -2.13608
7 3 8 -0.0553587 -0.232779 -0.970953 -2.789
8 3 8 0.435092 0.00281562 -0.900382 -2.62698
6 4 8 0.172359 -0.159577 -0.972022 -2.58667
7 4 8 0.0253329 -0.178863 -0.983548 -2.83221
8 4 8 0.130082 -0.0964255 -0.986803 -2.68369
6 5 8 0.254503 -0.349379 -0.901755 -2.3626
7 5 8 -0.0337662 -0.00871206 -0.999392 -2.42318
8 5 8 0.526959 -0.209529 -0.823658 -2.37425
0 6 6 0.167341 0.329171 -0.929324 -2.55722
1 6 6 -0.142554 0.346854 -0.927023 -2.81319
2 6 6 -0.222393 -0.00616931 -0.974938 -2.92816
0 7 6 -0.224286 0.434158 -0.872469 -2.4378
1 7 6 -0.0222156 0.490713 -0.871038 -2.71403
2 7 6 0.0141914 -0.0409316 -0.999061 -2.66302
0 8 6 0.594092 0.583752 -0.553433 -2.00281
1 8 6 0.0997921 0.539617 -0.835975 -2.21519
2 8 6 0.00337711 0.178345 -0.983962 -2.59224
0 6 7 -0.342242 0.116794 -0.932325 -2.01982
1 6 7 0.252687 0.503597 -0.82616 -2.16788
2 6 7 -0.300311 -0.229885 -0.925725 -2.15421
0 7 7 0.567083 0.491046 -0.661279 -1.79125
1 7 7 -0.596529 0.0785212 -0.798741 -1.79854
2 7 7 -0.653954 0.581575 -0.483854 -1.6251
0 8 7 0.163587 0.583722 -0.795304 -1.98411
1 8 7 0.23724 -0.765482 -0.598126 -1.13613
2 8 7 -0.812703 -0.399189 -0.424456 -1.48423
0 6 8 -0.529224 0.583346 -0.61614 -1.89357
1 6 8 -0.0759003 0.226913 -0.970953 -2.78587
2 6 8 -0.0628778 0.430533 -0.900382 -2.6787
0 7 8 -0.0284093 -0.233164 -0.972022 -2.46974
1 7 8 -0.177736 0.0323045 -0.983548 -2.767
2 7 8 -0.0634597 0.14897 -0.986803 -2.63252
0 8 8 -0.280081 -0.32923 -0.901755 -2.60428
1 8 8 -0.0176312 -0.0300865 -0.999392 -2.61205
2 8 8 0.207511 -0.527756 -0.823658 -2.2716
3 6 6 -0.185854 -0.215085 -0.958748 -2.74008
4 6 6 0.373779 -0.0303042 -0.927023 -2.17875
5 6 6 -0.171931 -0.141196 -0.974938 -2.77989
3 7 6 -0.0522701 -0.0950682 -0.994098 -2.95358
4 7 6 -0.0476314 -0.187727 -0.981066 -2.85624
5 7 6 -0.0148492 -0.0406975 -0.999061 -2.83048
3 8 6 0.271889 0.26486 -0.925162 -2.37719
4 8 6 0.269589 -0.477982 -0.835975 -2.58708
5 8 6 -0.0517417 -0.170707 -0.983962 -2.86031
3 6 7 0.280154 0.228658 -0.932325 -1.7497
4 6 7 0.807103 -0.465067 0.363727 0.852901
5 6 7 -0.358072 -0.121731 -0.925725 -1.70579
3 7 7 0.154594 -0.112564 -0.981545 -2.42158
4 7 7 -0.0485161 -0.599715 -0.798741 -1.98365
5 7 7 0.123023 0.0467697 -0.991301 -2.63576
3 8 7 -0.605531 0.0287241 -0.795304 -1.75728
4 8 7 0.737684 -0.313158 -0.598126 -1.9022
5 8 7 0.0768821 -0.241546 -0.967339 -2.63733
3 6 8 -0.0163758 0.175908 -0.98427 -2.89549
4 6 8 -0.11464 -0.210019 -0.970953 -2.16
5 6 8 0.202857 -0.384918 -0.900382 -2.46261
3 7 8 0.152957 -0.178259 -0.972022 -2.92794
4 7 8 0.173121 -0.0516007 -0.983548 -2.77968
5 7 8 -0.161622 -0.00988317 -0.986803 -2.88126
3 8 8 -0.112505 -0.417349 -0.901755 -2.54809
4 8 8 -0.0449066 -0.487523 -0.871955 -2.4872
5 8 8 0.1103 0.163448 -0.980367 -2.82311
6 6 6 -0.203669 0.308019 -0.929324 -2.33767
7 6 6 0.35515 -0.120406 -0.927023 -2.0482
8 6 6 0.222385 -0.0064681 -0.974938 -2.38515
6 7 6 -0.448912 -0.193071 -0.872469 -2.19852
7 7 6 -0.490493 -0.0266449 -0.871038 -2.42785
8 7 6 -0.0312996 0.0299521 -0.999061 -2.89348
6 8 6 0.263902 0.272819 -0.925162 -2.45229
7 8 6 0.0743823 0.543703 -0.835975 -2.13713
8 8 6 0.164109 -0.0699031 -0.983962 -2.6737
6 6 7 0.337741 0.129236 -0.932325 -2.28853
7 6 7 -0.176986 0.534917 -0.82616 -1.28047
8 6 7 0.352864 -0.86019 -0.368185 -0.681005
6 7 7 0.833827 0.102423 -0.542442 -1.75337
7 7 7 0.144484 -0.584069 -0.798741 -2.02928
8 7 7 0.0138923 0.130879 -0.991301 -2.37091
6 8 7 0.551704 0.251226 -0.795304 -2.40385
7 8 7 0.486929 -0.636511 -0.598126 -1.49906
8 8 7 -0.238247 0.0865669 -0.967339 -2.25304
6 6 8 0.660918 -0.428438 -0.61614 -2.28787
7 6 8 0.615988 -0.429007 -0.660691 -2.03829
8 6 8 -0.203719 -0.384462 -0.900382 -2.08852
6 7 8 -0.0412528 0.231237 -0.972022 -2.40266
7 7 8 -0.0303805 -0.178075 -0.983548 -2.63262
8 7 8 0.161775 -0.00694132 -0.986803 -2.90161
6 8 8 0.39953 0.164963 -0.901755 -2.64002
7 8 8 -0.0838515 -0.482352 -0.871955 -2.28166
8 8 8 -0.0246912 -0.195631 -0.980367 -2.90495
