Position_x Position_y Position_z Spin_x Spin_y Spin_z Spin_energy Temperature n_spins
0 0 0 0.22049 0.759413 0.612108 -0.111203 1.401 729
1 0 0 -0.664381 0.727476 0.171395 -0.790308
2 0 0 0.106764 0.41514 -0.903471 -0.780794
0 1 0 0.102015 -0.00330479 0.994777 -0.573926
1 1 0 0.647095 0.388658 0.655906 -0.827952
2 1 0 -0.239463 -0.270636 0.932423 0.30888
0 2 0 -0.751561 0.358981 -0.553433 0.0603174
1 2 0 0.0210494 0.427594 0.903726 -0.785851
2 2 0 0.211919 0.290306 0.933173 -1.19694
0 0 1 -0.556476 0.250716 -0.792134 0.326476
1 0 1 0.0207724 0.0334322 0.999225 0.843261
2 0 1 -0.831399 0.416192 -0.368185 0.222076
0 1 1 -0.650372 0.403989 -0.64328 -0.127829
1 1 1 -0.0959759 -0.00539955 0.995369 -0.290735
2 1 1 0.803908 0.226151 0.55008 0.146196
0 2 1 0.46776 0.830456 0.302562 0.478363
1 2 1 -0.784222 -0.165052 -0.598126 1.16342
2 2 1 0.0578342 -0.285524 0.956625 -0.252506
0 0 2 -0.149836 0.773253 -0.61614 -0.639172
1 0 2 0.0359779 -0.236551 -0.970953 -0.0463753
2 0 2 0.0326592 -0.906835 -0.420218 -0.801174
0 1 2 0.230128 0.0470486 -0.972022 -1.80171
1 1 2 0.34114 0.910576 -0.233398 -0.301355
2 1 2 -0.928401 -0.237498 -0.285772 0.48058
0 2 2 -0.423378 0.0871109 -0.901755 -0.788845
1 2 2 0.0131646 -0.0322917 -0.999392 -1.37414
2 2 2 0.0214567 0.0267744 0.999411 0.724727
3 0 0 -0.366463 0.0454045 -0.929324 -1.89337
4 0 0 0.96064 0.218621 0.171395 0.31732
5 0 0 0.0795589 -0.207767 -0.974938 -0.859472
3 1 0 0.459645 0.165904 -0.872469 -1.11553
4 1 0 0.605585 -0.246303 -0.756705 -1.15834
5 1 0 -0.322576 -0.162884 0.932423 2.23996
3 2 0 0.630628 0.685844 -0.363217 -1.63025
4 2 0 0.0272724 0.100972 -0.994515 -1.62246
5 2 0 0.178244 0.00687722 -0.983962 -1.47382
3 0 1 -0.317779 0.17259 -0.932325 -0.481721
4 0 1 -0.0287646 -0.0268664 0.999225 0.706415
5 0 1 0.549162 0.75024 -0.368185 -0.332043
3 1 1 0.700917 0.267255 -0.661279 -1.60325
4 1 1 -0.303091 -0.778722 -0.549297 -1.05513
5 1 1 -0.861684 -0.173409 -0.476897 -0.498945
3 2 1 0.251432 0.551611 -0.795304 -1.31845
4 2 1 0.556345 -0.576824 -0.598126 -0.321601
5 2 1 -0.130256 0.89603 -0.424456 -0.53552
3 0 2 0.488493 -0.617856 -0.61614 -0.723584
4 0 2 -0.0376031 0.103723 0.993895 -0.552499
5 0 2 -0.373446 0.827015 -0.420218 -0.618473
3 1 2 0.155372 -0.176159 -0.972022 -1.92703
4 1 2 -0.363295 -0.901966 -0.233398 -0.532919
5 1 2 -0.509674 -0.806943 0.298454 -0.170672
3 2 2 0.027994 0.431339 -0.901755 -1.0366
4 2 2 0.85326 0.191921 0.484885 0.467144
5 2 2 0.0292642 0.0179127 0.999411 1.00418
6 0 0 0.199693 0.310611 -0.929324 -1.81843
7 0 0 0.861714 -0.147318 0.485537 0.0545386
8 0 0 0.425552 0.0514343 -0.903471 0.968412
6 1 0 -0.486193 -0.0491327 -0.872469 -1.24529
7 1 0 -0.107682 0.479268 -0.871038 -0.88753
8 1 0 -0.102277 0.346592 0.932423 0.958772
6 2 0 0.410602 0.72465 -0.553433 -0.640302
7 2 0 -0.373167 -0.492069 -0.786521 -0.990654
8 2 0 0.167225 -0.0620812 -0.983962 0.27662
6 0 1 -0.329135 -0.149803 -0.932325 -0.357725
7 0 1 0.0264295 -0.0291666 0.999225 0.875474
8 0 1 0.00572029 -0.471616 0.881785 -0.677566
6 1 1 -0.088173 0.74494 -0.661279 -1.56376
7 1 1 0.190731 0.813569 -0.549297 -0.552674
8 1 1 -0.834407 -0.0342986 0.55008 -0.137604
6 2 1 -0.963282 0.217691 -0.157156 -1.06712
7 2 1 -0.800519 0.0376088 -0.598126 -1.39782
8 2 1 -7.32165e-05 0.291323 0.956625 -0.118319
6 0 2 0.139494 0.775185 -0.61614 -1.01335
7 0 2 -0.0587002 -0.231959 -0.970953 1.11412
8 0 2 0.39263 -0.295412 0.870961 0.397881
6 1 2 -0.514825 0.774164 0.368273 -0.248928
7 1 2 -0.953752 0.189427 -0.233398 -0.181886
8 1 2 0.95078 0.119799 -0.285772 0.599197
6 2 2 0.122462 -0.414536 -0.901755 -0.285446
7 2 2 -0.0137525 0.0320457 -0.999392 -1.32773
8 2 2 -0.0141925 0.0312383 0.999411 0.709733
0 3 0 0.27019 0.251702 -0.929324 -0.815485
1 3 0 -0.280112 -0.828125 0.485537 0.0317331
2 3 0 0.0218424 -0.221404 -0.974938 -0.722614
0 4 0 -0.0783845 -0.0750067 -0.994098 -0.868956
1 4 0 -0.637302 -0.145753 -0.756705 -1.32703
2 4 0 0.244129 0.671889 -0.699261 -1.15429
0 5 0 0.466107 0.533209 -0.705997 -2.14803
1 5 0 -0.558542 0.26347 -0.786521 -2.39027
2 5 0 0.0900446 0.153981 -0.983962 -1.47907
0 3 1 0.608865 -0.042508 -0.792134 -0.892975
1 3 1 -0.0310403 0.0242014 0.999225 1.4753
2 3 1 0.865245 -0.340282 -0.368185 -0.227131
0 4 1 0.651207 -0.402642 -0.64328 -1.70029
1 4 1 0.827244 0.118065 -0.549297 0.0249221
2 4 1 -0.114738 0.0644775 -0.991301 -1.25106
0 5 1 0.601923 0.0719811 -0.795304 -2.36144
1 5 1 -0.63626 0.487256 -0.598126 -0.196997
2 5 1 0.298499 0.854831 -0.424456 -1.13657
0 3 2 0.521063 -0.590647 -0.61614 -0.133531
1 3 2 -0.149054 0.187172 -0.970953 0.835161
2 3 2 0.407595 0.274394 0.870961 1.02643
0 4 2 0.917678 0.149139 0.368273 -0.911156
1 4 2 -0.0243357 0.0276282 0.999322 -0.325888
2 4 2 -0.948148 0.10927 0.298454 -0.504226
0 5 2 0.294969 0.31596 -0.901755 -0.429751
1 5 2 -0.213688 -0.0792672 0.973681 -0.234279
2 5 2 0.0173972 -0.0295736 0.999411 -0.784383
3 3 0 -0.226236 0.291846 -0.929324 -1.61365
4 3 0 -0.207978 -0.849116 0.485537 0.460925
5 3 0 0.197469 -0.102482 -0.974938 -2.04894
3 4 0 -0.115205 0.474896 -0.872469 -1.87208
4 4 0 0.0193546 -0.65347 -0.756705 -1.4907
5 4 0 0.185116 -0.404102 -0.895787 -1.44247
3 5 0 -0.708064 -0.0146048 -0.705997 -0.797758
4 5 0 0.61751 0.00819912 -0.786521 -1.93588
5 5 0 -0.0868251 -0.155819 -0.983962 -2.2857
3 3 1 -0.0844315 -0.351628 -0.932325 -0.899251
4 3 1 0.0108807 0.0378261 0.999225 1.77849
5 3 1 -0.270865 0.494448 -0.825926 -1.63776
3 4 1 -0.757093 0.11402 -0.64328 -1.60867
4 4 1 -0.606966 -0.574339 -0.549297 -0.0860198
5 4 1 -0.251118 0.838346 -0.483854 -0.482283
3 5 1 0.0432812 0.952147 0.302562 -0.125561
4 5 1 0.698473 0.392914 -0.598126 0.0327993
5 5 1 0.484116 -0.765159 -0.424456 -0.594291
3 3 2 -0.227214 0.754152 -0.61614 -0.497649
4 3 2 -0.0475233 0.234504 -0.970953 -0.588333
5 3 2 0.312322 0.851981 -0.420218 -1.46205
3 4 2 -0.929703 -0.00529289 0.368273 -0.833604
4 4 2 -0.178962 0.983736 -0.0153434 0.0366574
5 4 2 0.683018 0.672176 -0.285772 -1.18807
3 5 2 0.0106979 0.432115 -0.901755 0.2142
4 5 2 -0.874574 0.0024896 0.484885 0.997796
5 5 2 -0.251731 -0.734102 -0.630655 -0.98517
6 3 0 0.263796 -0.258396 -0.929324 -2.30552
7 3 0 0.0974359 -0.362126 -0.927023 -1.23077
8 3 0 0.136589 -0.175614 -0.974938 -0.650933
6 4 0 -0.397999 -0.283539 -0.872469 -1.69013
7 4 0 -0.0328598 0.652931 -0.756705 -0.553868
8 4 0 0.198963 0.301662 0.932423 1.40158
6 5 0 0.389569 0.591442 -0.705997 -0.77458
7 5 0 -0.38599 0.482076 -0.786521 -0.938692
8 5 0 0.172804 -0.0442371 -0.983962 -0.646803
6 3 1 -0.578947 0.193245 -0.792134 -1.86358
7 3 1 -0.992353 0.0732049 -0.0993836 -1.49059
8 3 1 -0.655015 0.659845 -0.368185 -0.844532
6 4 1 -0.587553 -0.46636 -0.661279 -0.809638
7 4 1 -0.835433 0.0180201 -0.549297 -2.34279
8 4 1 -0.320455 0.814367 -0.483854 -0.843809
6 5 1 0.550893 -0.7778 0.302562 0.66955
7 5 1 -0.759046 -0.257089 -0.598126 -0.187832
8 5 1 0.211835 -0.139217 -0.967339 -1.04549
6 3 2 0.786128 0.0487157 -0.61614 -0.879367
7 3 2 0.238949 -0.0124073 -0.970953 -0.0575427
8 3 2 -0.306391 0.384123 0.870961 1.02893
6 4 2 0.0101274 0.929663 0.368273 0.23008
7 4 2 -0.971357 -0.0446167 -0.233398 -0.233579
8 4 2 0.757569 0.586876 -0.285772 -0.0677417
6 5 2 0.247084 0.354665 -0.901755 -0.284521
7 5 2 0.231425 -0.0565631 0.971207 0.504554
8 5 2 0.0096378 0.0329298 0.999411 -0.289026
0 6 0 0.139296 0.341984 -0.929324 -1.46897
1 6 0 -0.319107 -0.196978 -0.927023 -1.54191
2 6 0 -0.194166 -0.108612 -0.974938 -2.77531
0 7 0 0.101062 0.0142986 0.994777 0.834194
1 7 0 0.621428 0.203041 -0.756705 -1.14231
2 7 0 -0.0307693 -0.0304965 -0.999061 -1.01814
0 8 0 0.578437 0.40863 -0.705997 0.424634
1 8 0 -0.61738 0.0150809 -0.786521 -0.448525
2 8 0 0.175164 0.0337016 -0.983962 -0.732376
0 6 1 0.360391 -0.0298211 -0.932325 -1.19634
1 6 1 -0.0183397 -0.0348262 0.999225 2.51639
2 6 1 0.376866 -0.0317191 -0.925725 -0.226053
0 7 1 -0.718265 0.216346 -0.661279 0.795507
1 7 1 0.468293 0.69208 -0.549297 0.247395
2 7 1 -0.671247 -0.561527 -0.483854 0.0454872
0 8 1 -0.071003 -0.950481 0.302562 0.682185
1 8 1 0.263528 -0.756835 -0.598126 0.440348
2 8 1 -0.266825 -0.116933 0.956625 0.475983
0 6 2 0.787583 0.00913418 -0.61614 -0.956605
1 6 2 -0.237823 0.0262829 -0.970953 1.34151
2 6 2 -0.413044 0.266121 0.870961 1.69761
0 7 2 0.22095 -0.903081 0.368273 0.20956
1 7 2 0.460655 -0.870002 0.175768 -0.252098
2 7 2 0.642213 -0.711265 -0.285772 -0.081457
0 8 2 -0.233746 0.363594 -0.901755 0.900098
1 8 2 -0.182577 -0.153044 0.971207 0.983339
2 8 2 0.0307519 0.0152178 0.999411 -0.570952
3 6 0 -0.0758768 0.361385 -0.929324 -2.28442
4 6 0 0.184544 0.326455 -0.927023 -2.15006
5 6 0 -0.188693 -0.117862 -0.974938 -2.54952
3 7 0 0.283414 0.928817 0.238695 -0.750152
4 7 0 0.339215 0.355284 -0.871038 -1.37459
5 7 0 -0.0378125 0.0211425 -0.999061 -0.704527
3 8 0 -0.301211 0.640968 -0.705997 -0.672938
4 8 0 0.528888 -0.318846 -0.786521 -1.10658
5 8 0 0.131737 -0.120265 -0.983962 -1.67391
3 6 1 -0.34423 -0.110798 -0.932325 -1.21764
4 6 1 0.0105142 -0.994994 -0.0993836 0.138415
5 6 1 -0.86498 0.340955 -0.368185 -0.518141
3 7 1 0.656237 0.363405 -0.661279 0.305064
4 7 1 -0.686284 -0.476746 -0.549297 -1.28127
5 7 1 -0.331766 -0.809825 -0.483854 -1.34213
3 8 1 0.790628 -0.532319 0.302562 0.635715
4 8 1 0.43084 -0.675739 -0.598126 -0.61177
5 8 1 0.149053 0.205033 -0.967339 -1.57899
3 6 2 0.158113 -0.771603 -0.61614 -0.735154
4 6 2 -0.0174393 0.238635 -0.970953 0.0737593
5 6 2 -0.646081 -0.637178 -0.420218 -1.12323
3 7 2 -0.734331 -0.570205 0.368273 0.190072
4 7 2 -0.729769 -0.642622 -0.233398 -0.400192
5 7 2 0.803546 -0.522158 -0.285772 -0.467676
3 8 2 -0.152031 0.404628 -0.901755 0.939088
4 8 2 0.225037 0.0781993 0.971207 1.29214
5 8 2 0.127807 0.150155 -0.980367 -1.44411
6 6 0 0.202374 0.308871 -0.929324 -1.12179
7 6 0 0.697508 0.527007 0.485537 0.542216
8 6 0 -0.160069 0.154514 -0.974938 -0.85177
6 7 0 -0.0298929 0.0975931 0.994777 1.11764
7 7 0 -0.60546 -0.450784 0.655906 -0.0135243
8 7 0 0.323355 0.161332 0.932423 -1.49761
6 8 0 -0.322734 0.630405 -0.705997 -1.03016
7 8 0 0.526338 -0.155287 -0.835975 -0.17113
8 8 0 0.0993481 0.345423 0.933173 -0.370923
6 6 1 -0.288764 0.217684 -0.932325 -0.884835
7 6 1 0.00832126 -0.0384703 0.999225 0.518073
8 6 1 -0.557099 -0.744366 -0.368185 0.0339786
6 7 1 -0.749389 0.0335626 -0.661279 -0.824851
7 7 1 0.422751 -0.720801 -0.549297 0.269973
8 7 1 -0.211903 -0.0572032 0.975615 -0.629369
6 8 1 -0.606707 0.735094 0.302562 0.259567
7 8 1 -0.440737 -0.669325 -0.598126 0.372914
8 8 1 -0.260656 0.130106 0.956625 -1.58761
6 6 2 -0.460921 0.638688 -0.61614 -1.2966
7 6 2 0.0840869 0.0714269 0.993895 -0.248222
8 6 2 -0.334777 0.359653 0.870961 -0.088882
6 7 2 0.154938 0.17654 -0.972022 -0.78429
7 7 2 -0.824378 -0.515681 -0.233398 -0.260397
8 7 2 0.0900926 -0.534354 0.840446 -1.03968
6 8 2 0.394906 0.175746 -0.901755 -1.03825
7 8 2 -0.748742 0.451965 0.484885 0.340001
8 8 2 -0.0195043 -0.0282284 0.999411 -1.54562
0 0 3 0.776997 -0.14697 0.612108 1.79627
1 0 3 0.182971 0.327339 -0.927023 -1.99451
2 0 3 0.211587 -0.0687579 -0.974938 -0.786737
0 1 3 -0.218664 -0.437017 -0.872469 -1.67074
1 1 3 0.493272 0.429047 -0.756705 -2.17659
2 1 3 0.0299124 -0.0313375 -0.999061 -2.23746
0 2 3 -0.527839 -0.47218 -0.705997 -1.71628
1 2 3 -0.0979465 0.0366827 -0.994515 -1.88818
2 2 3 -0.16785 0.0603709 -0.983962 -1.10632
0 0 4 -0.356934 -0.0580413 -0.932325 -1.08291
1 0 4 0.427986 0.366454 -0.82616 -1.91731
2 0 4 0.596002 0.713598 -0.368185 -0.151162
0 1 4 -0.251759 -0.706631 -0.661279 -1.31211
1 1 4 0.0148504 0.0086665 -0.999852 -2.2079
2 1 4 -0.265657 -0.833853 -0.483854 -0.895786
0 2 4 0.987031 0.0327351 -0.157156 -0.327231
1 2 4 -0.0977893 0.795414 -0.598126 0.247588
2 2 4 0.060083 -0.28506 0.956625 1.42758
0 0 5 0.0950002 0.148952 -0.98427 -2.40671
1 0 5 -0.557592 -0.502573 -0.660691 -0.81579
2 0 5 -0.907165 0.021638 -0.420218 -0.368345
0 1 5 0.0133586 0.234508 -0.972022 -2.33314
1 1 5 0.0158868 0.179948 -0.983548 -1.26998
2 1 5 0.578927 -0.763661 -0.285772 -0.347888
0 2 5 0.554071 -0.74544 -0.370573 -0.772279
1 2 5 -0.0487238 0.233201 0.971207 0.408308
2 2 5 -0.022308 0.0260694 0.999411 0.398078
3 0 3 0.778569 0.138398 0.612108 1.10142
4 0 3 0.0175482 0.87404 0.485537 -0.185944
5 0 3 0.0713702 -0.21072 -0.974938 -0.694945
3 1 3 0.406005 -0.271953 -0.872469 -1.57169
4 1 3 0.913842 -0.266872 0.306058 -0.0842652
5 1 3 0.0431809 0.00349217 -0.999061 -0.468458
3 2 3 -0.288285 -0.646885 -0.705997 -1.84029
4 2 3 0.44903 -0.423978 -0.786521 -1.46587
5 2 3 0.105271 0.144001 -0.983962 -0.853462
3 0 4 -0.333298 0.140297 -0.932325 0.111866
4 0 4 -0.0389709 -0.00552022 0.999225 0.495665
5 0 4 -0.795179 0.481799 -0.368185 0.0617977
3 1 4 -0.361474 -0.657302 -0.661279 -2.15179
4 1 4 0.145159 -0.890549 -0.431105 -1.41845
5 1 4 -0.617701 -0.619944 -0.483854 -0.512025
3 2 4 -0.419691 0.437438 -0.795304 -0.887075
4 2 4 -0.469073 -0.649782 -0.598126 -0.376125
5 2 4 -0.252735 0.144893 0.956625 0.0660855
3 0 5 -0.352952 0.704128 -0.61614 -1.59154
4 0 5 0.388003 -0.642606 -0.660691 0.126704
5 0 5 0.733961 0.533589 -0.420218 -0.195986
3 1 5 -0.167464 -0.164706 -0.972022 -1.7712
4 1 5 0.781327 -0.578838 -0.233398 -0.835753
5 1 5 0.0296228 0.95784 -0.285772 0.644069
3 2 5 0.37791 -0.209813 -0.901755 -0.173686
4 2 5 0.215747 0.101045 0.971207 0.970785
5 2 5 0.0219029 -0.0264107 0.999411 -1.20697
6 0 3 -0.927944 0.327428 -0.178075 -0.220418
7 0 3 0.0631632 0.871931 0.485537 -0.359171
8 0 3 -0.207525 0.0801875 -0.974938 0.667697
6 1 3 0.0550916 -0.0859239 0.994777 1.04474
7 1 3 0.0978503 0.946971 0.306058 -0.534038
8 1 3 -0.0402032 0.0161399 -0.999061 -1.70561
6 2 3 0.687535 0.169892 -0.705997 -0.66346
7 2 3 -0.526788 -0.153753 -0.835975 -1.04732
8 2 3 -0.114583 -0.136707 -0.983962 -1.51501
6 0 4 0.483975 0.371876 -0.792134 -0.477499
7 0 4 0.170643 0.446414 0.878405 -0.141447
8 0 4 -0.913024 0.175577 -0.368185 -0.206147
6 1 4 0.510331 -0.570748 -0.64328 -0.538097
7 1 4 0.177374 0.816585 -0.549297 -0.767101
8 1 4 -0.464165 0.741914 -0.483854 -1.60704
6 2 4 0.815626 -0.493164 0.302562 0.324147
7 2 4 -0.345484 0.723109 -0.598126 -0.889761
8 2 4 0.104935 0.899347 -0.424456 -1.3134
6 0 5 -0.0900787 -0.782468 -0.61614 -0.247578
7 0 5 -0.39632 0.637509 -0.660691 0.0883453
8 0 5 0.906523 -0.0403996 -0.420218 -0.202787
6 1 5 -0.167473 -0.91451 0.368273 -0.251115
7 1 5 -0.111749 -0.965939 -0.233398 0.516163
8 1 5 0.186373 0.00651821 -0.982457 -1.12312
6 2 5 0.428697 0.0552849 -0.901755 0.33662
7 2 5 -0.399133 0.77819 0.484885 0.622636
8 2 5 0.0216809 0.0265932 0.999411 1.37624
0 3 3 -0.93505 0.306547 -0.178075 -0.226086
1 3 3 -0.867604 -0.107315 0.485537 0.110735
2 3 3 -0.14171 0.171508 -0.974938 -0.834429
0 4 3 0.000798861 0.102065 0.994777 0.775708
1 4 3 0.639174 -0.401552 0.655906 -0.602602
2 4 3 -0.0244781 -0.0357437 -0.999061 0.65105
0 5 3 0.311063 0.636245 -0.705997 -0.0913043
1 5 3 -0.424147 0.058129 0.903726 -1.4745
2 5 3 -0.0569286 0.354889 0.933173 -0.0729744
0 3 4 0.277477 0.231899 -0.932325 -0.717369
1 3 4 0.0308312 -0.0244673 0.999225 0.0580542
2 3 4 0.195777 -0.323582 -0.925725 -0.472536
0 4 4 0.738883 -0.129466 -0.661279 -0.54273
1 4 4 -0.0885165 0.037488 0.995369 -0.429597
2 4 4 0.466992 -0.740138 -0.483854 -0.504497
0 5 4 0.953107 -0.00667005 0.302562 -0.0779132
1 5 4 0.11089 0.130063 0.985285 -2.1232
2 5 4 0.280737 0.0778179 0.956625 -1.07631
0 3 5 0.703028 -0.355138 -0.61614 -0.745629
1 3 5 -0.0925729 -0.0600221 0.993895 -0.449494
2 3 5 0.435434 0.796124 -0.420218 -0.00121734
0 4 5 0.022746 0.233784 -0.972022 -0.291063
1 4 5 0.534349 -0.812401 -0.233398 0.0642733
2 4 5 0.712394 -0.64096 -0.285772 -1.27865
0 5 5 -0.787155 -0.608076 0.103105 0.0755489
1 5 5 -0.237988 0.0108942 0.971207 -0.984076
2 5 5 -0.0107759 -0.0325751 0.999411 -1.75831
3 3 3 -0.0748296 -0.981168 -0.178075 -0.147394
4 3 3 -0.331658 -0.175021 -0.927023 -1.18199
5 3 3 0.204065 0.0886247 -0.974938 -1.40814
3 4 3 -0.0958749 0.0350143 0.994777 0.935667
4 4 3 -0.474839 -0.82514 0.306058 -0.0882138
5 4 3 0.0252165 0.0352267 -0.999061 -1.17574
3 5 3 0.573799 0.415118 -0.705997 0.168838
4 5 3 -0.223914 -0.501007 -0.835975 -0.609872
5 5 3 -0.172567 0.0451551 -0.983962 -1.64331
3 3 4 -0.256378 0.255032 -0.932325 -1.68045
4 3 4 -0.122056 0.923474 0.363727 0.570685
5 3 4 0.0593679 0.4679 0.881785 -0.607641
3 4 4 -0.258465 0.704206 -0.661279 0.867428
4 4 4 -0.176942 -0.884782 -0.431105 0.275835
5 4 4 -0.694844 -0.463253 0.55008 -0.481493
3 5 4 0.659828 -0.687811 0.302562 -0.242496
4 5 4 0.799896 0.049107 -0.598126 0.499211
5 5 4 0.286469 0.0529566 0.956625 0.113661
3 3 5 -0.671409 0.411803 -0.61614 -0.568688
4 3 5 0.227093 0.715484 -0.660691 0.0073002
5 3 5 0.0928961 0.48249 0.870961 -0.545847
3 4 5 0.917664 -0.149225 0.368273 0.0310997
4 4 5 -0.0222946 -0.0293001 0.999322 -0.986061
5 4 5 -0.536139 -0.0787794 0.840446 -0.68783
3 5 5 0.0108446 -0.994611 0.103105 -0.776707
4 5 5 0.158029 0.17828 0.971207 0.175957
5 5 5 -0.0327106 -0.0103575 0.999411 -1.52308
6 3 3 -0.367465 0.91283 -0.178075 -0.743634
7 3 3 -0.786328 0.382023 0.485537 0.0264015
8 3 3 0.212323 0.0664497 -0.974938 -0.39333
6 4 3 0.294892 0.389662 -0.872469 -1.58572
7 4 3 -0.62398 -0.195057 -0.756705 -1.91608
8 4 3 -0.0395639 0.017649 -0.999061 -0.337714
6 5 3 -0.234764 0.668172 -0.705997 -1.67109
7 5 3 -0.218672 -0.503317 -0.835975 -0.492091
8 5 3 -0.0249599 0.358559 0.933173 0.653281
6 3 4 -0.316064 0.175711 -0.932325 -0.243945
7 3 4 -0.865284 -0.344944 0.363727 0.0171435
8 3 4 -0.500974 0.78324 -0.368185 -1.57958
6 4 4 -0.643436 0.385617 -0.661279 -0.792892
7 4 4 -0.528532 -0.647245 -0.549297 -1.25308
8 4 4 0.37215 0.792079 -0.483854 -0.943105
6 5 4 0.941424 0.14892 0.302562 0.629764
7 5 4 -0.788102 -0.145399 -0.598126 -0.14936
8 5 4 -0.0878505 0.277761 0.956625 -1.10996
6 3 5 0.379248 0.69032 -0.61614 -1.04518
7 3 5 0.707359 0.251259 -0.660691 0.160359
8 3 5 -0.628617 0.654414 -0.420218 -0.424191
6 4 5 0.234046 -0.0198722 -0.972022 -0.418306
7 4 5 -0.836479 0.495811 -0.233398 -0.536791
8 4 5 0.516756 0.80703 -0.285772 -0.953964
6 5 5 0.406746 0.907704 0.103105 -0.118492
7 5 5 -0.189887 0.853715 0.484885 -0.846137
8 5 5 0.0157387 0.0304885 0.999411 -0.177135
0 6 3 0.0938317 0.357144 -0.929324 -1.85624
1 6 3 -0.820061 -0.30291 0.485537 -0.0691288
2 6 3 0.0952603 -0.201053 -0.974938 0.322554
0 7 3 -0.118043 0.474198 -0.872469 -1.64448
1 7 3 -0.502083 0.418701 -0.756705 -1.43288
2 7 3 0.0432746 -0.00202469 -0.999061 -0.363771
0 8 3 0.166323 -0.688407 -0.705997 0.259352
1 8 3 -0.530301 0.14116 -0.835975 -0.403852
2 8 3 0.152403 0.325516 0.933173 0.845296
0 6 4 -0.0101599 -0.36148 -0.932325 -0.357942
1 6 4 -0.64971 -0.667518 0.363727 -0.802809
2 6 4 -0.913455 -0.17332 -0.368185 0.113866
0 7 4 -0.285163 0.693824 -0.661279 -1.63423
1 7 4 -0.388003 0.459855 -0.798741 -0.695633
2 7 4 0.867987 0.111732 -0.483854 -0.675867
0 8 4 -0.924409 0.232217 0.302562 0.50273
1 8 4 0.402241 -0.693143 -0.598126 0.802679
2 8 4 -0.174947 0.232943 0.956625 -0.140096
0 6 5 -0.181257 -0.766496 -0.61614 -0.738009
1 6 5 -0.244356 -0.709773 -0.660691 -0.501431
2 6 5 0.655823 0.45453 -0.602742 0.39337
0 7 5 -0.609695 0.701888 0.368273 -0.043246
1 7 5 0.682764 -0.692358 -0.233398 0.279755
2 7 5 0.94535 -0.156998 -0.285772 -1.17965
0 8 5 -0.0565757 0.428528 -0.901755 -0.28771
1 8 5 -0.0142803 0.237809 0.971207 1.31843
2 8 5 -0.0292114 -0.0179987 0.999411 -0.123964
3 6 3 0.320347 -0.930412 -0.178075 -0.517083
4 6 3 -0.855077 0.181927 0.485537 0.53036
5 6 3 -0.358842 0.234463 -0.903471 -1.97789
3 7 3 0.013954 0.10111 0.994777 1.08784
4 7 3 0.859408 -0.409568 0.306058 0.80166
5 7 3 -0.0222821 0.0371524 -0.999061 -0.68868
3 8 3 -0.664076 -0.246111 -0.705997 0.68503
4 8 3 0.54479 0.0659455 -0.835975 0.302579
5 8 3 0.0745757 -0.162039 -0.983962 -1.81551
3 6 4 -0.189789 -0.58009 -0.792134 -1.15158
4 6 4 -0.926781 0.0936953 0.363727 -0.491928
5 6 4 -0.929749 -0.0024647 -0.368185 -0.815839
3 7 4 0.748061 -0.0558067 -0.661279 -0.130341
4 7 4 -0.53817 -0.269045 -0.798741 0.404311
5 7 4 -0.500384 -0.717984 -0.483854 -1.10748
3 8 4 -0.407356 -0.861695 0.302562 0.0449596
4 8 4 -0.1632 -0.0507794 0.985285 -0.7769
5 8 4 0.106553 0.271137 0.956625 0.053793
3 6 5 -0.757688 -0.215129 -0.61614 -0.668306
4 6 5 -0.572149 -0.485936 -0.660691 0.457267
5 6 5 0.399108 0.690952 -0.602742 0.460668
3 7 5 0.108924 0.923315 0.368273 -0.1288
4 7 5 -0.0208508 -0.0303445 0.999322 0.0981387
5 7 5 -0.843269 0.447015 0.298454 -0.503941
3 8 5 -0.786552 0.608855 0.103105 -0.425252
4 8 5 0.0121064 0.237929 0.971207 -0.655286
5 8 5 -0.00748537 0.0334848 0.999411 -1.40485
6 6 3 -0.058162 0.364656 -0.929324 -1.71957
7 6 3 0.373005 0.0386892 -0.927023 -0.234499
8 6 3 0.0505703 0.216655 -0.974938 -0.288142
6 7 3 -0.0945119 -0.0385422 0.994777 1.92337
7 7 3 -0.845504 0.437552 0.306058 -0.11022
8 7 3 -0.0424652 0.00857299 -0.999061 -0.217239
6 8 3 -0.521544 -0.479124 -0.705997 -0.0479822
7 8 3 -0.382076 0.393908 -0.835975 0.219727
8 8 3 -0.240912 0.266737 0.933173 0.79627
6 6 4 0.0194994 -0.361096 -0.932325 -1.14339
7 6 4 -0.673144 -0.643879 0.363727 0.147016
8 6 4 -0.284754 0.375992 0.881785 0.643666
6 7 4 -0.584259 -0.494805 -0.64328 -0.695312
7 7 4 -0.537877 -0.269631 -0.798741 -0.628228
8 7 4 -0.79579 -0.364148 -0.483854 -0.709714
6 8 4 0.735202 0.659378 -0.157156 -0.119757
7 8 4 -0.170212 0.0155215 0.985285 -0.237452
8 8 4 0.106804 -0.271038 0.956625 -0.611242
6 6 5 -0.430937 -0.659291 -0.61614 -0.137752
7 6 5 -0.335559 0.671482 -0.660691 -0.576161
8 6 5 -0.786664 -0.133648 -0.602742 -0.579439
6 7 5 -0.691186 0.621801 0.368273 -0.57735
7 7 5 0.578503 0.781575 -0.233398 0.271235
8 7 5 -0.888756 0.347904 0.298454 -0.926797
6 8 5 0.46225 0.880735 0.103105 -0.709939
7 8 5 -0.240898 0.840747 0.484885 -1.44321
8 8 5 -0.23045 0.708049 0.667502 -0.216261
0 0 6 -0.36775 0.033415 -0.929324 -1.89589
1 0 6 0.0555639 -0.983634 0.171395 0.624553
2 0 6 -0.110091 0.19333 -0.974938 -1.86192
0 1 6 0.0868701 -0.0649901 -0.994098 -2.56139
1 1 6 -0.536993 -0.372876 -0.756705 -2.12724
2 1 6 0.0311326 -0.0301256 -0.999061 -2.21792
0 2 6 0.67776 -0.205449 -0.705997 -1.61509
1 2 6 -0.548663 -0.0106886 -0.835975 -0.972458
2 2 6 -0.176822 0.0234997 -0.983962 -0.932305
0 0 7 -0.327399 0.153561 -0.932325 -1.47453
1 0 7 -0.449905 -0.339184 -0.82616 -1.60755
2 0 7 -0.313241 0.875397 -0.368185 -0.565723
0 1 7 -0.248577 -0.707756 -0.661279 -0.164311
1 1 7 -0.363497 -0.752424 -0.549297 -1.56097
2 1 7 -0.0747531 0.87195 -0.483854 -0.568345
0 2 7 0.92938 -0.211445 0.302562 0.50462
1 2 7 -0.747849 0.288042 -0.598126 0.735455
2 2 7 0.0609899 0.284867 0.956625 0.431797
0 0 8 0.747857 0.247145 -0.61614 -0.951912
1 0 8 -0.27422 0.698779 -0.660691 -0.623651
2 0 8 -0.41742 -0.680046 -0.602742 -0.58012
0 1 8 -0.415094 0.831909 0.368273 -0.166733
1 1 8 -0.944146 0.232623 -0.233398 -0.664206
2 1 8 -0.765578 -0.576389 -0.285772 0.0169879
0 2 8 0.081473 0.991328 0.103105 -0.0579861
1 2 8 -0.214525 -0.103615 0.971207 -1.00054
2 2 8 0.366323 -0.0561964 0.928789 -0.756504
3 0 6 -0.366487 0.0452119 -0.929324 -1.60375
4 0 6 0.722843 -0.491682 0.485537 0.16224
5 0 6 -0.0129814 -0.2221 -0.974938 0.227932
3 1 6 0.154617 0.463564 -0.872469 -2.13884
4 1 6 0.592268 0.276798 -0.756705 -1.96592
5 1 6 -0.0384217 -0.0200141 -0.999061 0.178996
3 2 6 -0.640824 -0.301517 -0.705997 -1.29966
4 2 6 0.572129 0.232494 -0.786521 -0.541335
5 2 6 -0.139949 -0.331061 0.933173 0.763248
3 0 7 0.287721 -0.21906 -0.932325 -0.915851
4 0 7 -0.0312604 -0.930981 0.363727 -0.287489
5 0 7 0.350123 0.316019 0.881785 0.98189
3 1 7 -0.733352 0.219967 -0.64328 -0.839444
4 1 7 0.536045 -0.273255 -0.798741 -0.778136
5 1 7 -0.83497 0.0153773 0.55008 0.969264
3 2 7 -0.92896 -0.213285 0.302562 0.202846
4 2 7 0.574933 -0.558299 -0.598126 -0.775542
5 2 7 -0.240944 0.163752 0.956625 0.432216
3 0 8 -0.0871281 -0.153689 -0.98427 -1.30435
4 0 8 -0.649641 -0.376105 -0.660691 0.133466
5 0 8 0.0127906 -0.434913 -0.900382 -0.443453
3 1 8 0.319555 0.838378 0.441596 0.356425
4 1 8 0.905594 0.354154 -0.233398 -0.736508
5 1 8 -0.138515 -0.0838625 -0.986803 -0.788062
3 2 8 0.870814 0.480679 0.103105 -0.159923
4 2 8 0.023717 -0.0255649 -0.999392 -1.68177
5 2 8 0.0981537 -0.558528 -0.823658 -1.68524
6 0 6 -0.391501 -0.902782 -0.178075 -0.792268
7 0 6 0.35182 -0.129815 -0.927023 -0.606099
8 0 6 0.198589 -0.100294 -0.974938 -2.38762
6 1 6 -0.00333323 -0.102014 0.994777 0.552443
7 1 6 0.0545509 -0.0851723 0.994872 1.36018
8 1 6 0.0409084 0.0142582 -0.999061 -1.26313
6 2 6 -0.698378 0.117627 -0.705997 -0.0173687
7 2 6 0.429715 0.341307 -0.835975 -0.448217
8 2 6 -0.0210212 0.177134 -0.983962 -0.823624
6 0 7 -0.224029 -0.283869 -0.932325 -0.375113
7 0 7 -0.0680827 -0.929014 0.363727 0.632724
8 0 7 0.109209 0.923317 -0.368185 -0.222021
6 1 7 0.7333 0.158055 -0.661279 0.169605
7 1 7 0.0514873 -0.599468 -0.798741 -0.368017
8 1 7 0.16386 0.818878 0.55008 0.346446
6 2 7 -0.526972 -0.843837 -0.101187 -0.442799
7 2 7 -0.657888 -0.457634 -0.598126 -0.188719
8 2 7 -0.203717 0.208251 0.956625 0.404085
6 0 8 0.277379 0.737178 -0.61614 -1.78028
7 0 8 0.155387 0.181949 -0.970953 -1.44555
8 0 8 0.335839 -0.276631 -0.900382 -0.501569
6 1 8 0.229706 0.0490664 -0.972022 -2.5381
7 1 8 0.131755 -0.123588 -0.983548 -0.985637
8 1 8 -0.65191 0.378087 0.657315 -0.413424
6 2 8 -0.142457 -0.408097 -0.901755 -1.22654
7 2 8 0.232648 0.0512994 0.971207 0.862849
8 2 8 0.149404 -0.339159 0.928789 -0.804529
0 3 6 -0.0829753 -0.980512 -0.178075 0.138879
1 3 6 -0.156295 0.860131 0.485537 0.312839
2 3 6 -0.174179 0.138414 -0.974938 -1.59012
0 4 6 0.0258831 0.0987323 0.994777 0.524776
1 4 6 -0.0978311 -0.0256748 0.994872 -0.107136
2 4 6 0.0179077 -0.0394475 -0.999061 0.52009
0 5 6 -0.316456 0.634065 0.705561 -0.765288
1 5 6 0.20266 0.377106 0.903726 -1.61127
2 5 6 -0.227188 -0.278519 0.933173 -0.412262
0 3 7 0.187005 0.309516 -0.932325 -0.182785
1 3 7 0.930146 0.0503068 0.363727 0.374231
2 3 7 0.697858 0.614357 -0.368185 -1.13612
0 4 7 0.7459 0.386511 -0.542442 -0.912771
1 4 7 -0.469372 0.376433 -0.798741 0.177565
2 4 7 0.833411 0.267042 -0.483854 0.152538
0 5 7 0.944421 0.128555 0.302562 -0.911317
1 5 7 0.662674 0.450677 -0.598126 0.19384
2 5 7 -0.208239 -0.203729 0.956625 -0.20677
0 3 8 0.142317 -0.680693 0.718612 0.133371
1 3 8 0.0714754 -0.0840456 0.993895 -0.70511
2 3 8 -0.168524 0.401139 -0.900382 0.300561
0 4 8 0.423384 -0.82772 0.368273 -0.0965241
1 4 8 -0.816345 -0.528305 -0.233398 -0.783472
2 4 8 -0.269944 -0.70361 0.657315 0.911002
0 5 8 0.713629 0.692894 0.103105 -0.173377
1 5 8 0.02324 0.0259993 -0.999392 -0.678261
2 5 8 0.199388 0.312402 0.928789 0.775823
3 3 6 0.509973 -0.236937 -0.826915 -0.89119
4 3 6 0.135688 -0.349597 -0.927023 -2.30533
5 3 6 -0.135184 -0.176697 -0.974938 -0.552702
3 4 6 -0.0972291 0.0310566 0.994777 1.58508
4 4 6 -0.030965 -0.949689 -0.31166 -0.350467
5 4 6 -0.0277334 0.0332814 -0.999061 -0.415149
3 5 6 -0.476848 -0.523626 -0.705997 -0.325845
4 5 6 0.321841 -0.444482 -0.835975 -0.418764
5 5 6 0.346975 0.0937847 0.933173 0.675288
3 3 7 -0.359347 0.0405082 -0.932325 -1.66294
4 3 7 -0.221981 -0.517866 -0.82616 -2.25211
5 3 7 0.242964 -0.897446 -0.368185 -0.34883
3 4 7 -0.840075 -0.00555077 -0.542442 -0.774077
4 4 7 -0.207939 0.564601 -0.798741 -0.92189
5 4 7 -0.610072 0.627453 -0.483854 -0.294949
3 5 7 -0.881741 0.361924 0.302562 0.520659
4 5 7 0.57273 -0.560559 -0.598126 -0.26365
5 5 7 0.151725 0.248694 0.956625 0.683366
3 3 8 -0.768836 0.171062 -0.61614 -1.53908
4 3 8 -0.639357 -0.393332 -0.660691 -1.47033
5 3 8 -0.43271 -0.0455534 -0.900382 -1.3496
3 4 8 -0.722989 0.584518 0.368273 0.285226
4 4 8 0.946093 0.224573 -0.233398 0.523457
5 4 8 -0.0402227 0.752541 0.657315 1.02758
3 5 8 0.422312 -0.900567 0.103105 1.14796
4 5 8 -0.246292 -0.116956 -0.962113 -1.4377
5 5 8 -0.334248 0.458111 -0.823658 -0.323393
6 3 6 -0.349966 -0.919681 -0.178075 -0.00923743
7 3 6 -0.327999 0.181785 -0.927023 -1.5449
8 3 6 -0.0920501 -0.202543 -0.974938 -2.25378
6 4 6 -0.612818 0.377976 -0.693965 -1.17539
7 4 6 -0.111122 0.644244 -0.756705 -2.28237
8 4 6 0.0159144 0.0402929 -0.999061 -1.3259
6 5 6 0.539578 -0.45872 -0.705997 0.0633458
7 5 6 -0.433327 0.33671 -0.835975 -1.29338
8 5 6 -0.157924 -0.0829352 -0.983962 -0.096613
6 3 7 0.327301 0.153769 -0.932325 -0.1853
7 3 7 -0.759891 0.538765 0.363727 0.442914
8 3 7 -0.354226 0.132506 -0.925725 -0.170324
6 4 7 -0.243607 -0.803998 -0.542442 -0.957574
7 4 7 0.601573 -0.0110383 -0.798741 -0.139337
8 4 7 0.869776 -0.0968213 -0.483854 -0.813981
6 5 7 -0.610728 -0.731757 0.302562 -0.947294
7 5 7 -0.769969 0.222247 -0.598126 0.381669
8 5 7 0.290109 -0.0265657 0.956625 0.422355
6 3 8 0.117159 -0.778874 -0.61614 -1.34759
7 3 8 -0.06201 -0.0912533 0.993895 -0.785618
8 3 8 0.259921 0.416974 0.870961 -0.475134
6 4 8 -0.0638304 -0.927524 0.368273 -0.918015
7 4 8 0.0021041 -0.0367576 0.999322 -0.847877
8 4 8 0.0246684 -0.0157368 0.999572 -1.77938
6 5 8 0.27329 -0.95639 0.103105 -0.500223
7 5 8 -0.205863 -0.119904 0.971207 0.0180389
8 5 8 0.114178 0.352582 0.928789 -0.549006
0 6 6 -0.720257 -0.326427 0.612108 -0.992164
1 6 6 -0.851349 0.19864 0.485537 -0.813732
2 6 6 -0.723313 -0.219839 -0.654591 -0.696762
0 7 6 -0.0213619 0.0998082 0.994777 0.704205
1 7 6 0.54304 0.779728 -0.31166 -0.120564
2 7 6 0.0141914 -0.0409316 -0.999061 -0.890631
0 8 6 0.594092 0.583752 -0.553433 -1.3229
1 8 6 0.0997921 0.539617 -0.835975 -0.666135
2 8 6 0.00337711 0.178345 -0.983962 -0.800245
0 6 7 -0.879428 -0.42122 0.221766 -0.766904
1 6 7 -0.926959 -0.0919257 0.363727 -1.03292
2 6 7 -0.925584 0.0879403 -0.368185 -1.41639
0 7 7 -0.306799 -0.782069 -0.542442 -0.147206
1 7 7 -0.596529 0.0785212 -0.798741 -1.43436
2 7 7 -0.653954 0.581575 -0.483854 -1.07018
0 8 7 0.691334 0.656136 0.302562 -0.217986
1 8 7 0.23724 -0.765482 -0.598126 0.172567
2 8 7 -0.252755 -0.144859 0.956625 0.818166
0 6 8 -0.529224 0.583346 -0.61614 -0.235774
1 6 8 -0.323909 -0.677178 -0.660691 -1.43266
2 6 8 -0.0628778 0.430533 -0.900382 -0.519993
0 7 8 0.68365 -0.630077 0.368273 0.102489
1 7 8 -0.177736 0.0323045 -0.983548 0.0787696
2 7 8 0.0223243 0.0189157 0.999572 0.0884309
0 8 8 0.925714 0.3639 0.103105 -1.61857
1 8 8 0.133778 -0.19713 0.971207 1.00417
2 8 8 0.295074 -0.224236 0.928789 -0.731683
3 6 6 0.211137 -0.961099 -0.178075 -0.635327
4 6 6 0.764383 -0.424231 0.485537 -0.371355
5 6 6 -0.171931 -0.141196 -0.974938 -0.401062
3 7 6 0.0754578 -0.0687323 0.994777 1.23287
4 7 6 0.185725 -0.931866 -0.31166 -0.89973
5 7 6 -0.0148492 -0.0406975 -0.999061 0.173736
3 8 6 -0.0374377 -0.707224 -0.705997 -0.318561
4 8 6 0.269589 -0.477982 -0.835975 -0.54021
5 8 6 0.334996 -0.13025 0.933173 0.847203
3 6 7 0.280154 0.228658 -0.932325 -0.607411
4 6 7 0.807103 -0.465067 0.363727 0.00889666
5 6 7 -0.928358 -0.0509126 -0.368185 0.2159
3 7 7 -0.164904 0.747661 -0.64328 -1.02294
4 7 7 -0.0485161 -0.599715 -0.798741 -1.06415
5 7 7 0.804962 0.343396 -0.483854 0.480349
3 8 7 -0.589354 0.792441 -0.157156 0.263172
4 8 7 0.737684 -0.313158 -0.598126 -0.419959
5 8 7 -0.284998 0.0603748 0.956625 -0.505463
3 6 8 -0.0163758 0.175908 -0.98427 -1.66069
4 6 8 -0.11464 -0.210019 -0.970953 -1.90366
5 6 8 0.202857 -0.384918 -0.900382 -1.26134
3 7 8 -0.710539 0.547839 0.441596 -0.431463
4 7 8 -0.896517 -0.37654 -0.233398 -0.601156
5 7 8 -0.023532 -0.0173903 0.999572 0.695069
3 8 8 0.790499 0.603722 0.103105 0.306277
4 8 8 -0.0449066 -0.487523 -0.871955 -0.707043
5 8 8 -0.258093 0.265967 0.928789 0.141213
6 6 6 0.0561786 -0.982412 -0.178075 -0.386646
7 6 6 0.424278 0.764357 0.485537 0.777045
8 6 6 0.222385 -0.0064681 -0.974938 -0.853421
6 7 6 -0.006614 0.101854 0.994777 1.28755
7 7 6 -0.308323 -0.89878 -0.31166 0.686606
8 7 6 -0.0312996 0.0299521 -0.999061 -0.796718
6 8 6 -0.410424 0.577165 -0.705997 0.215252
7 8 6 0.0743823 0.543703 -0.835975 -1.22867
8 8 6 0.164109 -0.0699031 -0.983962 -1.29112
6 6 7 -0.9275 -0.300938 0.221766 -0.275909
7 6 7 0.699943 0.614639 0.363727 0.751626
8 6 7 0.352864 -0.86019 -0.368185 -0.263319
6 7 7 -0.454816 0.596534 -0.661279 -0.0756376
7 7 7 0.144484 -0.584069 -0.798741 -1.08972
8 7 7 -0.866635 -0.121773 -0.483854 -0.0237063
6 8 7 -0.817393 -0.554229 -0.157156 -0.674153
7 8 7 0.486929 -0.636511 -0.598126 -1.31579
8 8 7 0.951886 -0.00688104 0.306374 -0.184125
6 6 8 0.660918 -0.428438 -0.61614 -0.781006
7 6 8 0.615988 -0.429007 -0.660691 -0.456564
8 6 8 -0.203719 -0.384462 -0.900382 -0.352501
6 7 8 -0.929443 -0.0226177 0.368273 -0.710358
7 7 8 -0.590558 -0.772507 -0.233398 -1.05936
8 7 8 -0.0203561 0.0210192 0.999572 -0.244842
6 8 8 -0.895638 0.432667 0.103105 -1.02046
7 8 8 -0.0838515 -0.482352 -0.871955 -0.0907647
8 8 8 0.228768 0.291574 0.928789 -0.465661
