Position_x Position_y Position_z Spin_x Spin_y Spin_z Spin_energy Temperature n_spins
0 0 0 -0.627594 0.720787 0.294265 0.540679 1.101 729
0 0 10 -0.60813 -0.003087 0.793832 -0.794402
0 0 20 0.510339 0.764966 0.392915 -1.12375
0 0 30 -0.416775 0.0461228 0.907839 -0.752745
0 0 40 -0.0379648 -0.982341 -0.183209 -0.471678
0 0 50 -0.335796 0.0252781 0.941595 -0.919924
0 0 60 -0.0372755 -0.0808425 0.99603 -0.860009
0 0 70 0.641354 0.509556 -0.573601 0.759656
0 0 80 0.654362 -0.754751 0.0464757 1.07387
0 0 90 -0.861413 0.414914 -0.292941 0.5404
0 10 0 0.596741 -0.264778 0.757491 -0.311492
0 10 10 0.516433 0.423903 -0.744045 1.1935
0 10 20 -0.484312 -0.519107 0.704251 -0.19282
0 10 30 0.0674304 0.0504261 -0.996449 2.67015
0 10 40 -0.300452 0.57511 0.760905 -1.10594
0 10 50 0.773128 -0.318394 0.548542 -0.789262
0 10 60 0.769999 0.58231 -0.2608 0.454097
0 10 70 -0.759588 0.242956 0.603323 -0.855573
0 10 80 0.234231 0.944612 0.229879 -0.557286
0 10 90 0.21283 0.201313 0.956126 -0.770976
0 20 0 -0.800606 0.287201 0.525877 -1.07973
0 20 10 0.039755 -0.0343161 0.99862 -1.06597
0 20 20 -0.959094 -0.12348 0.254738 -1.35655
0 20 30 -0.68137 0.296038 0.669401 -1.05984
0 20 40 -0.0638337 0.791843 0.607379 -0.720585
0 20 50 0.0496579 -0.00292702 0.998762 -2.09691
0 20 60 0.0253068 -0.0872927 0.995861 -1.35455
0 20 70 0.104318 0.588805 0.801515 -0.885293
0 20 80 0.37915 -0.922963 -0.0662134 0.957876
0 20 90 0.491031 -0.027222 0.870717 -0.790338
0 30 0 -0.541578 -0.406781 -0.735678 1.06708
0 30 10 -0.966194 -0.13127 0.221897 -1.12089
0 30 20 -0.570367 -0.608784 -0.55142 0.357665
0 30 30 -0.870822 0.439213 0.220819 -0.987089
0 30 40 0.00284463 0.0123659 0.999919 -1.48474
0 30 50 -0.0115951 -0.345352 0.938402 -1.8575
0 30 60 0.109659 -0.0526028 0.992576 -1.54751
0 30 70 -0.245792 0.124584 0.961283 -2.16808
0 30 80 -0.339273 0.66826 0.662059 -0.790933
0 30 90 0.013843 -0.108219 0.994031 -1.22328
0 40 0 0.7447 -0.155851 0.648947 -0.766859
0 40 10 -0.389777 -0.0689685 0.918323 -1.93632
0 40 20 -0.224067 -0.367121 0.902782 -2.12474
0 40 30 -0.365901 0.221628 0.903879 -2.54648
0 40 40 0.0757309 0.0475426 0.995994 -2.12624
0 40 50 0.0206493 -0.970917 0.238526 -0.818983
0 40 60 0.865681 -0.476677 -0.152891 0.108845
0 40 70 -0.329623 -0.920456 0.210023 -0.269892
0 40 80 -0.189869 -0.154065 0.969646 -1.21857
0 40 90 -0.0514908 0.0351367 0.998055 -1.57401
0 50 0 -0.718366 0.490914 0.492903 -0.749955
0 50 10 0.0830476 -0.257017 0.962832 -0.0597408
0 50 20 0.497982 -0.183341 0.847585 -1.04706
0 50 30 0.749839 -0.420716 0.510626 -1.05498
0 50 40 0.752868 0.544555 0.369662 -1.47894
0 50 50 0.112068 0.204041 0.972527 -0.696301
0 50 60 -0.456861 0.0472078 0.888285 -1.45347
0 50 70 0.796918 -0.452201 0.400543 -0.188805
0 50 80 0.424299 0.718885 -0.550613 -0.0826365
0 50 90 -0.845372 0.526813 0.0884014 -0.676794
0 60 0 -0.738583 -0.327862 -0.589068 -0.141821
0 60 10 -0.503344 -0.611218 0.610785 -1.30924
0 60 20 0.191123 0.308418 0.931853 -1.62632
0 60 30 -0.788376 -0.536721 0.300655 -0.0249966
0 60 40 -0.19513 -0.731645 0.653161 -0.987589
0 60 50 -0.035334 0.0485699 0.998195 -1.36872
0 60 60 0.852969 0.438362 -0.283341 -0.618187
0 60 70 -0.0399481 0.739129 0.672378 -1.49898
0 60 80 -0.161843 0.379538 0.91091 -0.976033
0 60 90 0.392626 0.396935 0.829631 -2.16294
0 70 0 -0.0675466 -0.0152579 0.997599 -1.23919
0 70 10 0.278476 -0.783368 -0.555686 0.00951496
0 70 20 -0.650326 -0.413774 0.637077 -0.50985
0 70 30 0.0519764 0.763979 0.643144 -1.30387
0 70 40 0.426476 0.35962 0.829935 -2.09818
0 70 50 0.891693 0.428323 0.146364 -1.50572
0 70 60 -0.282663 0.218605 0.933977 -2.15268
0 70 70 0.274717 0.195393 0.941463 -1.19406
0 70 80 -0.0692288 0.427775 0.90123 -2.50413
0 70 90 -0.104838 -0.371245 0.922597 -1.5971
0 80 0 -0.116332 -0.0745236 0.990411 -1.95832
0 80 10 -0.60736 -0.313375 0.730007 -1.8244
0 80 20 0.110149 0.304531 0.946112 -0.454174
0 80 30 0.754264 0.65589 -0.0298947 -1.08482
0 80 40 -0.297795 0.321255 0.898951 -1.50849
0 80 50 0.782664 -0.0632295 0.619225 -1.33056
0 80 60 -0.190821 0.084579 0.977974 -2.3225
0 80 70 0.0789054 -0.317115 0.945099 -2.56234
0 80 80 0.139674 -0.15837 0.977451 -2.23444
0 80 90 0.189964 -0.486498 0.85278 -1.71318
0 90 0 0.332531 0.589636 -0.736039 0.751711
0 90 10 -0.206962 0.168582 -0.963715 -0.3669
0 90 20 -0.501805 0.809795 0.304012 -0.0213944
0 90 30 0.610217 0.65896 -0.43978 0.837769
0 90 40 -0.0289704 -0.00640888 0.99956 -1.33093
0 90 50 0.319956 -0.106159 0.941466 -2.30527
0 90 60 0.0970298 0.626681 0.773211 -1.29938
0 90 70 0.0242709 -0.168976 0.985321 -1.6498
0 90 80 -0.720553 -0.192729 0.666077 -0.462592
0 90 90 0.401191 -0.703881 -0.586172 1.14184
10 0 0 0.826129 0.550095 0.122092 -0.248066
10 0 10 -0.430998 0.183691 0.883458 -1.44578
10 0 20 -0.159716 0.337561 0.927655 -2.33648
10 0 30 0.503278 -0.329872 0.798684 -1.52315
10 0 40 0.605363 0.754524 0.253434 -1.22437
10 0 50 -0.327443 0.906925 0.265082 -0.734148
10 0 60 0.228861 0.29534 0.927576 -0.696628
10 0 70 -0.113566 0.390085 0.913748 -0.552143
10 0 80 0.330944 -0.446167 0.831511 -0.862358
10 0 90 0.266154 -0.0825888 0.960386 -1.71892
10 10 0 -0.0208101 -0.0993844 0.994831 -2.27579
10 10 10 -0.304453 0.366729 0.879101 -1.1795
10 10 20 0.865419 0.380531 0.325955 -1.43496
10 10 30 0.970352 -0.225855 -0.0860547 0.0680204
10 10 40 -0.065334 0.0674622 -0.99558 -0.152251
10 10 50 0.523248 0.448487 -0.724618 0.716918
10 10 60 -0.540039 -0.83416 -0.111961 0.228377
10 10 70 -0.229307 0.363637 0.902877 -1.45142
10 10 80 -0.00901655 -0.108407 0.994066 -1.92814
10 10 90 0.886926 0.461282 -0.024121 -0.042973
10 20 0 0.00854445 0.0996899 0.994982 -1.7304
10 20 10 -0.0141126 0.00666945 0.999878 -1.1084
10 20 20 0.0715858 0.175142 -0.981937 -0.0254416
10 20 30 0.2639 0.852306 0.451588 -0.712246
10 20 40 -0.251431 0.198467 0.947309 -1.23415
10 20 50 0.303109 -0.0605189 0.951032 -2.19213
10 20 60 -0.457665 0.0387348 0.888281 -1.3328
10 20 70 0.0054165 0.143013 -0.989706 0.559149
10 20 80 0.0359867 -0.00115217 -0.999352 1.26544
10 20 90 0.0949415 0.843657 0.528421 -1.18778
10 30 0 -0.178726 0.175156 0.968183 -0.295928
10 30 10 -0.838709 0.114211 0.532468 -0.14551
10 30 20 0.736753 0.646963 0.196553 -0.934151
10 30 30 0.456849 0.436879 0.774872 -1.74699
10 30 40 0.672184 0.536996 -0.50971 0.313705
10 30 50 0.160161 0.10783 -0.981184 -1.75981
10 30 60 0.287703 0.889352 0.35536 -0.642305
10 30 70 -0.266648 0.219919 0.938368 -2.14168
10 30 80 -0.204671 -0.0790864 0.975631 -1.65928
10 30 90 0.240729 0.400771 0.883986 -1.81349
10 40 0 -0.160995 0.726766 0.667752 -1.90224
10 40 10 -0.789726 0.601753 -0.11927 0.416365
10 40 20 0.642541 -0.0255968 0.765824 -1.17808
10 40 30 0.729777 0.231392 0.643338 -1.22149
10 40 40 0.129469 0.432959 0.892068 -1.80143
10 40 50 -0.909452 0.340645 0.238449 -0.410763
10 40 60 0.131299 0.149962 -0.979935 0.840563
10 40 70 0.999573 0.00715918 -0.0283294 -1.15607
10 40 80 0.662822 0.696126 0.275818 -0.67071
10 40 90 0.727458 -0.494492 -0.475692 0.714505
10 50 0 0.0129283 0.0166686 0.999777 -1.98692
10 50 10 -0.389209 -0.423589 0.817978 -1.80901
10 50 20 -0.794795 -0.296187 0.529692 -1.74711
10 50 30 0.124431 -0.0461477 0.991155 -1.36395
10 50 40 -0.358135 0.798686 -0.48357 -0.83296
10 50 50 0.198617 0.936673 -0.288435 -0.834519
10 50 60 -0.950146 -0.301824 -0.0782619 0.419422
10 50 70 -0.754128 -0.64782 -0.1078 0.197459
10 50 80 0.0168058 -0.0869171 0.996074 -2.25782
10 50 90 0.261064 0.365327 0.893522 -1.9078
10 60 0 -0.0298289 -0.0855062 0.995891 -2.09359
10 60 10 0.591246 -0.136083 0.794927 -1.89704
10 60 20 -0.213549 0.553232 0.80519 -0.490935
10 60 30 -0.846884 0.486088 0.215653 -0.00231208
10 60 40 0.391708 0.313189 -0.865146 0.82471
10 60 50 -0.0513342 0.153963 0.986742 0.474396
10 60 60 0.192633 -0.627599 0.754329 -0.703655
10 60 70 0.192366 0.979227 0.0641034 -0.0396172
10 60 80 -0.717168 -0.277547 0.639248 -0.648323
10 60 90 -0.74516 0.223335 0.628377 -1.06721
10 70 0 -0.763688 -0.602464 0.231985 -0.108319
10 70 10 0.208043 -0.859479 0.46692 -0.377806
10 70 20 -0.818967 0.210358 -0.533894 1.11021
10 70 30 0.610574 -0.624901 -0.486517 1.26715
10 70 40 0.181761 -0.110105 0.977159 -1.70967
10 70 50 -0.573536 0.198324 0.794811 -1.21012
10 70 60 0.758431 -0.469354 0.452206 -0.938583
10 70 70 0.163805 0.884956 0.435914 -0.994463
10 70 80 0.816424 0.574195 0.0612504 0.0675685
10 70 90 0.502631 -0.616033 0.606519 -1.39439
10 80 0 -0.539878 -0.514076 0.666527 -1.04043
10 80 10 0.476944 -0.0972525 0.873537 -1.5379
10 80 20 -0.45546 -0.131579 0.880479 -1.65485
10 80 30 -0.665338 -0.706049 -0.24253 0.0879963
10 80 40 0.584828 -0.481791 0.652574 -0.295809
10 80 50 0.323837 0.210249 0.922456 -2.34173
10 80 60 0.306794 0.342666 0.887951 -1.44242
10 80 70 0.616008 -0.664557 0.422965 -0.436586
10 80 80 -0.0921974 0.821471 0.562748 -1.25122
10 80 90 0.154185 0.607038 0.779572 -1.9657
10 90 0 -0.0379094 -0.938307 0.343719 0.0110454
10 90 10 -0.799211 -0.0838893 -0.595167 -0.454574
10 90 20 0.0514201 -0.036491 0.99801 -0.791804
10 90 30 0.0794531 -0.0343766 0.996246 -1.62508
10 90 40 -0.225586 0.757232 -0.612952 0.14074
10 90 50 0.719273 0.395927 -0.570866 -0.461766
10 90 60 0.583032 0.489278 -0.648599 -0.391989
10 90 70 0.395409 0.0714686 0.91572 -1.29901
10 90 80 0.11927 0.402973 0.907407 -0.620754
10 90 90 0.607822 0.24723 -0.754605 0.382379
20 0 0 0.342409 0.768798 0.540098 -1.26345
20 0 10 0.0302809 -0.0275372 0.999162 -1.54696
20 0 20 -0.360521 0.28465 0.888256 -1.86114
20 0 30 -0.0604921 0.391039 0.918384 -1.08545
20 0 40 0.683531 0.381015 0.622586 -1.2567
20 0 50 -0.764773 -0.0220337 0.643924 -0.671599
20 0 60 -0.251185 -0.0980824 0.962957 -2.06227
20 0 70 0.321785 0.785009 0.529353 -1.7575
20 0 80 0.594006 0.657615 0.463357 -1.40726
20 0 90 0.294144 0.286711 -0.911743 1.13768
20 10 0 0.584605 0.697882 0.413761 -0.518646
20 10 10 0.321465 0.45246 0.83183 -1.66441
20 10 20 0.465016 0.189809 0.864715 -2.61654
20 10 30 0.0638065 -0.273169 0.959848 -1.86334
20 10 40 -0.427936 -0.015085 0.903683 -1.98521
20 10 50 -0.00959389 0.00153263 0.999953 -2.09452
20 10 60 -0.482368 -0.448048 0.752711 -1.66254
20 10 70 -0.0627177 -0.0282814 0.997631 -0.892731
20 10 80 0.131788 -0.443946 -0.886309 -0.0537868
20 10 90 -0.543643 0.385763 -0.745412 0.623362
20 20 0 0.19675 -0.0167843 0.98031 -1.16523
20 20 10 0.044974 -0.113118 0.992563 -1.40906
20 20 20 0.136448 0.29847 0.944615 -1.70875
20 20 30 0.0257482 0.316546 0.948228 -2.64691
20 20 40 0.746941 -0.333978 0.574924 -1.36586
20 20 50 0.0836427 -0.185262 0.979123 -1.35765
20 20 60 -0.323083 -0.265141 -0.90847 0.45902
20 20 70 -0.880277 -0.0479546 0.47203 -1.14084
20 20 80 0.169453 0.292849 0.941023 -0.294661
20 20 90 0.194683 0.248131 -0.948962 1.69407
20 30 0 -0.593017 0.157775 -0.789581 0.909897
20 30 10 0.490056 0.0601958 0.86961 -1.29419
20 30 20 -0.408794 0.384246 0.827794 -0.95989
20 30 30 0.467849 -0.812273 0.348323 -1.06444
20 30 40 0.303721 -0.473824 0.826586 -1.12651
20 30 50 0.110438 0.101775 0.988658 -1.82946
20 30 60 0.292507 0.388109 0.873963 -1.67163
20 30 70 -0.799536 0.313065 0.512574 -0.0371044
20 30 80 -0.666988 -0.526559 0.527127 -0.756339
20 30 90 0.833709 -0.368519 0.411245 -0.265165
20 40 0 0.0316646 -0.756647 0.653057 -1.1256
20 40 10 0.137904 0.054684 0.988935 -1.58372
20 40 20 -0.66496 0.228174 0.711171 -0.983036
20 40 30 -0.0747166 -0.841392 0.535236 -1.24284
20 40 40 0.242064 -0.272448 0.931223 -2.17882
20 40 50 -0.00635127 0.00569211 0.999964 -2.1582
20 40 60 -0.582005 0.75421 0.304034 -1.07561
20 40 70 -0.624279 0.264501 0.735061 -0.516669
20 40 80 -0.816655 -0.044363 -0.575419 0.717969
20 40 90 -0.23376 -0.231002 0.944454 -1.84086
20 50 0 0.343454 0.507614 0.790169 -1.59511
20 50 10 0.744219 0.306648 0.593384 -1.53873
20 50 20 -0.281399 0.103676 0.953974 -1.34442
20 50 30 0.486217 0.430603 0.760378 -1.97966
20 50 40 -0.202413 -0.0123127 0.979223 -1.09606
20 50 50 0.300641 0.728295 -0.615793 -0.232164
20 50 60 0.223089 -0.0795464 0.971547 -0.602901
20 50 70 -0.843751 0.0476481 0.534615 -0.82495
20 50 80 0.0818148 0.550767 -0.830639 -0.0922939
20 50 90 0.235319 0.192051 -0.952755 -0.36183
20 60 0 -0.00579653 -0.00386652 0.999976 0.0296535
20 60 10 0.729511 -0.627411 -0.272341 -0.0647447
20 60 20 0.726385 -0.52361 0.445194 -1.32989
20 60 30 0.33871 0.431309 0.83621 -1.19222
20 60 40 -0.621527 -0.635875 0.457566 -0.072692
20 60 50 0.350624 0.631665 0.691421 -0.859447
20 60 60 -0.40754 0.684169 0.604834 -0.761501
20 60 70 0.247953 -0.0407646 -0.967914 1.27245
20 60 80 -0.17934 0.983268 0.0319624 -0.643433
20 60 90 0.110235 -0.13166 -0.985147 1.30643
20 70 0 -0.37538 -0.816823 0.438053 -0.189773
20 70 10 0.0433773 0.978522 0.201528 -0.705409
20 70 20 -0.209831 0.145862 0.966796 -1.48933
20 70 30 -0.824002 0.554588 -0.115984 -0.227834
20 70 40 -0.0970378 0.532357 0.84094 -1.6574
20 70 50 0.0729123 0.191057 0.978867 -1.58621
20 70 60 0.349143 0.539666 0.766068 -2.10557
20 70 70 -0.131691 0.347204 0.928497 -0.814452
20 70 80 -0.50918 -0.43042 -0.745302 0.934756
20 70 90 -0.338497 0.783322 0.521369 -1.33162
20 80 0 0.011004 -0.482615 0.875763 -1.81504
20 80 10 -0.581141 -0.0346991 0.813063 -1.94391
20 80 20 -0.703575 -0.709188 -0.0451031 -0.36399
20 80 30 0.930153 0.00704366 0.367104 -0.0578791
20 80 40 0.722217 -0.549938 0.419488 -0.711587
20 80 50 -0.136047 -0.29102 0.946994 -2.33231
20 80 60 -0.687393 -0.0215927 0.725965 -0.895936
20 80 70 -0.0468292 0.0719894 0.996305 -2.24296
20 80 80 0.173813 -0.162921 0.971208 -2.47932
20 80 90 -0.497304 0.527613 0.688703 -0.690001
20 90 0 -0.736914 -0.557348 -0.38252 -0.307565
20 90 10 -0.485029 0.063113 0.872218 -1.0081
20 90 20 -0.765287 0.595652 -0.243998 0.928471
20 90 30 0.351089 -0.100418 0.930942 -0.486024
20 90 40 0.577795 0.629019 -0.520085 1.24362
20 90 50 0.306422 -0.34473 0.88728 -2.08852
20 90 60 -0.200875 -0.488518 0.849117 -1.76556
20 90 70 0.375917 -0.925296 0.0501411 -1.3666
20 90 80 -0.0040645 -0.0229186 0.999729 -1.52439
20 90 90 0.752551 -0.0690677 0.654902 -1.42623
30 0 0 0.327564 0.0271665 0.944439 -1.86184
30 0 10 0.39151 -0.215297 0.894632 -2.35269
30 0 20 0.0892618 -0.109372 0.989985 -1.58492
30 0 30 0.143738 -0.280955 0.948896 -1.73079
30 0 40 0.501998 -0.842368 -0.195995 -1.29262
30 0 50 0.5828 -0.799806 0.143716 -1.5844
30 0 60 -0.110359 -0.128963 0.985489 -1.07887
30 0 70 0.380769 -0.737214 -0.558149 -0.422242
30 0 80 0.864214 -0.462842 0.197259 -0.962859
30 0 90 -0.336115 -0.171337 0.926105 -1.1838
30 10 0 -0.494374 -0.565614 0.660057 -1.68912
30 10 10 0.112516 0.216901 0.969688 -1.51935
30 10 20 -0.30714 -0.712087 -0.631346 0.496378
30 10 30 0.0991622 -0.486771 0.867883 -0.932978
30 10 40 0.803198 0.589695 -0.0844622 -0.539794
30 10 50 0.62454 0.452385 0.63663 -1.13343
30 10 60 -0.00859102 0.0339715 0.999386 -1.70839
30 10 70 0.887848 -0.388717 -0.246221 0.00698635
30 10 80 -0.271129 -0.790359 0.549383 -0.956425
30 10 90 0.58684 0.781696 0.211114 -0.0863549
30 20 0 -0.296273 -0.0944061 0.950426 -1.25846
30 20 10 -0.0175557 0.0257811 0.999513 -1.7649
30 20 20 -0.608155 -0.765818 0.208975 0.996373
30 20 30 0.121899 0.530729 0.838729 -0.799351
30 20 40 0.377259 -0.390313 0.839841 -1.60839
30 20 50 -0.0738386 0.575037 0.814789 -0.138793
30 20 60 0.741692 0.35639 0.568225 -1.82888
30 20 70 0.593742 0.263517 0.760282 -2.34342
30 20 80 -0.0169071 0.407958 0.912844 -2.1986
30 20 90 -0.591151 0.492573 0.63868 -1.38366
30 30 0 0.773167 -0.2163 0.596177 -0.488359
30 30 10 -0.328989 -0.50899 0.795421 -0.188356
30 30 20 0.406978 0.884485 -0.228155 0.617112
30 30 30 -0.595447 0.393709 0.700311 -0.523384
30 30 40 0.450555 -0.11117 0.8858 -1.17277
30 30 50 0.324352 0.144792 0.934789 -1.95266
30 30 60 0.356572 0.059331 0.932382 -2.14135
30 30 70 0.299723 0.0449797 0.952965 -1.89208
30 30 80 0.318621 0.664109 0.676342 -2.18896
30 30 90 -0.0751624 0.417528 0.90555 -2.46148
30 40 0 0.431737 -0.0999225 0.896448 -2.00913
30 40 10 0.00414008 0.0411022 0.999146 -2.33773
30 40 20 -0.656075 0.728212 0.198173 -0.829318
30 40 30 -0.592025 -0.0834935 0.801583 -1.407
30 40 40 -0.793545 -0.607735 -0.0307373 -0.145911
30 40 50 0.140303 -0.0614823 0.988198 -1.23585
30 40 60 -0.0845896 -0.20548 0.974999 -2.16291
30 40 70 0.0899066 -0.0493959 0.994725 -2.50164
30 40 80 0.242782 0.453625 0.857486 -2.41264
30 40 90 0.052724 0.325173 0.944184 -2.53701
30 50 0 0.0746611 0.289339 0.954311 -2.00186
30 50 10 0.0364628 -0.830739 0.555466 -1.65005
30 50 20 -0.000125377 -0.00115138 0.999999 -1.67293
30 50 30 0.544752 0.0872435 0.834047 -1.3916
30 50 40 0.0179465 0.160451 0.986881 -1.38043
30 50 50 -0.118799 0.0178912 0.992757 -2.73488
30 50 60 0.200789 0.745316 0.635757 -1.73426
30 50 70 -0.175772 -0.182412 0.967383 -2.30634
30 50 80 -0.615212 0.366064 0.69822 -1.0079
30 50 90 0.110758 -0.30696 0.945255 -1.54835
30 60 0 0.614288 -0.491555 0.617271 -0.931325
30 60 10 0.396194 -0.876455 0.2736 -1.8035
30 60 20 -0.106702 -0.5059 0.855967 -2.29904
30 60 30 -0.220799 0.229764 0.947869 -1.71394
30 60 40 0.08753 0.0536789 0.994715 -2.57942
30 60 50 0.421293 -0.342222 0.839879 -2.57155
30 60 60 0.685529 -0.559337 0.466038 -0.634859
30 60 70 -0.470903 0.00903801 -0.882139 1.81499
30 60 80 0.539042 0.174227 -0.824062 -0.358093
30 60 90 0.241494 -0.0667579 0.968103 -1.10906
30 70 0 -0.176301 0.00560977 0.98432 -0.422556
30 70 10 0.540333 -0.76068 -0.359731 0.297552
30 70 20 -0.116921 -0.349876 0.929471 -1.72523
30 70 30 0.514891 -0.762419 0.391925 -1.66692
30 70 40 -0.457486 -0.768419 -0.447481 -0.30824
30 70 50 -0.377162 0.185858 0.907307 1.35317
30 70 60 0.94739 0.0911744 0.30682 0.0214971
30 70 70 -0.34172 0.364451 0.866258 -0.719715
30 70 80 0.454128 -0.802155 -0.387704 0.365335
30 70 90 0.671305 -0.252825 0.696727 -1.35144
30 80 0 -0.413465 -0.0984501 0.905182 -2.16731
30 80 10 -0.114505 -0.221112 0.968503 -1.77405
30 80 20 0.529517 -0.517733 0.671985 -1.46119
30 80 30 0.700534 -0.461666 -0.544166 0.293358
30 80 40 0.70713 -0.445901 0.548761 -0.730384
30 80 50 -0.304369 -0.893525 0.330111 -0.441397
30 80 60 0.767436 -0.321745 0.554547 -0.593039
30 80 70 -0.184604 0.0396215 0.982014 -1.88402
30 80 80 0.157994 -0.550691 0.81962 -1.17108
30 80 90 0.404543 0.387196 -0.828507 1.89763
30 90 0 0.412481 0.0665308 0.908533 -1.32264
30 90 10 -0.281342 0.141578 0.949106 -1.0233
30 90 20 -0.0126366 0.0708326 0.997408 -2.47665
30 90 30 0.369144 0.764969 0.527783 -1.21489
30 90 40 0.0184344 0.0187931 0.999653 -2.12327
30 90 50 0.321116 -0.711522 0.624997 -1.79105
30 90 60 0.258841 -0.953885 -0.152002 -0.401657
30 90 70 0.320826 -0.640571 0.697667 -0.69673
30 90 80 -0.781031 0.136922 0.609297 -1.26722
30 90 90 -0.837758 -0.117989 0.533142 -1.49816
40 0 0 0.00477424 -0.0293828 0.999557 -2.56585
40 0 10 0.353145 0.436358 0.827575 -1.70621
40 0 20 0.28214 0.183981 0.941567 -2.59522
40 0 30 -0.337356 0.258368 0.905228 -1.94697
40 0 40 0.752384 0.122674 0.647201 -1.55631
40 0 50 -0.187707 0.303533 0.934149 -1.90918
40 0 60 -0.891122 0.418683 0.174944 -1.34205
40 0 70 0.0638842 0.915018 0.398322 -0.773641
40 0 80 0.000371564 -0.084161 0.996452 0.149513
40 0 90 -0.0648089 -0.069436 -0.995479 2.02771
40 10 0 -0.347287 0.352567 0.868958 -0.525383
40 10 10 0.373088 -0.412254 0.831175 -2.06247
40 10 20 0.0322704 0.278246 0.959968 -2.38513
40 10 30 -0.826489 0.268385 0.49486 -0.975699
40 10 40 0.077235 0.30637 0.948774 -1.22678
40 10 50 -0.590156 -0.614418 0.523646 -0.714934
40 10 60 -0.598568 0.695726 0.397091 -1.02993
40 10 70 -0.962114 0.272405 -0.0114844 -1.11898
40 10 80 -0.7109 -0.686024 -0.154898 -0.0955083
40 10 90 -0.169241 0.0807537 0.982261 -2.28097
40 20 0 0.116512 -0.0104897 0.993134 -2.5362
40 20 10 0.085545 -0.00245134 0.996331 -2.47738
40 20 20 -0.418332 -0.0237662 0.907983 -2.44416
40 20 30 -0.43728 0.0122364 0.899242 -1.82724
40 20 40 -0.36203 -0.0386593 -0.931365 -0.316678
40 20 50 -0.668444 -0.741303 -0.0604407 -0.785959
40 20 60 -0.682015 -0.134551 0.718854 -1.25425
40 20 70 -0.171911 0.203445 0.963876 -2.57255
40 20 80 -0.0118399 0.618194 0.785936 -2.27213
40 20 90 -0.139596 -0.175021 0.974618 -2.30719
40 30 0 0.466342 -0.532712 0.706217 -1.73925
40 30 10 -0.0442505 -0.915959 -0.398825 -0.415046
40 30 20 -0.314764 0.092026 -0.944698 -0.544715
40 30 30 0.50276 0.740772 0.445522 1.24454
40 30 40 0.272349 -0.0793474 -0.958921 2.09871
40 30 50 0.25789 0.7392 0.622155 -0.538802
40 30 60 -0.212551 -0.0425184 0.976225 -2.04169
40 30 70 0.304928 -0.875995 0.3737 -1.72897
40 30 80 -0.112349 -0.966142 0.232267 -1.25699
40 30 90 -0.108777 0.144952 -0.983441 0.827511
40 40 0 0.0123266 -0.0126364 0.999844 0.28477
40 40 10 -0.893046 0.272215 -0.358283 0.779476
40 40 20 0.757533 -0.0109954 0.652704 -0.455356
40 40 30 -0.19407 0.163051 0.967342 -1.85848
40 40 40 -0.231014 0.784478 0.575524 -1.40071
40 40 50 -0.226504 -0.266473 0.93685 -1.07108
40 40 60 0.136589 -0.756888 0.639112 -2.20775
40 40 70 0.240198 -0.197419 0.950437 -0.875904
40 40 80 -0.509072 0.465054 -0.724272 1.54424
40 40 90 -0.49749 -0.101544 0.861506 -0.732344
40 50 0 -0.816628 -0.0540321 0.574629 -0.471883
40 50 10 -0.0219943 -0.648823 0.760622 -1.75174
40 50 20 0.624581 0.526624 0.576685 -0.72376
40 50 30 -0.309459 0.767002 0.562088 -1.05392
40 50 40 -0.43784 0.421787 0.793972 -1.58493
40 50 50 0.664222 0.336662 0.667433 -0.917988
40 50 60 -0.185726 0.201079 0.961807 -0.583511
40 50 70 0.368028 0.819042 -0.440144 0.126951
40 50 80 0.290372 -0.00132791 0.956913 -1.73335
40 50 90 -0.125817 -0.262695 0.956641 -1.6977
40 60 0 0.0108114 0.0206164 0.999729 -1.9005
40 60 10 0.470514 -0.467195 0.748562 -1.34251
40 60 20 0.363681 -0.301723 0.881306 -1.5487
40 60 30 0.0222423 0.00419998 0.999744 -1.81246
40 60 40 0.403158 -0.348368 0.846229 -1.00635
40 60 50 0.915551 0.204585 0.346281 -0.973234
40 60 60 0.118702 0.675839 0.727428 -2.18077
40 60 70 -0.15599 0.353028 0.922517 -2.72582
40 60 80 0.0534011 0.119757 0.991366 -2.54151
40 60 90 0.379942 0.104656 0.919071 -1.40049
40 70 0 -0.248736 -0.968208 0.0265329 0.64712
40 70 10 -0.0591427 0.998147 0.0142836 -0.477304
40 70 20 -0.0549516 -0.0577588 -0.996817 1.95064
40 70 30 -0.0712109 0.940448 0.332395 -0.364117
40 70 40 0.668301 0.74356 -0.0221868 -0.643919
40 70 50 0.0715539 -0.0145245 0.997331 -2.28148
40 70 60 -0.0754828 0.0226276 0.99689 -1.35814
40 70 70 0.461295 0.349433 -0.815539 1.10411
40 70 80 0.733306 0.397944 -0.551274 0.143232
40 70 90 -0.00831807 0.986689 0.162403 -0.540667
40 80 0 -0.144439 0.202656 0.968539 0.634624
40 80 10 -0.975109 0.199573 0.0966106 -1.30822
40 80 20 0.680118 -0.42917 0.594351 0.0640291
40 80 30 -0.0178617 0.0013691 0.99984 -2.42398
40 80 40 0.172635 0.6547 0.735911 -1.8572
40 80 50 0.437724 -0.538819 0.719772 -0.934768
40 80 60 -0.171933 0.449942 0.876351 -1.80836
40 80 70 -0.197018 0.483037 0.853147 -2.44778
40 80 80 -0.0702046 -0.0901305 -0.993452 0.728439
40 80 90 -0.858148 -0.380295 0.344903 -1.49316
40 90 0 -0.95921 -0.111218 0.259896 -1.57248
40 90 10 -0.686259 0.409679 0.601009 -2.19019
40 90 20 -0.492521 -0.0323053 0.869701 -2.33997
40 90 30 -0.286849 -0.0791399 0.954701 -2.40226
40 90 40 -0.180505 0.114825 0.976849 -1.65689
40 90 50 -0.415305 -0.293127 0.861161 -1.07531
40 90 60 -0.87116 0.353705 -0.340548 -0.422782
40 90 70 0.00767569 -0.641818 -0.766818 1.10237
40 90 80 -0.278885 -0.076113 0.957303 -0.250693
40 90 90 -0.0114212 -0.254882 0.966905 -1.95608
50 0 0 0.0805166 -0.0510064 0.995447 -2.80077
50 0 10 -0.100989 0.0895372 0.99085 -1.76032
50 0 20 0.851351 0.230786 0.471104 -0.956988
50 0 30 -0.515579 0.221265 0.82778 -1.07063
50 0 40 -0.48387 -0.144431 0.863139 -1.58516
50 0 50 -0.545018 -0.695783 0.467806 -0.557055
50 0 60 0.674761 0.664426 0.321303 0.119519
50 0 70 -0.981454 0.142324 0.128418 -0.55615
50 0 80 -0.140189 -0.0411432 0.98927 -1.14989
50 0 90 -0.810845 0.41924 0.408373 -1.59872
50 10 0 -0.0623589 0.14637 0.987263 -2.04657
50 10 10 -0.549056 0.451963 0.703041 -1.83609
50 10 20 0.164273 -0.193805 0.967189 -0.900807
50 10 30 -0.731265 0.680737 -0.0429916 -1.08436
50 10 40 -0.508798 0.388624 0.768177 -1.56403
50 10 50 0.233038 0.79162 -0.564829 0.323349
50 10 60 0.879427 -0.392764 0.268969 -0.264637
50 10 70 0.0918035 -0.0510516 0.994468 -1.0314
50 10 80 -0.573455 -0.135407 0.807969 -1.18121
50 10 90 -0.414647 0.436561 0.798425 -0.975803
50 20 0 -0.305523 0.717767 0.625673 -1.10226
50 20 10 0.210945 0.422013 0.881707 -1.26138
50 20 20 -0.570393 0.820343 0.0410974 -0.902043
50 20 30 0.221301 0.266854 0.937984 -2.10217
50 20 40 0.559391 0.790537 0.249263 0.0732118
50 20 50 0.211015 -0.164323 0.963572 -2.43796
50 20 60 0.57875 0.659759 -0.47934 0.693739
50 20 70 -0.938548 0.283382 -0.197033 0.350218
50 20 80 -0.00219274 -0.114782 0.993388 -1.83463
50 20 90 -0.209 -0.91713 0.339398 0.594373
50 30 0 0.446323 -0.44257 0.77777 -1.76964
50 30 10 0.422599 -0.567748 0.706451 0.183114
50 30 20 -0.331877 0.889445 0.314237 -0.349543
50 30 30 0.134101 -0.166258 0.976921 -1.04971
50 30 40 -0.0431726 -0.112575 0.992705 -1.40608
50 30 50 -0.384689 -0.702041 0.599294 -0.34395
50 30 60 0.828467 0.206694 0.5205 -0.0790517
50 30 70 0.206694 0.74396 0.635454 -1.67229
50 30 80 -0.545595 0.334219 0.76852 -0.973895
50 30 90 0.245274 -0.59689 0.763913 -1.44774
50 40 0 -0.182722 0.201877 0.962215 -2.3868
50 40 10 -0.25203 -0.416215 -0.87364 -0.00200115
50 40 20 -0.535682 0.309231 0.785762 -1.37222
50 40 30 -0.647661 0.0957099 0.755893 -1.37825
50 40 40 0.235292 -0.958931 0.158394 0.719317
50 40 50 0.988477 -0.0219219 0.149778 0.65336
50 40 60 -0.915032 -0.280797 0.289604 -1.27639
50 40 70 -0.654854 0.461672 0.598352 -1.169
50 40 80 -0.72988 0.579423 0.36269 -0.263607
50 40 90 0.674407 -0.578591 0.458702 -1.31237
50 50 0 0.243698 0.0220437 0.969601 -1.36168
50 50 10 0.609166 -0.0261377 0.792612 -0.302152
50 50 20 -0.12599 -0.617453 -0.776452 0.494538
50 50 30 -0.786913 0.12051 -0.605182 0.369611
50 50 40 -0.60561 0.463548 0.646807 -2.31747
50 50 50 -0.18924 -0.669218 0.718565 -2.03334
50 50 60 -0.304816 -0.0220286 0.952157 -2.2306
50 50 70 -0.005897 0.230863 0.972968 -1.95129
50 50 80 -0.0952599 -0.0125827 0.995373 -1.72677
50 50 90 0.397767 -0.219763 0.890778 -2.12497
50 60 0 -0.660392 -0.224441 0.716595 -1.04025
50 60 10 -0.0849638 -0.506123 0.858266 -1.07356
50 60 20 -0.131813 -0.643743 0.753804 -0.825758
50 60 30 0.90253 0.345352 0.257237 -0.131891
50 60 40 -0.217786 -0.106135 0.970209 -1.4701
50 60 50 -0.387475 0.102894 0.91612 -1.68972
50 60 60 0.235717 -0.291788 0.926983 -2.09128
50 60 70 -0.173894 0.753524 0.634005 -0.712451
50 60 80 -0.349081 0.546043 0.761564 -1.8534
50 60 90 0.0209593 -0.04925 0.998567 -1.78024
50 70 0 0.112852 0.819708 0.561555 -1.11756
50 70 10 0.371982 0.354227 0.857994 -0.516496
50 70 20 -0.000995424 -0.443012 0.896515 -1.722
50 70 30 0.0121902 -0.216512 0.976204 -1.54185
50 70 40 -0.193754 0.142503 0.970645 -2.08602
50 70 50 0.233665 0.0512706 -0.970964 0.90202
50 70 60 0.128058 -0.279402 0.951596 -0.865633
50 70 70 0.0650826 0.0759106 0.994988 -1.42596
50 70 80 0.90959 0.173097 0.377736 -1.37173
50 70 90 0.0970172 -0.755221 0.648251 0.00884584
50 80 0 0.558095 -0.381942 0.736648 -0.561569
50 80 10 -0.0969262 -0.138029 0.985674 -2.53952
50 80 20 -0.185311 0.247959 0.950882 -1.2006
50 80 30 -0.153812 -0.0271284 0.987728 -0.692846
50 80 40 0.331284 -0.00963545 0.943482 -1.16868
50 80 50 -0.33648 0.317608 0.886513 -2.08812
50 80 60 0.0278918 0.0127009 0.99953 -1.63412
50 80 70 0.542277 0.671934 0.50442 -2.02019
50 80 80 -0.109472 0.116003 0.987198 -2.19302
50 80 90 -0.132097 0.31808 0.938816 -1.27076
50 90 0 -0.027829 -0.259024 0.96547 -2.52963
50 90 10 -0.612664 0.127537 0.779985 -0.792347
50 90 20 0.0506245 -0.191916 0.980105 -1.92541
50 90 30 0.162726 -0.213498 0.963296 -1.82558
50 90 40 0.206194 -0.033028 0.977954 -0.113165
50 90 50 -0.0130389 0.0248368 0.999606 -0.983997
50 90 60 0.0803329 0.00440978 0.996758 -1.34068
50 90 70 0.402172 0.0219816 0.9153 -1.5699
50 90 80 -0.588628 0.640463 0.493279 -1.19678
50 90 90 -0.129517 -0.2084 0.96943 -2.71588
60 0 0 -0.217946 -0.889764 0.401023 -0.89985
60 0 10 0.403452 -0.0684023 0.912441 -1.81672
60 0 20 0.517486 -0.170456 -0.838542 1.13574
60 0 30 0.651985 -0.189818 -0.734088 -0.34357
60 0 40 -0.183978 0.390805 0.9019 0.178147
60 0 50 -0.12521 0.237571 0.963266 -1.77627
60 0 60 -0.634204 -0.772431 0.0336985 0.158312
60 0 70 0.690656 -0.0294224 0.722584 -1.75156
60 0 80 -0.321116 -0.126588 0.938541 -1.63548
60 0 90 0.415816 -0.908393 0.0438048 0.663827
60 10 0 0.556259 -0.0480243 0.82962 -1.1958
60 10 10 0.174849 0.179448 0.968105 -0.916925
60 10 20 0.71394 0.0849074 -0.69504 0.430458
60 10 30 -0.171645 -0.536635 0.826172 -0.878924
60 10 40 -0.876059 -0.322463 0.358522 -1.00141
60 10 50 -0.134602 -0.192545 0.972013 -2.01323
60 10 60 0.38785 -0.148807 -0.909631 1.42917
60 10 70 0.50887 0.30168 0.806251 -1.76077
60 10 80 -0.149312 -0.581654 -0.799615 0.686713
60 10 90 -0.822136 0.530213 0.207284 0.63349
60 20 0 -0.0535702 0.981133 -0.185763 0.0717647
60 20 10 -0.674073 -0.441136 0.592473 -1.25361
60 20 20 0.73079 0.680715 0.0507283 -0.398376
60 20 30 -0.553053 -0.478587 0.681973 -0.720651
60 20 40 0.650553 0.375231 0.66029 -1.81436
60 20 50 0.0201273 0.936449 0.350225 -1.42944
60 20 60 0.00943257 -0.0839762 0.996423 0.219785
60 20 70 -0.495737 0.49816 -0.711394 0.781265
60 20 80 0.0338025 -0.0525523 0.998046 -1.7413
60 20 90 0.0706852 0.172685 0.982438 -1.95777
60 30 0 -0.557876 0.825994 0.0806683 -0.515091
60 30 10 0.0864089 -0.174783 0.980808 -0.926815
60 30 20 -0.0534238 -0.108518 0.992658 -1.70764
60 30 30 -0.157739 0.1835 -0.970282 1.27239
60 30 40 0.884228 0.0114579 0.466914 -0.914822
60 30 50 0.0961427 -0.0404603 0.994545 -0.185855
60 30 60 0.241913 0.624134 -0.742923 0.665567
60 30 70 -0.249647 -0.360948 0.898551 -2.1601
60 30 80 0.0852562 -0.0846629 0.992756 -1.64741
60 30 90 0.171096 0.558502 0.811666 -0.110331
60 40 0 -0.328345 0.839276 0.433365 -1.01565
60 40 10 0.640672 0.767475 0.0228566 -0.0822271
60 40 20 -0.481385 0.363301 0.797672 -0.531803
60 40 30 0.33443 0.786927 0.518558 -2.229
60 40 40 -0.46902 0.141475 0.871783 -1.64157
60 40 50 0.0547002 0.0201819 0.998299 -1.19897
60 40 60 -0.0521673 0.375699 0.925272 -1.70648
60 40 70 0.201557 -0.284768 -0.937167 -1.66492
60 40 80 0.0399889 0.30918 0.950162 -0.655269
60 40 90 0.554023 0.375449 0.743032 -1.72237
60 50 0 0.468698 0.782225 0.410422 -1.34432
60 50 10 -0.611629 0.168627 0.772965 -1.18385
60 50 20 0.828645 0.494233 -0.262832 -0.879188
60 50 30 0.0853379 -0.0691307 0.993951 -1.67097
60 50 40 0.655767 0.472589 0.588753 -1.35283
60 50 50 0.484662 -0.0736838 0.871592 -1.2373
60 50 60 -0.403295 -0.491082 0.772134 -0.856257
60 50 70 -0.713992 0.45463 0.532473 -0.677372
60 50 80 0.437998 -0.322523 0.839128 -0.580015
60 50 90 0.917107 -0.163641 0.363507 -0.915568
60 60 0 -0.532151 -0.643952 -0.549673 0.861038
60 60 10 -0.433748 -0.053364 0.899453 -1.17758
60 60 20 0.280373 -0.28337 0.917111 -2.01701
60 60 30 0.380611 0.539195 0.751268 -2.44443
60 60 40 -0.310124 0.473709 0.824271 -2.14291
60 60 50 -0.319402 0.109463 0.941276 -1.60407
60 60 60 0.287272 0.955785 -0.0628411 -0.966917
60 60 70 -0.450498 -0.223905 -0.864244 -1.15685
60 60 80 -0.0160128 0.980122 -0.19775 -0.993712
60 60 90 0.0530114 -0.0572522 -0.996951 0.972002
60 70 0 0.0496107 0.168991 0.984368 -2.15168
60 70 10 0.0147802 0.00245282 0.999888 -2.14435
60 70 20 -0.182285 -0.0170609 0.983098 -2.05086
60 70 30 -0.261875 0.238616 0.935138 -2.65158
60 70 40 -0.865155 -0.0760585 -0.495703 -0.915911
60 70 50 0.00912456 0.0159163 0.999832 -0.00420178
60 70 60 -0.227836 0.129959 -0.964988 0.51687
60 70 70 0.526182 0.310379 0.791706 0.430557
60 70 80 -0.0351202 0.487312 0.872521 -1.73557
60 70 90 -0.965733 0.0927342 0.242404 -0.192149
60 80 0 0.574184 0.805549 -0.146302 -0.590774
60 80 10 -0.442109 0.241657 0.863794 -1.2978
60 80 20 -0.282739 0.14479 0.948206 -1.69978
60 80 30 0.616195 -0.681921 -0.394065 1.06169
60 80 40 -0.564141 0.571712 -0.595727 1.30631
60 80 50 -0.212423 -0.518271 0.828415 -1.54298
60 80 60 0.00530178 -0.473282 0.880895 -1.95248
60 80 70 0.625938 0.742914 0.237235 -0.13049
60 80 80 0.0393688 0.0522215 -0.997859 1.74141
60 80 90 -0.21367 0.354575 0.910287 -1.17396
60 90 0 0.00699418 -0.00106358 -0.999975 0.94094
60 90 10 0.111837 -0.291352 0.950056 -1.03559
60 90 20 -0.274431 0.0491004 0.960353 -1.13009
60 90 30 0.303527 0.443009 0.843572 -1.44278
60 90 40 -0.223295 -0.255555 0.940655 -1.7536
60 90 50 -0.512993 -0.649828 0.560858 -0.758356
60 90 60 0.377353 0.863552 0.334489 0.367979
60 90 70 -0.118196 0.110026 0.986876 -2.21717
60 90 80 0.00402874 0.1185 -0.992946 1.02189
60 90 90 0.00840175 0.225894 0.974116 -1.97972
70 0 0 0.371146 0.330398 -0.867807 1.5783
70 0 10 0.855184 -0.256404 0.450463 -1.56605
70 0 20 -0.101076 -0.114872 0.988225 -1.19723
70 0 30 0.744409 -0.638604 0.195038 -0.316951
70 0 40 0.00395237 -0.313467 0.949591 -0.730627
70 0 50 -0.132713 -0.107025 -0.985359 1.71848
70 0 60 -0.575317 0.515295 -0.635202 0.487527
70 0 70 -0.163708 -0.185628 0.968887 0.30902
70 0 80 0.256949 0.503661 0.824805 -2.02007
70 0 90 0.350167 -0.290145 0.890617 -1.01003
70 10 0 0.140162 -0.110867 0.983902 -0.877445
70 10 10 0.758276 0.477178 0.444206 -0.832579
70 10 20 0.106842 0.0160654 0.994146 -1.31158
70 10 30 0.0935397 0.398658 0.912317 -1.88412
70 10 40 -0.569314 -0.0629689 -0.819705 1.34767
70 10 50 0.486745 0.653877 0.579245 -1.55238
70 10 60 0.53605 0.722652 -0.436378 -0.424373
70 10 70 0.0285534 -0.387421 0.921461 -0.982031
70 10 80 0.227463 -0.434145 0.871653 -1.70329
70 10 90 -0.492111 -0.163983 0.854948 -0.574081
70 20 0 0.288515 0.950491 0.11544 -1.15376
70 20 10 -0.0521713 0.0633681 -0.996626 1.40827
70 20 20 0.185162 0.514788 0.837083 -0.273063
70 20 30 0.211817 0.148644 0.965939 -1.45929
70 20 40 0.71764 0.676271 -0.166282 -1.05002
70 20 50 0.321856 -0.829504 0.456434 -0.911073
70 20 60 0.694211 0.68069 -0.233948 0.840477
70 20 70 -0.155765 -0.411745 0.897888 -1.46193
70 20 80 0.0019652 0.00690333 0.999974 -2.21942
