Position_x Position_y Position_z Spin_x Spin_y Spin_z Spin_energy Temperature n_spins
0 0 0 -0.121043 -0.2572 -0.958748 -2.83771 0.501 729
1 0 0 -0.335009 -0.168518 -0.927023 -2.5689
2 0 0 0.106764 0.41514 -0.903471 -2.60966
0 1 0 -0.0232452 -0.105971 -0.994098 -2.56335
1 1 0 0.162916 -0.104732 -0.981066 -2.89984
2 1 0 0.440342 -0.0605428 -0.895787 -2.74648
0 2 0 -0.751561 0.358981 -0.553433 -1.41868
1 2 0 0.0313429 0.0997835 -0.994515 -2.74363
2 2 0 0.0338648 -0.0452438 -0.998402 -2.91775
0 0 1 0.334272 0.13796 -0.932325 -2.49604
1 0 1 0.509759 0.240013 -0.82616 -2.46319
2 0 1 -0.00020548 0.000541855 -1 -2.71033
0 1 1 -0.650372 0.403989 -0.64328 -1.80207
1 1 1 -0.0154602 -0.00752481 -0.999852 -2.72796
2 1 1 0.0303307 -0.128071 -0.991301 -2.76873
0 2 1 -0.218235 -0.565567 -0.795304 -1.82113
1 2 1 0.123412 0.315965 -0.94071 -2.69755
2 2 1 0.108787 0.277044 -0.954679 -2.93904
0 0 2 -0.125546 -0.124297 -0.98427 -2.79393
1 0 2 0.0359779 -0.236551 -0.970953 -2.74292
2 0 2 -0.014009 -0.713746 -0.700264 -2.20485
0 1 2 0.230128 0.0470486 -0.972022 -2.31693
1 1 2 0.133234 -0.121993 -0.983548 -2.89757
2 1 2 0.167059 -0.0828779 -0.982457 -2.88727
0 2 2 -0.423378 0.0871109 -0.901755 -2.49447
1 2 2 0.0131646 -0.0322917 -0.999392 -2.92068
2 2 2 0.0650019 0.186161 -0.980367 -2.84156
3 0 0 -0.366463 0.0454045 -0.929324 -2.47076
4 0 0 0.357518 -0.113182 -0.927023 -2.53568
5 0 0 0.0795589 -0.207767 -0.974938 -2.87239
3 1 0 0.459645 0.165904 -0.872469 -2.75335
4 1 0 0.446396 0.204997 -0.871038 -2.6358
5 1 0 -0.333598 -0.185035 -0.924378 -2.59237
3 2 0 0.368381 0.0914889 -0.925162 -2.65401
4 2 0 0.0272724 0.100972 -0.994515 -2.91764
5 2 0 0.178244 0.00687722 -0.983962 -2.72822
3 0 1 -0.317779 0.17259 -0.932325 -1.99257
4 0 1 0.523692 -0.207864 -0.82616 -2.40952
5 0 1 -0.000493133 0.000304383 -1 -2.46503
3 1 1 0.700917 0.267255 -0.661279 -2.14905
4 1 1 -0.0158413 0.00668544 -0.999852 -2.43241
5 1 1 -0.861684 -0.173409 -0.476897 -1.66802
3 2 1 0.251432 0.551611 -0.795304 -2.52607
4 2 1 0.259406 -0.0301535 -0.965297 -2.77852
5 2 1 0.112875 -0.226968 -0.967339 -2.49886
3 0 2 0.488493 -0.617856 -0.61614 -2.05055
4 0 2 -0.137596 0.195749 -0.970953 -2.3202
5 0 2 -0.601325 -0.461574 -0.652195 -1.93513
3 1 2 0.155372 -0.176159 -0.972022 -2.657
4 1 2 0.165693 0.071968 -0.983548 -2.88994
5 1 2 -0.10529 -0.15392 -0.982457 -2.57761
3 2 2 0.027994 0.431339 -0.901755 -2.75441
4 2 2 0.0306784 -0.0165799 -0.999392 -2.87999
5 2 2 0.476658 -0.30722 -0.823658 -2.60999
6 0 0 0.199693 0.310611 -0.929324 -2.52629
7 0 0 -0.284537 -0.24427 -0.927023 -2.61669
8 0 0 0.17436 -0.138185 -0.974938 -2.84231
6 1 0 -0.486193 -0.0491327 -0.872469 -2.30601
7 1 0 -0.552314 -0.349783 -0.756705 -2.54429
8 1 0 -0.355236 -0.139043 -0.924378 -2.77458
6 2 0 0.410602 0.72465 -0.553433 -1.20052
7 2 0 0.104531 -0.00351536 -0.994515 -2.41165
8 2 0 0.167225 -0.0620812 -0.983962 -2.61727
6 0 1 -0.329135 -0.149803 -0.932325 -2.49143
7 0 1 0.19664 -0.199808 -0.959901 -2.68672
8 0 1 0.342635 -0.160111 -0.925725 -2.66444
6 1 1 -0.145564 0.124021 -0.981545 -2.69696
7 1 1 -0.0148234 -0.00871259 -0.999852 -2.57294
8 1 1 -0.675463 0.0161421 -0.737217 -2.36215
6 2 1 -0.588373 0.145977 -0.795304 -2.10462
7 2 1 -0.800519 0.0376088 -0.598126 -1.88544
8 2 1 0.127338 0.219181 -0.967339 -2.36221
6 0 2 -0.0131407 0.176179 -0.98427 -2.62944
7 0 2 -0.0587002 -0.231959 -0.970953 -2.90875
8 0 2 0.128385 -0.0603691 -0.989885 -2.77741
6 1 2 -0.233329 0.0270207 -0.972022 -2.86117
7 1 2 0.17624 0.0396614 -0.983548 -2.62115
8 1 2 -0.647008 0.185442 -0.739589 -2.12911
6 2 2 0.122462 -0.414536 -0.901755 -2.44265
7 2 2 -0.0137525 0.0320457 -0.999392 -2.75921
8 2 2 0.195468 -0.0259471 -0.980367 -2.68881
0 3 0 0.27019 0.251702 -0.929324 -2.37824
1 3 0 -0.347343 -0.141357 -0.927023 -2.74196
2 3 0 0.0218424 -0.221404 -0.974938 -2.50597
0 4 0 -0.0783845 -0.0750067 -0.994098 -2.76803
1 4 0 -0.157776 0.112326 -0.981066 -2.78237
2 4 0 0.244129 0.671889 -0.699261 -2.22777
0 5 0 0.466107 0.533209 -0.705997 -1.90493
1 5 0 -0.558542 0.26347 -0.786521 -2.37859
2 5 0 0.0900446 0.153981 -0.983962 -2.67693
0 3 1 -0.361545 0.00747959 -0.932325 -2.74604
1 3 1 -0.237589 0.148801 -0.959901 -2.88851
2 3 1 0.2383 0.293679 -0.925725 -2.56607
0 4 1 -0.170932 0.0857443 -0.981545 -2.92577
1 4 1 0.0170208 0.00243553 -0.999852 -2.78713
2 4 1 -0.114738 0.0644775 -0.991301 -2.6116
0 5 1 -0.314535 0.588352 -0.744923 -2.21789
1 5 1 -0.63626 0.487256 -0.598126 -2.15297
2 5 1 0.0854524 -0.238649 -0.967339 -1.75527
0 3 2 -0.00374196 0.176629 -0.98427 -2.8852
1 3 2 -0.149054 0.187172 -0.970953 -2.9181
2 3 2 -0.437797 0.61885 -0.652195 -2.26945
0 4 2 -0.172426 0.159505 -0.972022 -2.9111
1 4 2 -0.0350144 0.177222 -0.983548 -3.01094
2 4 2 -0.17958 0.0502812 -0.982457 -2.85746
0 5 2 0.294969 0.31596 -0.901755 -2.72173
1 5 2 -0.0348125 0.00203635 -0.999392 -2.70445
2 5 2 -0.561796 0.0772827 -0.823658 -2.39762
3 3 0 -0.226236 0.291846 -0.929324 -2.66779
4 3 0 -0.0706407 0.368292 -0.927023 -2.84157
5 3 0 0.197469 -0.102482 -0.974938 -2.82557
3 4 0 -0.115205 0.474896 -0.872469 -2.54749
4 4 0 0.440868 0.21663 -0.871038 -2.59905
5 4 0 0.185116 -0.404102 -0.895787 -2.64223
3 5 0 0.379369 0.0124086 -0.925162 -2.04821
4 5 0 0.61751 0.00819912 -0.786521 -2.65613
5 5 0 -0.0264096 -0.0499636 -0.998402 -2.60768
3 3 1 -0.0844315 -0.351628 -0.932325 -2.0724
4 3 1 -0.0162767 0.563201 -0.82616 -2.50197
5 3 1 -0.000520154 0.000255478 -1 -2.89097
3 4 1 0.723009 0.199919 -0.661279 -1.4403
4 4 1 0.000849158 0.0171732 -0.999852 -2.52739
5 4 1 -0.0813706 0.103446 -0.991301 -2.73592
3 5 1 0.0432812 0.952147 0.302562 0.408314
4 5 1 0.698473 0.392914 -0.598126 -1.73419
5 5 1 -0.0660654 -0.244726 -0.967339 -2.56471
3 3 2 -0.173563 -0.0329797 -0.98427 -2.73909
4 3 2 -0.0475233 0.234504 -0.970953 -2.86191
5 3 2 0.0882975 0.111043 -0.989885 -2.91588
3 4 2 -0.214971 -0.0946562 -0.972022 -2.60582
4 4 2 0.0720844 -0.165642 -0.983548 -2.84685
5 4 2 0.182079 0.0403079 -0.982457 -2.97704
3 5 2 0.0106979 0.432115 -0.901755 -2.23834
4 5 2 -0.0334907 0.00971756 -0.999392 -2.75917
5 5 2 -0.152543 0.124947 -0.980367 -2.67425
6 3 0 0.263796 -0.258396 -0.929324 -2.56545
7 3 0 0.0974359 -0.362126 -0.927023 -2.75358
8 3 0 0.136589 -0.175614 -0.974938 -2.93902
6 4 0 -0.0646189 -0.0871466 -0.994098 -2.62967
7 4 0 0.0676141 -0.18149 -0.981066 -2.98721
8 4 0 -0.0137999 0.126214 -0.991907 -2.94711
6 5 0 0.389569 0.591442 -0.705997 -1.9775
7 5 0 0.0976276 0.0375231 -0.994515 -2.87652
8 5 0 0.172804 -0.0442371 -0.983962 -2.64325
6 3 1 0.0983326 0.347996 -0.932325 -2.3957
7 3 1 -0.0351109 0.562341 -0.82616 -2.28849
8 3 1 0.000270269 0.000512624 -1 -2.89546
6 4 1 -0.587553 -0.46636 -0.661279 -1.95596
7 4 1 -0.00111359 -0.0171581 -0.999852 -2.76195
8 4 1 -0.000363246 0.00222772 -0.999997 -3.01145
6 5 1 -0.440109 -0.120999 -0.889755 -2.48976
7 5 1 0.188378 -0.180872 -0.965297 -2.89336
8 5 1 0.211835 -0.139217 -0.967339 -2.61052
6 3 2 -0.149027 -0.0948823 -0.98427 -2.78721
7 3 2 0.238949 -0.0124073 -0.970953 -2.7676
8 3 2 0.128825 -0.0594237 -0.989885 -3.01443
6 4 2 0.229769 0.0487684 -0.972022 -2.64711
7 4 2 -0.122185 -0.133058 -0.983548 -2.85998
8 4 2 0.148323 -0.113038 -0.982457 -2.85981
6 5 2 -0.152345 -0.125748 -0.980295 -2.89402
7 5 2 0.0107001 0.0331899 -0.999392 -2.91335
8 5 2 0.26881 0.499328 -0.823658 -2.54044
0 6 0 0.139296 0.341984 -0.929324 -2.36808
1 6 0 -0.319107 -0.196978 -0.927023 -2.73711
2 6 0 -0.194166 -0.108612 -0.974938 -2.77531
0 7 0 -0.0950668 -0.0522728 -0.994098 -2.95229
1 7 0 -0.0508601 0.0222756 -0.998457 -2.91993
2 7 0 -0.0307693 -0.0304965 -0.999061 -3.01083
0 8 0 -0.301288 0.230868 -0.925162 -2.55757
1 8 0 -0.61738 0.0150809 -0.786521 -2.37586
2 8 0 0.175164 0.0337016 -0.983962 -2.78326
0 6 1 0.360391 -0.0298211 -0.932325 -2.38331
1 6 1 -0.532058 -0.185403 -0.82616 -2.35537
2 6 1 0.376866 -0.0317191 -0.925725 -2.54743
0 7 1 -0.0166703 -0.190505 -0.981545 -2.89453
1 7 1 -0.0169346 -0.00297667 -0.999852 -2.91204
2 7 1 0.110999 0.0707209 -0.991301 -2.87441
0 8 1 0.488072 -0.359553 -0.795304 -2.21534
1 8 1 0.316382 -0.122339 -0.94071 -2.68024
2 8 1 0.185298 -0.172973 -0.967339 -2.72923
0 6 2 0.160479 -0.0738784 -0.98427 -2.61526
1 6 2 -0.237823 0.0262829 -0.970953 -2.89338
2 6 2 0.141779 -0.0050732 -0.989885 -2.85318
0 7 2 0.0900419 -0.0805984 -0.992671 -2.74277
1 7 2 0.0217991 0.179328 -0.983548 -2.88141
2 7 2 0.180605 0.0464677 -0.982457 -2.86389
0 8 2 -0.233746 0.363594 -0.901755 -2.20745
1 8 2 -0.00525137 -0.0344744 -0.999392 -2.85097
2 8 2 -0.536088 0.184924 -0.823658 -2.13496
3 6 0 -0.0758768 0.361385 -0.929324 -2.74569
4 6 0 0.184544 0.326455 -0.927023 -2.7241
5 6 0 -0.188693 -0.117862 -0.974938 -2.755
3 7 0 0.0320353 -0.103653 -0.994098 -2.62921
4 7 0 0.339215 0.355284 -0.871038 -2.64449
5 7 0 -0.0378125 0.0211425 -0.999061 -2.94816
3 8 0 0.376989 0.0441995 -0.925162 -2.49658
4 8 0 0.528888 -0.318846 -0.786521 -2.64543
5 8 0 0.131737 -0.120265 -0.983962 -2.74738
3 6 1 -0.34423 -0.110798 -0.932325 -1.68215
4 6 1 0.141277 -0.0733222 -0.987251 -2.6714
5 6 1 -0.201214 0.32023 -0.925725 -2.47974
3 7 1 0.656237 0.363405 -0.661279 -1.61956
4 7 1 -0.0142423 -0.00963314 -0.999852 -2.58358
5 7 1 -0.09558 0.09048 -0.991301 -2.97945
3 8 1 -0.2001 -0.636435 -0.744923 -1.95521
4 8 1 0.43084 -0.675739 -0.598126 -2.15746
5 8 1 0.149053 0.205033 -0.967339 -2.2014
3 6 2 0.164852 0.0635253 -0.98427 -2.85973
4 6 2 -0.0174393 0.238635 -0.970953 -2.58705
5 6 2 -0.646081 -0.637178 -0.420218 -1.14577
3 7 2 -0.105892 0.209664 -0.972022 -2.58821
4 7 2 0.134452 0.120649 -0.983548 -2.80249
5 7 2 -0.181262 0.0438317 -0.982457 -2.72719
3 8 2 0.138199 -0.360801 -0.922347 -2.41679
4 8 2 -0.0337907 -0.00861671 -0.999392 -2.67526
5 8 2 0.127807 0.150155 -0.980367 -2.71047
6 6 0 0.202374 0.308871 -0.929324 -2.76585
7 6 0 0.371702 0.049665 -0.927023 -2.58701
8 6 0 -0.160069 0.154514 -0.974938 -2.87832
6 7 0 0.0357833 -0.102419 -0.994098 -2.76602
7 7 0 -0.645229 0.105253 -0.756705 -2.13362
8 7 0 -0.0433105 -0.00099278 -0.999061 -2.90817
6 8 0 -0.332961 0.18224 -0.925162 -2.33893
7 8 0 0.0472256 0.0933213 -0.994515 -2.46789
8 8 0 -0.176054 -0.0286952 -0.983962 -2.92456
6 6 1 -0.288764 0.217684 -0.932325 -2.70295
7 6 1 0.102592 -0.260893 -0.959901 -2.73715
8 6 1 -0.37283 0.0634981 -0.925725 -2.28733
6 7 1 0.127274 -0.142728 -0.981545 -2.4842
7 7 1 0.0164203 -0.00510055 -0.999852 -2.68256
8 7 1 0.127116 -0.0341136 -0.991301 -2.8465
6 8 1 -0.868825 -0.469515 -0.157156 -0.705935
7 8 1 -0.440737 -0.669325 -0.598126 -1.7639
8 8 1 0.0938928 0.235456 -0.967339 -2.49077
6 6 2 0.173648 -0.0325297 -0.98427 -2.51031
7 6 2 -0.102165 0.216363 -0.970953 -2.59311
8 6 2 0.44408 0.791334 -0.420218 -1.75079
6 7 2 -0.0419697 -0.113323 -0.992671 -2.87385
7 7 2 0.0463587 -0.174598 -0.983548 -2.67459
8 7 2 0.639228 0.210703 -0.739589 -2.34861
6 8 2 0.394906 0.175746 -0.901755 -1.90036
7 8 2 0.0237278 0.0255548 -0.999392 -2.67546
8 8 2 0.145381 0.133213 -0.980367 -2.89791
0 0 3 -0.146138 0.339117 -0.929324 -2.44249
1 0 3 0.182971 0.327339 -0.927023 -2.7917
2 0 3 0.211587 -0.0687579 -0.974938 -2.70416
0 1 3 -0.218664 -0.437017 -0.872469 -2.24522
1 1 3 0.493272 0.429047 -0.756705 -2.18762
2 1 3 0.0299124 -0.0313375 -0.999061 -2.59944
0 2 3 0.268083 0.063333 -0.961312 -2.71438
1 2 3 -0.0979465 0.0366827 -0.994515 -2.82776
2 2 3 -0.16785 0.0603709 -0.983962 -2.94405
0 0 4 -0.356934 -0.0580413 -0.932325 -1.99811
1 0 4 0.427986 0.366454 -0.82616 -2.27451
2 0 4 -0.291571 0.240874 -0.925725 -2.10428
0 1 4 -0.251759 -0.706631 -0.661279 -1.79293
1 1 4 0.0148504 0.0086665 -0.999852 -2.37555
2 1 4 -0.265657 -0.833853 -0.483854 -1.75203
0 2 4 0.16034 0.124619 -0.979163 -2.50236
1 2 4 -0.25296 0.226 -0.94071 -2.74707
2 2 4 -0.252129 -0.0261926 -0.967339 -2.65773
0 0 5 0.0950002 0.148952 -0.98427 -2.8956
1 0 5 0.122544 0.205508 -0.970953 -2.54821
2 0 5 -0.907165 0.021638 -0.420218 -1.42435
0 1 5 0.0133586 0.234508 -0.972022 -2.6799
1 1 5 0.0158868 0.179948 -0.983548 -2.88474
2 1 5 -0.0870684 -0.164913 -0.982457 -2.54686
0 2 5 0.380805 -0.0652966 -0.922347 -2.81162
1 2 5 -0.034767 -0.00270421 -0.999392 -2.8381
2 2 5 -0.151191 0.126579 -0.980367 -2.90666
3 0 3 0.0170677 -0.36887 -0.929324 -2.54427
4 0 3 0.310386 0.210451 -0.927023 -2.66893
5 0 3 0.0713702 -0.21072 -0.974938 -2.73399
3 1 3 0.406005 -0.271953 -0.872469 -2.61926
4 1 3 0.637696 0.144023 -0.756705 -2.54671
5 1 3 0.0431809 0.00349217 -0.999061 -2.63863
3 2 3 0.333152 0.181892 -0.925162 -2.65065
4 2 3 0.104394 -0.00639889 -0.994515 -2.64784
5 2 3 0.105271 0.144001 -0.983962 -2.79173
3 0 4 -0.333298 0.140297 -0.932325 -2.59317
4 0 4 -0.264255 -0.0935933 -0.959901 -2.58357
5 0 4 0.320106 0.20141 -0.925725 -2.21607
3 1 4 -0.361474 -0.657302 -0.661279 -2.07666
4 1 4 -0.0171879 -0.000464512 -0.999852 -2.27953
5 1 4 -0.617701 -0.619944 -0.483854 -1.57545
3 2 4 -0.419691 0.437438 -0.795304 -1.91229
4 2 4 -0.469073 -0.649782 -0.598126 -1.88215
5 2 4 -0.171302 -0.186845 -0.967339 -2.39795
3 0 5 -0.352952 0.704128 -0.61614 -1.38171
4 0 5 0.388003 -0.642606 -0.660691 -1.65044
5 0 5 0.118165 0.078512 -0.989885 -2.52895
3 1 5 -0.167464 -0.164706 -0.972022 -2.60712
4 1 5 0.177311 -0.0345614 -0.983548 -2.67457
5 1 5 -0.281242 -0.611483 -0.739589 -2.33568
3 2 5 0.37791 -0.209813 -0.901755 -2.34025
4 2 5 -0.0164287 -0.0307596 -0.999392 -2.69713
5 2 5 0.412152 -0.389511 -0.823658 -2.47319
6 0 3 0.367106 -0.0398754 -0.929324 -2.55019
7 0 3 0.144193 -0.346176 -0.927023 -2.45958
8 0 3 -0.207525 0.0801875 -0.974938 -2.85413
6 1 3 0.108439 0.00334065 -0.994098 -2.75855
7 1 3 -0.0502177 -0.651825 -0.756705 -2.33008
8 1 3 -0.0402032 0.0161399 -0.999061 -2.60928
6 2 3 0.687535 0.169892 -0.705997 -2.26691
7 2 3 -0.0504957 0.0915932 -0.994515 -2.66224
8 2 3 -0.114583 -0.136707 -0.983962 -2.55827
6 0 4 -0.241619 -0.269056 -0.932325 -2.47304
7 0 4 0.0382061 0.562139 -0.82616 -2.32131
8 0 4 -0.341875 -0.161727 -0.925725 -2.60071
6 1 4 0.168112 -0.0911489 -0.981545 -2.57309
7 1 4 -0.00514136 -0.0164075 -0.999852 -2.65701
8 1 4 -0.378669 0.559572 -0.737217 -1.95351
6 2 4 0.198696 0.572723 -0.795304 -2.40687
7 2 4 -0.0312459 0.33777 -0.94071 -2.71418
8 2 4 0.104935 0.899347 -0.424456 -1.49485
6 0 5 -0.143355 0.103252 -0.98427 -2.83673
7 0 5 0.0733946 0.227736 -0.970953 -2.91144
8 0 5 0.12582 0.0655475 -0.989885 -2.93725
6 1 5 0.0532259 -0.228778 -0.972022 -2.72122
7 1 5 0.179683 -0.0186487 -0.983548 -2.94557
8 1 5 0.186373 0.00651821 -0.982457 -2.82997
6 2 5 0.428697 0.0552849 -0.901755 -2.39183
7 2 5 -0.0253467 -0.02395 -0.999392 -2.92263
8 2 5 -0.0236375 0.195761 -0.980367 -2.53033
0 3 3 0.368415 -0.0250317 -0.929324 -2.82366
1 3 3 -0.119795 0.355357 -0.927023 -2.67253
2 3 3 -0.14171 0.171508 -0.974938 -2.8232
0 4 3 -0.0677378 -0.084745 -0.994098 -2.76484
1 4 3 0.101753 0.164793 -0.981066 -2.96767
2 4 3 -0.0244781 -0.0357437 -0.999061 -2.80191
0 5 3 0.311063 0.636245 -0.705997 -2.1611
1 5 3 0.0994091 -0.0325111 -0.994515 -2.7828
2 5 3 0.146455 -0.101829 -0.983962 -2.74736
0 3 4 0.277477 0.231899 -0.932325 -2.61239
1 3 4 -0.0674129 -0.559389 -0.82616 -2.28289
2 3 4 0.195777 -0.323582 -0.925725 -2.44827
0 4 4 -0.191134 -0.00613677 -0.981545 -2.8979
1 4 4 0.00625754 0.0160151 -0.999852 -2.77881
2 4 4 0.443507 0.509717 -0.737217 -1.90577
0 5 4 -0.455601 -0.0276459 -0.889755 -2.51851
1 5 4 -0.250874 0.228313 -0.94071 -2.85332
2 5 4 -0.0703074 -0.243541 -0.967339 -2.65375
0 3 5 0.164964 -0.0632355 -0.98427 -2.5956
1 3 5 0.191971 -0.14282 -0.970953 -2.87742
2 3 5 -0.0786974 0.118042 -0.989885 -2.84465
0 4 5 0.022746 0.233784 -0.972022 -2.90586
1 4 5 -0.0393464 0.176311 -0.983548 -2.86506
2 4 5 -0.629736 0.237573 -0.739589 -2.25262
0 5 5 -0.367158 0.228106 -0.901755 -2.73187
1 5 5 -0.0197224 0.0287591 -0.999392 -2.87521
2 5 5 -0.144127 0.134569 -0.980367 -2.83446
3 3 3 -0.0788342 0.360752 -0.929324 -2.66057
4 3 3 -0.331658 -0.175021 -0.927023 -2.47011
5 3 3 0.204065 0.0886247 -0.974938 -2.84159
3 4 3 0.105733 -0.477094 -0.872469 -2.2337
4 4 3 0.653544 -0.0166942 -0.756705 -2.16044
5 4 3 0.0252165 0.0352267 -0.999061 -2.89834
3 5 3 0.573799 0.415118 -0.705997 -1.83697
4 5 3 -0.065266 0.0817281 -0.994515 -2.69239
5 5 3 -0.172567 0.0451551 -0.983962 -2.91745
3 3 4 -0.256378 0.255032 -0.932325 -2.81497
4 3 4 -0.563394 0.0069079 -0.82616 -2.67797
5 3 4 -0.27749 0.256969 -0.925725 -2.83988
3 4 4 -0.134643 0.135798 -0.981545 -2.6494
4 4 4 -0.0164755 0.00491927 -0.999852 -2.79112
5 4 4 -0.117059 -0.0601619 -0.991301 -2.95061
3 5 4 -0.204934 -0.570521 -0.795304 -2.01584
4 5 4 -0.0661222 0.332705 -0.94071 -2.5504
5 5 4 -0.123736 -0.221234 -0.967339 -2.77775
3 3 5 -0.0147533 0.176051 -0.98427 -2.91299
4 3 5 -0.159324 0.178512 -0.970953 -2.8349
5 3 5 -0.107899 0.0921132 -0.989885 -2.85586
3 4 5 -0.231122 0.0418917 -0.972022 -2.81924
4 4 5 0.117406 -0.137294 -0.983548 -2.93876
5 4 5 0.184959 -0.0238186 -0.982457 -2.90842
3 5 5 0.37782 0.209975 -0.901755 -2.44613
4 5 5 0.0213209 -0.0275949 -0.999392 -2.79161
5 5 5 0.144044 -0.548488 -0.823658 -2.52404
6 3 3 0.231002 -0.288088 -0.929324 -2.63822
7 3 3 -0.252072 -0.277649 -0.927023 -2.6613
8 3 3 0.212323 0.0664497 -0.974938 -2.82525
6 4 3 0.00497705 -0.108376 -0.994098 -2.85521
7 4 3 -0.62398 -0.195057 -0.756705 -2.41712
8 4 3 -0.0395639 0.017649 -0.999061 -2.8877
6 5 3 0.0942345 -0.367688 -0.925162 -2.75117
7 5 3 0.101327 0.0259222 -0.994515 -2.77232
8 5 3 0.0506407 -0.171037 -0.983962 -2.65314
6 3 4 -0.316064 0.175711 -0.932325 -2.62342
7 3 4 0.264138 -0.0939231 -0.959901 -2.68086
8 3 4 -0.0980754 -0.36526 -0.925725 -1.90637
6 4 4 0.187985 0.0350958 -0.981545 -2.85983
7 4 4 -0.0171872 -0.000492424 -0.999852 -2.85988
8 4 4 0.0778262 -0.106138 -0.991301 -2.96101
6 5 4 0.0265704 -0.455665 -0.889755 -2.72778
7 5 4 -0.325968 0.0938598 -0.94071 -2.73268
8 5 4 0.215612 -0.133292 -0.967339 -2.77874
6 3 5 -0.122458 0.127341 -0.98427 -2.83008
7 3 5 -0.160924 -0.177071 -0.970953 -2.58428
8 3 5 -0.628617 0.654414 -0.420218 -1.19311
6 4 5 0.234046 -0.0198722 -0.972022 -2.95173
7 4 5 0.0210716 0.179415 -0.983548 -2.9274
8 4 5 -0.144587 0.117779 -0.982457 -2.78666
6 5 5 0.422809 0.0898338 -0.901755 -2.65046
7 5 5 -0.0204553 -0.0282425 -0.999392 -2.68844
8 5 5 -0.19109 0.048638 -0.980367 -2.83418
0 6 3 0.0938317 0.357144 -0.929324 -2.7237
1 6 3 -0.371487 0.0512482 -0.927023 -2.77689
2 6 3 0.0952603 -0.201053 -0.974938 -2.94033
0 7 3 -0.118043 0.474198 -0.872469 -2.42105
1 7 3 -0.502083 0.418701 -0.756705 -2.61849
2 7 3 0.0432746 -0.00202469 -0.999061 -2.58313
0 8 3 0.166323 -0.688407 -0.705997 -1.36069
1 8 3 -0.10403 -0.0108137 -0.994515 -2.52035
2 8 3 -0.157402 0.0839219 -0.983962 -2.60557
0 6 4 -0.0101599 -0.36148 -0.932325 -2.59384
1 6 4 -0.203845 0.192451 -0.959901 -2.78535
2 6 4 0.167967 -0.338852 -0.925725 -2.5757
0 7 4 -0.185714 0.0456107 -0.981545 -2.33881
1 7 4 -0.388003 0.459855 -0.798741 -1.83241
2 7 4 0.867987 0.111732 -0.483854 -0.678547
0 8 4 0.985128 0.0694541 -0.157156 -0.297698
1 8 4 0.402241 -0.693143 -0.598126 -1.08736
2 8 4 -0.869984 -0.250928 -0.424456 -0.912467
0 6 5 -0.0175337 0.175796 -0.98427 -2.67335
1 6 5 0.110624 0.212162 -0.970953 -2.94639
2 6 5 -0.0757308 0.119966 -0.989885 -2.92372
0 7 5 0.0554915 -0.228239 -0.972022 -2.85049
1 7 5 0.133531 -0.121668 -0.983548 -2.72334
2 7 5 -0.164643 -0.0875791 -0.982457 -2.60907
0 8 5 -0.0565757 0.428528 -0.901755 -2.04109
1 8 5 -0.00591643 -0.0343665 -0.999392 -2.76543
2 8 5 0.176071 -0.0887713 -0.980367 -2.22331
3 6 3 0.221464 -0.295483 -0.929324 -2.66489
4 6 3 0.300153 0.224805 -0.927023 -2.58933
5 6 3 0.154199 -0.160372 -0.974938 -2.50181
3 7 3 -0.0990081 -0.478535 -0.872469 -2.56432
4 7 3 -0.65321 -0.0267475 -0.756705 -1.98681
5 7 3 -0.0222821 0.0371524 -0.999061 -2.57707
3 8 3 -0.664076 -0.246111 -0.705997 -2.11647
4 8 3 0.54479 0.0659455 -0.835975 -1.94031
5 8 3 0.0745757 -0.162039 -0.983962 -2.80062
3 6 4 -0.189789 -0.58009 -0.792134 -2.52585
4 6 4 0.562569 0.0312493 -0.82616 -2.06446
5 6 4 0.0561693 0.374004 -0.925725 -2.1505
3 7 4 -0.0798836 -0.173748 -0.981545 -2.52019
4 7 4 -0.53817 -0.269045 -0.798741 -2.40506
5 7 4 -0.500384 -0.717984 -0.483854 -1.6906
3 8 4 -0.542786 -0.269955 -0.795304 -2.69332
4 8 4 -0.153292 -0.302599 -0.94071 -2.75696
5 8 4 0.000530774 -0.253486 -0.967339 -2.69881
3 6 5 0.164307 -0.0649215 -0.98427 -2.80607
4 6 5 -0.239161 0.00723947 -0.970953 -2.69598
5 6 5 -0.00767793 -0.141662 -0.989885 -2.72903
3 7 5 0.162653 -0.16946 -0.972022 -2.93003
4 7 5 -0.0729556 0.165261 -0.983548 -2.76437
5 7 5 -0.47738 0.474464 -0.739589 -1.74987
3 8 5 0.105984 -0.419052 -0.901755 -2.3242
4 8 5 -0.0299206 -0.0179114 -0.999392 -2.7113
5 8 5 0.0513683 -0.564756 -0.823658 -2.35486
6 6 3 -0.058162 0.364656 -0.929324 -2.52472
7 6 3 0.373005 0.0386892 -0.927023 -2.40387
8 6 3 0.0505703 0.216655 -0.974938 -2.69727
6 7 3 -0.43482 0.223 -0.872469 -2.58654
7 7 3 -0.559456 0.338241 -0.756705 -2.39804
8 7 3 -0.0424652 0.00857299 -0.999061 -2.7106
6 8 3 -0.521544 -0.479124 -0.705997 -1.93628
7 8 3 -0.382076 0.393908 -0.835975 -2.35927
8 8 3 0.177956 0.0122502 -0.983962 -2.69718
6 6 4 0.0194994 -0.361096 -0.932325 -2.46769
7 6 4 -0.491732 0.275064 -0.82616 -2.29899
8 6 4 0.321747 -0.198778 -0.925725 -2.32211
6 7 4 -0.584259 -0.494805 -0.64328 -2.54088
7 7 4 -0.537877 -0.269631 -0.798741 -2.51033
8 7 4 -0.090472 0.0955876 -0.991301 -2.85757
6 8 4 -0.117173 -0.65678 -0.744923 -2.49055
7 8 4 0.101273 0.323741 -0.94071 -2.46722
8 8 4 -0.139308 0.211774 -0.967339 -2.41801
6 6 5 0.145944 -0.0995589 -0.98427 -2.72608
7 6 5 -0.335559 0.671482 -0.660691 -1.90682
8 6 5 -0.786664 -0.133648 -0.602742 -1.6259
6 7 5 -0.0194539 -0.234081 -0.972022 -2.6265
7 7 5 -0.176862 -0.0367876 -0.983548 -2.7631
8 7 5 0.0752351 -0.170637 -0.982457 -2.76405
6 8 5 -0.361798 -0.236516 -0.901755 -2.61856
7 8 5 0.00409742 0.0346305 -0.999392 -2.86515
8 8 5 -0.0508866 -0.190504 -0.980367 -2.8522
0 0 6 -0.36775 0.033415 -0.929324 -2.49398
1 0 6 -0.0979195 -0.361996 -0.927023 -2.73342
2 0 6 -0.110091 0.19333 -0.974938 -2.52766
0 1 6 0.0868701 -0.0649901 -0.994098 -2.65177
1 1 6 0.169375 -0.461091 -0.871038 -2.72857
2 1 6 0.0311326 -0.0301256 -0.999061 -2.95006
0 2 6 0.67776 -0.205449 -0.705997 -2.4333
1 2 6 -0.0239891 -0.617098 -0.786521 -2.35803
2 2 6 -0.176822 0.0234997 -0.983962 -2.87308
0 0 7 -0.327399 0.153561 -0.932325 -2.31693
1 0 7 0.194611 -0.201784 -0.959901 -2.70398
2 0 7 0.419337 -0.376833 -0.825926 -2.48652
0 1 7 -0.248577 -0.707756 -0.661279 -2.00532
1 1 7 -0.0165317 -0.00472692 -0.999852 -2.75451
2 1 7 0.0289154 -0.128398 -0.991301 -2.92538
0 2 7 0.502212 -0.339523 -0.795304 -2.32414
1 2 7 0.337707 0.0319131 -0.94071 -2.70796
2 2 7 0.0446779 0.249518 -0.967339 -2.58711
0 0 8 -0.109762 -0.138434 -0.98427 -2.90738
1 0 8 -0.239267 0.00143325 -0.970953 -2.95138
2 0 8 -0.107515 0.0925619 -0.989885 -2.84796
0 1 8 0.178972 -0.152123 -0.972022 -2.72198
1 1 8 -0.176801 -0.0370829 -0.983548 -2.96433
2 1 8 -0.136751 -0.086708 -0.986803 -2.92726
0 2 8 0.195608 0.385454 -0.901755 -2.41279
1 2 8 0.0185405 0.0295349 -0.999392 -2.94346
2 2 8 -0.194348 -0.0333174 -0.980367 -2.92295
3 0 6 -0.366487 0.0452119 -0.929324 -2.58426
4 0 6 -0.150317 -0.343561 -0.927023 -2.7397
5 0 6 -0.0129814 -0.2221 -0.974938 -2.98264
3 1 6 -0.107301 -0.0160223 -0.994098 -2.89916
4 1 6 0.263583 -0.414509 -0.871038 -2.7029
5 1 6 -0.0384217 -0.0200141 -0.999061 -2.66236
3 2 6 -0.354382 -0.13597 -0.925162 -2.45679
4 2 6 0.0162765 0.103316 -0.994515 -2.6062
5 2 6 -0.0174233 -0.177524 -0.983962 -2.78768
3 0 7 0.287721 -0.21906 -0.932325 -2.68773
4 0 7 -0.505633 -0.248587 -0.82616 -2.06938
5 0 7 -6.88875e-05 0.000575398 -1 -2.71872
3 1 7 0.185443 0.0466976 -0.981545 -2.85545
4 1 7 0.536045 -0.273255 -0.798741 -2.17877
5 1 7 -0.592963 -0.323891 -0.737217 -2.20357
3 2 7 0.606163 -0.00762679 -0.795304 -2.05395
4 2 7 0.574933 -0.558299 -0.598126 -2.21806
5 2 7 0.189714 -0.168119 -0.967339 -2.53243
3 0 8 -0.0871281 -0.153689 -0.98427 -2.81996
4 0 8 -0.649641 -0.376105 -0.660691 -2.11978
5 0 8 0.0127906 -0.434913 -0.900382 -2.49854
3 1 8 0.10483 -0.210197 -0.972022 -2.79374
4 1 8 -0.0714633 0.165911 -0.983548 -2.5751
5 1 8 -0.138515 -0.0838625 -0.986803 -2.86051
3 2 8 -0.41366 -0.125391 -0.901755 -2.38848
4 2 8 0.023717 -0.0255649 -0.999392 -2.76561
5 2 8 -0.143188 -0.135566 -0.980367 -2.93464
6 0 6 0.00505223 -0.36923 -0.929324 -2.61443
7 0 6 0.35182 -0.129815 -0.927023 -2.53758
8 0 6 0.198589 -0.100294 -0.974938 -2.58249
6 1 6 -0.0153032 0.48843 -0.872469 -2.21224
7 1 6 0.270818 0.409818 -0.871038 -2.73547
8 1 6 0.0409084 0.0142582 -0.999061 -2.96613
6 2 6 -0.698378 0.117627 -0.705997 -1.92081
7 2 6 0.0781622 0.0694968 -0.994515 -2.76067
8 2 6 -0.0210212 0.177134 -0.983962 -2.81781
6 0 7 -0.224029 -0.283869 -0.932325 -2.47067
7 0 7 -0.264927 0.497267 -0.82616 -2.37178
8 0 7 0.109209 0.923317 -0.368185 -1.18361
6 1 7 -0.735613 -0.212283 -0.64328 -2.02756
7 1 7 -0.00149964 0.0171287 -0.999852 -2.68219
8 1 7 0.123262 -0.0461363 -0.991301 -2.4854
6 2 7 -0.198874 0.410835 -0.889755 -2.27427
7 2 7 0.339196 -0.00325424 -0.94071 -2.78926
8 2 7 -0.117714 0.224497 -0.967339 -2.73283
6 0 8 0.174696 -0.0263268 -0.98427 -2.92055
7 0 8 0.155387 0.181949 -0.970953 -2.65646
8 0 8 0.335839 -0.276631 -0.900382 -2.34423
6 1 8 0.229706 0.0490664 -0.972022 -2.49995
7 1 8 0.131755 -0.123588 -0.983548 -2.82899
8 1 8 -0.108579 0.120124 -0.986803 -2.83102
6 2 8 -0.142457 -0.408097 -0.901755 -2.27096
7 2 8 0.0223252 -0.0267889 -0.999392 -2.94654
8 2 8 -0.197133 -0.00443219 -0.980367 -2.87585
0 3 6 0.13431 -0.343973 -0.929324 -2.65406
1 3 6 0.37337 -0.0349831 -0.927023 -2.63312
2 3 6 -0.174179 0.138414 -0.974938 -2.55756
0 4 6 0.397892 0.28369 -0.872469 -2.70303
1 4 6 -0.0291546 0.49035 -0.871038 -2.64743
2 4 6 0.0179077 -0.0394475 -0.999061 -2.54845
0 5 6 0.358951 -0.123405 -0.925162 -2.43517
1 5 6 0.471382 0.28097 -0.835975 -2.51212
2 5 6 0.151346 0.094407 -0.983962 -2.89933
0 3 7 0.187005 0.309516 -0.932325 -2.50263
1 3 7 0.367413 -0.427163 -0.82616 -1.94375
2 3 7 0.697858 0.614357 -0.368185 -1.34979
0 4 7 0.517092 0.543439 -0.661279 -1.79458
1 4 7 -0.469372 0.376433 -0.798741 -1.67136
2 4 7 0.833411 0.267042 -0.483854 -1.09033
0 5 7 -0.594049 -0.120821 -0.795304 -1.95077
1 5 7 -0.180654 -0.287104 -0.94071 -2.52879
2 5 7 0.237199 0.0893964 -0.967339 -2.63368
0 3 8 0.160301 0.074266 -0.98427 -2.92215
1 3 8 -0.16921 0.16917 -0.970953 -2.75601
2 3 8 -0.168524 0.401139 -0.900382 -2.49192
0 4 8 -0.229705 -0.0490709 -0.972022 -2.68024
1 4 8 -0.0216175 -0.17935 -0.983548 -2.80592
2 4 8 -0.146068 0.0698816 -0.986803 -2.40429
0 5 8 -0.284618 -0.325316 -0.901755 -2.35618
1 5 8 0.02324 0.0259993 -0.999392 -2.74331
2 5 8 0.545282 0.15574 -0.823658 -2.46152
3 3 6 0.22506 0.292753 -0.929324 -2.58956
4 3 6 0.135688 -0.349597 -0.927023 -2.53362
5 3 6 -0.135184 -0.176697 -0.974938 -2.95746
3 4 6 -0.099047 -0.0442699 -0.994098 -2.46921
4 4 6 -0.030965 -0.949689 -0.31166 -1.34471
5 4 6 -0.0277334 0.0332814 -0.999061 -2.65352
3 5 6 -0.16285 -0.148724 -0.975377 -2.66042
4 5 6 0.321841 -0.444482 -0.835975 -2.4559
5 5 6 0.0654895 0.16592 -0.983962 -2.34187
3 3 7 -0.359347 0.0405082 -0.932325 -2.01164
4 3 7 -0.221981 -0.517866 -0.82616 -2.49684
5 3 7 -0.346453 -0.151671 -0.925725 -2.72814
3 4 7 -0.840075 -0.00555077 -0.542442 -1.05684
4 4 7 0.0124983 0.0118082 -0.999852 -2.33002
5 4 7 0.0068882 0.131433 -0.991301 -2.3565
3 5 7 0.594388 -0.119146 -0.795304 -1.81406
4 5 7 -0.267311 -0.208829 -0.94071 -2.40247
5 5 7 -0.00450195 -0.905437 -0.424456 -1.20768
3 3 8 0.166324 -0.0595651 -0.98427 -2.65885
4 3 8 -0.193461 0.140795 -0.970953 -2.83039
5 3 8 -0.43271 -0.0455534 -0.900382 -2.81178
3 4 8 -0.0927425 0.215804 -0.972022 -2.77538
4 4 8 -0.117873 0.136893 -0.983548 -2.94571
5 4 8 -0.0248492 0.160005 -0.986803 -2.8118
3 5 8 -0.253783 0.349902 -0.901755 -2.42739
4 5 8 0.0111709 0.0330344 -0.999392 -2.75809
5 5 8 -0.334248 0.458111 -0.823658 -1.7755
6 3 6 0.0383609 -0.367267 -0.929324 -2.49936
7 3 6 -0.327999 0.181785 -0.927023 -2.67859
8 3 6 -0.0920501 -0.202543 -0.974938 -2.54552
6 4 6 -0.0462457 0.09814 -0.994098 -2.62667
7 4 6 -0.18499 0.455051 -0.871038 -2.80825
8 4 6 0.0159144 0.0402929 -0.999061 -2.8934
6 5 6 0.0859107 -0.261723 -0.961312 -2.68442
7 5 6 -0.433327 0.33671 -0.835975 -2.45518
8 5 6 -0.157924 -0.0829352 -0.983962 -2.59701
6 3 7 0.327301 0.153769 -0.932325 -2.30926
7 3 7 0.27832 0.0335914 -0.959901 -2.7769
8 3 7 -0.354226 0.132506 -0.925725 -2.70813
6 4 7 -0.243607 -0.803998 -0.542442 -1.66998
7 4 7 0.00388389 0.0167498 -0.999852 -2.51811
8 4 7 -0.120258 -0.0534816 -0.991301 -2.50845
6 5 7 -0.208557 -0.569207 -0.795304 -2.36954
7 5 7 -0.769969 0.222247 -0.598126 -1.69362
8 5 7 0.102994 -0.899572 -0.424456 -1.44672
6 3 8 -0.1403 -0.107367 -0.98427 -2.85021
7 3 8 -0.0553587 -0.232779 -0.970953 -2.95295
8 3 8 0.137142 -0.0363187 -0.989885 -2.92474
6 4 8 0.172359 -0.159577 -0.972022 -2.76199
7 4 8 0.0253329 -0.178863 -0.983548 -3.01844
8 4 8 0.130082 -0.0964255 -0.986803 -2.92806
6 5 8 0.254503 -0.349379 -0.901755 -2.33561
7 5 8 -0.0337662 -0.00871206 -0.999392 -2.68329
8 5 8 0.526959 -0.209529 -0.823658 -2.35949
0 6 6 0.167341 0.329171 -0.929324 -2.79393
1 6 6 -0.142554 0.346854 -0.927023 -2.82518
2 6 6 -0.222393 -0.00616931 -0.974938 -2.92816
0 7 6 0.0635012 -0.0879643 -0.994098 -2.61256
1 7 6 -0.0222156 0.490713 -0.871038 -2.64072
2 7 6 0.0141914 -0.0409316 -0.999061 -2.93499
0 8 6 0.630255 -0.323026 -0.705997 -1.82357
1 8 6 -0.10418 0.00925099 -0.994515 -2.53598
2 8 6 0.00337711 0.178345 -0.983962 -2.96206
0 6 7 -0.342242 0.116794 -0.932325 -2.14374
1 6 7 -0.280314 -0.0038043 -0.959901 -2.9257
2 6 7 -0.300311 -0.229885 -0.925725 -2.64169
0 7 7 0.567083 0.491046 -0.661279 -2.05827
1 7 7 0.0144058 0.00938688 -0.999852 -2.58471
2 7 7 -0.0616824 -0.116265 -0.991301 -2.97429
0 8 7 0.163587 0.583722 -0.795304 -1.78308
1 8 7 0.23724 -0.765482 -0.598126 -1.56165
2 8 7 -0.233141 0.0995004 -0.967339 -2.439
0 6 8 -0.529224 0.583346 -0.61614 -2.13965
1 6 8 -0.0759003 0.226913 -0.970953 -2.81346
2 6 8 -0.0628778 0.430533 -0.900382 -2.6787
0 7 8 -0.112952 0.0429598 -0.992671 -2.63798
1 7 8 -0.177736 0.0323045 -0.983548 -3.00833
2 7 8 -0.0634597 0.14897 -0.986803 -2.95057
0 8 8 -0.280081 -0.32923 -0.901755 -2.57997
1 8 8 -0.0176312 -0.0300865 -0.999392 -2.68312
2 8 8 -0.128133 0.149877 -0.980367 -2.92392
3 6 6 -0.185854 -0.215085 -0.958748 -2.79972
4 6 6 0.373779 -0.0303042 -0.927023 -2.62708
5 6 6 -0.171931 -0.141196 -0.974938 -2.89874
3 7 6 -0.0522701 -0.0950682 -0.994098 -2.95358
4 7 6 -0.0476314 -0.187727 -0.981066 -2.8867
5 7 6 -0.0148492 -0.0406975 -0.999061 -2.83048
3 8 6 0.271889 0.26486 -0.925162 -2.62795
4 8 6 -0.0263499 0.101217 -0.994515 -2.69375
5 8 6 -0.0517417 -0.170707 -0.983962 -2.89653
3 6 7 0.280154 0.228658 -0.932325 -2.66665
4 6 7 -0.0163872 0.27986 -0.959901 -2.60463
5 6 7 -0.000541418 0.000206628 -1 -2.64142
3 7 7 0.154594 -0.112564 -0.981545 -2.89405
4 7 7 -0.0485161 -0.599715 -0.798741 -2.30887
5 7 7 0.123023 0.0467697 -0.991301 -2.69742
3 8 7 0.381711 -0.250266 -0.889755 -2.70357
4 8 7 0.737684 -0.313158 -0.598126 -1.83823
5 8 7 0.0768821 -0.241546 -0.967339 -2.67051
3 6 8 -0.0163758 0.175908 -0.98427 -2.89549
4 6 8 -0.11464 -0.210019 -0.970953 -2.77157
5 6 8 0.202857 -0.384918 -0.900382 -2.48867
3 7 8 0.152957 -0.178259 -0.972022 -2.92794
4 7 8 0.173121 -0.0516007 -0.983548 -2.77968
5 7 8 -0.161622 -0.00988317 -0.986803 -2.76952
3 8 8 -0.112505 -0.417349 -0.901755 -2.72669
4 8 8 -0.0449066 -0.487523 -0.871955 -2.47863
5 8 8 0.553696 -0.122507 -0.823658 -2.56371
6 6 6 -0.0866108 -0.270743 -0.958748 -2.83732
7 6 6 0.35515 -0.120406 -0.927023 -2.20854
8 6 6 0.222385 -0.0064681 -0.974938 -2.38515
6 7 6 -0.448912 -0.193071 -0.872469 -2.25177
7 7 6 -0.490493 -0.0266449 -0.871038 -2.42785
8 7 6 -0.0312996 0.0299521 -0.999061 -2.94191
6 8 6 0.263902 0.272819 -0.925162 -2.45229
7 8 6 0.0743823 0.543703 -0.835975 -2.49823
8 8 6 0.164109 -0.0699031 -0.983962 -2.78342
6 6 7 0.337741 0.129236 -0.932325 -2.53814
7 6 7 -0.106708 0.259237 -0.959901 -2.04068
8 6 7 0.352864 -0.86019 -0.368185 -1.07563
6 7 7 0.833827 0.102423 -0.542442 -1.75337
7 7 7 0.144484 -0.584069 -0.798741 -2.02049
8 7 7 0.0138923 0.130879 -0.991301 -2.37091
6 8 7 0.551704 0.251226 -0.795304 -2.48123
7 8 7 -0.149266 0.214291 -0.965297 -2.52736
8 8 7 -0.238247 0.0865669 -0.967339 -2.54324
6 6 8 -0.0278578 0.174458 -0.98427 -2.76987
7 6 8 0.122186 -0.205721 -0.970953 -2.84918
8 6 8 -0.0441453 0.134827 -0.989885 -2.34868
6 7 8 -0.0412528 0.231237 -0.972022 -2.66549
7 7 8 -0.0303805 -0.178075 -0.983548 -2.77282
8 7 8 0.161775 -0.00694132 -0.986803 -2.95927
6 8 8 0.39953 0.164963 -0.901755 -2.63435
7 8 8 -0.0838515 -0.482352 -0.871955 -2.48631
8 8 8 -0.0246912 -0.195631 -0.980367 -2.90495
