Position_x Position_y Position_z Spin_x Spin_y Spin_z Spin_energy Temperature n_spins
0 0 0 -0.627594 0.720787 0.294265 0.540679 2.301 729
0 0 10 -0.60813 -0.003087 0.793832 -0.266551
0 0 20 0.510339 0.764966 0.392915 -1.1291
0 0 30 -0.416775 0.0461228 0.907839 0.56591
0 0 40 -0.0379648 -0.982341 -0.183209 -0.922647
0 0 50 -0.335796 0.0252781 0.941595 -0.131047
0 0 60 -0.0372755 -0.0808425 0.99603 -0.860009
0 0 70 0.641354 0.509556 -0.573601 0.759656
0 0 80 0.654362 -0.754751 0.0464757 -0.319192
0 0 90 0.0406348 -0.352898 -0.934779 1.8162
0 10 0 0.596741 -0.264778 0.757491 -0.439193
0 10 10 0.516433 0.423903 -0.744045 1.05592
0 10 20 -0.484312 -0.519107 0.704251 0.394974
0 10 30 0.0674304 0.0504261 -0.996449 2.49339
0 10 40 -0.300452 0.57511 0.760905 -0.78419
0 10 50 0.773128 -0.318394 0.548542 -0.84299
0 10 60 0.769999 0.58231 -0.2608 1.01901
0 10 70 -0.759588 0.242956 0.603323 1.71825
0 10 80 0.234231 0.944612 0.229879 -0.569082
0 10 90 0.21283 0.201313 0.956126 -0.294861
0 20 0 -0.378258 0.22677 -0.897494 0.748401
0 20 10 0.039755 -0.0343161 0.99862 0.884699
0 20 20 0.429999 0.64972 -0.62687 0.927091
0 20 30 -0.421491 -0.795443 0.435449 0.248186
0 20 40 -0.370738 -0.815769 0.44393 -0.0518827
0 20 50 0.820791 -0.175255 -0.543679 1.22519
0 20 60 0.0253068 -0.0872927 0.995861 -0.603801
0 20 70 0.104318 0.588805 0.801515 -0.558309
0 20 80 0.37915 -0.922963 -0.0662134 0.462785
0 20 90 0.491031 -0.027222 0.870717 -0.349538
0 30 0 -0.541578 -0.406781 -0.735678 0.85367
0 30 10 -0.966194 -0.13127 0.221897 -1.27667
0 30 20 -0.570367 -0.608784 -0.55142 -0.264268
0 30 30 -0.870822 0.439213 0.220819 -0.431157
0 30 40 0.00284463 0.0123659 0.999919 -1.5227
0 30 50 -0.0115951 -0.345352 0.938402 -1.8575
0 30 60 0.109659 -0.0526028 0.992576 0.637394
0 30 70 0.457627 0.779673 -0.42742 -0.0825986
0 30 80 -0.339273 0.66826 0.662059 0.229524
0 30 90 0.013843 -0.108219 0.994031 0.0951659
0 40 0 0.7447 -0.155851 0.648947 -0.22089
0 40 10 -0.853603 -0.480453 -0.201312 0.306738
0 40 20 0.221386 -0.0557468 0.973592 -1.04067
0 40 30 -0.365901 0.221628 0.903879 -1.6277
0 40 40 0.240243 0.0428056 -0.969769 1.52854
0 40 50 -0.633977 0.670867 0.384722 0.207979
0 40 60 -0.0024278 -0.0304039 -0.999535 1.00693
0 40 70 -0.272816 -0.672242 -0.688231 0.485525
0 40 80 -0.189869 -0.154065 0.969646 0.207365
0 40 90 -0.0233033 0.863592 0.503652 -0.0336036
0 50 0 -0.718366 0.490914 0.492903 -1.05076
0 50 10 -0.828094 0.0179165 0.560303 -0.533503
0 50 20 0.497982 -0.183341 0.847585 0.167275
0 50 30 0.749839 -0.420716 0.510626 -0.297046
0 50 40 0.752868 0.544555 0.369662 -0.651037
0 50 50 0.112068 0.204041 0.972527 0.42346
0 50 60 0.687024 -0.538306 0.488083 -1.38538
0 50 70 0.796918 -0.452201 0.400543 -0.421735
0 50 80 0.424299 0.718885 -0.550613 -0.0826365
0 50 90 -0.845372 0.526813 0.0884014 -1.11655
0 60 0 -0.738583 -0.327862 -0.589068 0.0972051
0 60 10 0.356052 -0.916168 -0.184017 0.34793
0 60 20 -0.182145 0.971216 0.153505 -0.439825
0 60 30 -0.788376 -0.536721 0.300655 0.47668
0 60 40 -0.19513 -0.731645 0.653161 -0.463797
0 60 50 -0.035334 0.0485699 0.998195 -0.6659
0 60 60 0.852969 0.438362 -0.283341 -0.650397
0 60 70 0.109662 -0.421474 -0.900185 -0.085579
0 60 80 0.230065 -0.206507 -0.951013 -0.798198
0 60 90 -0.0587848 -0.0946406 -0.993774 0.772954
0 70 0 -0.0675466 -0.0152579 0.997599 0.17548
0 70 10 0.278476 -0.783368 -0.555686 -0.20531
0 70 20 0.0206169 -0.551141 -0.834157 0.689258
0 70 30 0.0519764 0.763979 0.643144 0.435582
0 70 40 0.426476 0.35962 0.829935 -0.792406
0 70 50 0.310469 -0.125275 -0.942292 -0.44752
0 70 60 -0.282663 0.218605 0.933977 0.127386
0 70 70 0.274717 0.195393 0.941463 0.649285
0 70 80 -0.0692288 0.427775 0.90123 -1.22415
0 70 90 0.993612 0.111074 0.0199419 -1.25838
0 80 0 -0.116332 -0.0745236 0.990411 1.42347
0 80 10 0.80257 -0.377386 -0.462018 0.806953
0 80 20 0.110149 0.304531 0.946112 0.0418152
0 80 30 0.754264 0.65589 -0.0298947 -1.1364
0 80 40 0.648284 0.495628 -0.577997 -1.04271
0 80 50 -0.0509622 -0.060473 -0.996868 -0.44685
0 80 60 0.0443769 -0.112987 -0.992605 -0.587755
0 80 70 0.921339 -0.267073 0.2825 -0.698213
0 80 80 -0.812697 0.569364 -0.12389 0.447708
0 80 90 0.574961 0.18231 -0.797611 -1.10012
0 90 0 0.332531 0.589636 -0.736039 -0.116853
0 90 10 -0.206962 0.168582 -0.963715 -1.04854
0 90 20 0.118209 0.414259 -0.90245 -1.43702
0 90 30 0.610217 0.65896 -0.43978 -0.682661
0 90 40 0.714304 -5.48817e-06 -0.699836 -1.29229
0 90 50 0.319956 -0.106159 0.941466 -0.437943
0 90 60 0.0970298 0.626681 0.773211 -1.05542
0 90 70 0.0242709 -0.168976 0.985321 -0.784885
0 90 80 -0.720553 -0.192729 0.666077 -0.462592
0 90 90 0.401191 -0.703881 -0.586172 -0.137754
10 0 0 0.26498 -0.0950535 -0.959557 -0.940779
10 0 10 0.0371653 -0.0136611 -0.999216 -0.571696
10 0 20 0.976855 -0.212752 0.0221569 0.07068
10 0 30 -0.765683 0.0437126 0.641731 0.00851097
10 0 40 0.605363 0.754524 0.253434 -0.268679
10 0 50 -0.327443 0.906925 0.265082 -0.475096
10 0 60 0.228861 0.29534 0.927576 -0.826422
10 0 70 -0.113566 0.390085 0.913748 -0.552143
10 0 80 0.330944 -0.446167 0.831511 1.10881
10 0 90 -0.93465 0.194852 -0.297426 -0.270694
10 10 0 -0.0208101 -0.0993844 0.994831 1.61976
10 10 10 -0.00599798 0.00202128 -0.99998 0.762895
10 10 20 -0.552448 0.0705726 -0.830554 0.652482
10 10 30 0.970352 -0.225855 -0.0860547 0.729778
10 10 40 -0.065334 0.0674622 -0.99558 -0.152251
10 10 50 0.523248 0.448487 -0.724618 0.747802
10 10 60 -0.540039 -0.83416 -0.111961 0.348966
10 10 70 0.000172734 0.41846 -0.908235 -1.0732
10 10 80 -0.181511 0.135673 -0.973985 0.363853
10 10 90 0.390912 -0.792518 -0.468084 -0.525175
10 20 0 0.977576 -0.178949 -0.111007 -0.421675
10 20 10 -0.0141126 0.00666945 0.999878 0.411703
10 20 20 0.0715858 0.175142 -0.981937 -0.0254416
10 20 30 0.2639 0.852306 0.451588 0.0670238
10 20 40 0.346475 0.142915 0.927109 1.29823
10 20 50 0.534456 0.0964246 -0.839678 -0.465081
10 20 60 -0.0337116 0.993392 -0.109704 -0.265666
10 20 70 0.0054165 0.143013 -0.989706 -0.662819
10 20 80 0.0359867 -0.00115217 -0.999352 -0.980267
10 20 90 -0.370208 0.323224 -0.870903 0.669523
10 30 0 -0.178726 0.175156 0.968183 0.841103
10 30 10 -0.838709 0.114211 0.532468 1.05087
10 30 20 0.736753 0.646963 0.196553 -0.750429
10 30 30 0.93791 -0.309969 -0.155704 -0.335332
10 30 40 -0.307194 -0.368323 -0.877479 1.1074
10 30 50 0.160161 0.10783 -0.981184 -1.81299
10 30 60 0.287703 0.889352 0.35536 0.14393
10 30 70 0.939777 0.171579 -0.295601 0.648341
10 30 80 -0.945893 -0.319075 -0.0589678 1.06638
10 30 90 0.917407 -0.0141022 -0.397701 0.541435
10 40 0 -0.160995 0.726766 0.667752 0.00219845
10 40 10 -0.789726 0.601753 -0.11927 0.212338
10 40 20 0.642541 -0.0255968 0.765824 -0.0187916
10 40 30 0.729777 0.231392 0.643338 -0.535595
10 40 40 0.337745 -0.010707 -0.941177 0.487427
10 40 50 -0.480734 -0.612833 -0.62716 -0.805669
10 40 60 0.131299 0.149962 -0.979935 0.0195266
10 40 70 0.999573 0.00715918 -0.0283294 -1.27489
10 40 80 0.496169 -0.773543 -0.394268 0.193838
10 40 90 -0.253698 -0.0772787 -0.964192 -0.940901
10 50 0 -0.965248 -0.255059 -0.0569341 -0.241488
10 50 10 -0.389209 -0.423589 0.817978 -0.08282
10 50 20 -0.794795 -0.296187 0.529692 -0.745164
10 50 30 0.236732 -0.439478 -0.866497 -0.145468
10 50 40 -0.358135 0.798686 -0.48357 -1.07763
10 50 50 -0.748169 0.24508 -0.616586 -1.35348
10 50 60 -0.950146 -0.301824 -0.0782619 -0.287115
10 50 70 -0.754128 -0.64782 -0.1078 0.0544841
10 50 80 0.0557527 0.106041 -0.992798 0.73951
10 50 90 0.261064 0.365327 0.893522 -0.298454
10 60 0 -0.0298289 -0.0855062 0.995891 -1.69095
10 60 10 0.591246 -0.136083 0.794927 -1.21865
10 60 20 -0.213549 0.553232 0.80519 0.307274
10 60 30 0.298147 -0.352843 -0.886911 -0.467127
10 60 40 0.391708 0.313189 -0.865146 -0.384543
10 60 50 -0.0513342 0.153963 0.986742 1.61339
10 60 60 0.192633 -0.627599 0.754329 0.28992
10 60 70 0.192366 0.979227 0.0641034 -0.147586
10 60 80 -0.717168 -0.277547 0.639248 -1.1916
10 60 90 -0.74516 0.223335 0.628377 -1.06721
10 70 0 -0.763688 -0.602464 0.231985 0.185486
10 70 10 0.208043 -0.859479 0.46692 -0.600031
10 70 20 -0.818967 0.210358 -0.533894 0.672605
10 70 30 0.0538673 0.0761261 -0.995642 -0.885777
10 70 40 0.34487 -0.934528 -0.0878783 -0.503172
10 70 50 -0.573536 0.198324 0.794811 0.210167
10 70 60 -0.752033 -0.47834 0.453473 -0.633138
10 70 70 0.163805 0.884956 0.435914 -0.333247
10 70 80 0.816424 0.574195 0.0612504 0.133886
10 70 90 0.502631 -0.616033 0.606519 -1.39439
10 80 0 -0.539878 -0.514076 0.666527 -0.371594
10 80 10 0.0200814 0.0771832 -0.996815 -0.148034
10 80 20 -0.45546 -0.131579 0.880479 0.37096
10 80 30 -0.665338 -0.706049 -0.24253 -0.989311
10 80 40 0.205657 0.195703 -0.958856 -0.927091
10 80 50 0.0388401 0.0031978 -0.99924 -0.255091
10 80 60 0.306794 0.342666 0.887951 0.14803
10 80 70 0.616008 -0.664557 0.422965 -0.120763
10 80 80 -0.66563 0.598534 -0.445751 1.12678
10 80 90 0.154185 0.607038 0.779572 1.26272
10 90 0 -0.0379094 -0.938307 0.343719 0.258383
10 90 10 -0.799211 -0.0838893 -0.595167 -1.05721
10 90 20 0.239311 0.104285 -0.965326 -0.473324
10 90 30 -0.306145 0.935825 0.174662 -0.841853
10 90 40 -0.225586 0.757232 -0.612952 -0.819378
10 90 50 0.719273 0.395927 -0.570866 -0.461766
10 90 60 0.583032 0.489278 -0.648599 -1.83007
10 90 70 0.546152 0.581871 -0.602615 -0.994747
10 90 80 0.11927 0.402973 0.907407 0.855194
10 90 90 0.607822 0.24723 -0.754605 -0.624324
20 0 0 0.342409 0.768798 0.540098 -0.0588995
20 0 10 0.0302809 -0.0275372 0.999162 0.380169
20 0 20 -0.103188 -0.331165 -0.937914 1.37054
20 0 30 -0.0604921 0.391039 0.918384 1.74989
20 0 40 0.090477 0.255922 -0.962454 0.0354071
20 0 50 -0.234343 0.445352 -0.864144 -1.01549
20 0 60 -0.251185 -0.0980824 0.962957 -1.01624
20 0 70 -0.904607 -0.210796 -0.370475 0.877721
20 0 80 -0.0223491 -0.0188999 -0.999572 0.0161671
20 0 90 0.294144 0.286711 -0.911743 -0.167161
20 10 0 0.584605 0.697882 0.413761 0.606538
20 10 10 0.937513 -0.273924 0.21456 -1.10002
20 10 20 0.465016 0.189809 0.864715 -0.161326
20 10 30 0.854105 0.511951 0.0917176 -0.162801
20 10 40 -0.427936 -0.015085 0.903683 -0.269643
20 10 50 -0.277894 -0.805328 -0.523662 -0.947554
20 10 60 -0.482368 -0.448048 0.752711 0.237176
20 10 70 0.929201 0.227551 0.291214 0.308689
20 10 80 0.131788 -0.443946 -0.886309 -0.288636
20 10 90 -0.543643 0.385763 -0.745412 0.0439425
20 20 0 0.19675 -0.0167843 0.98031 -0.581189
20 20 10 -0.0216305 0.437491 0.898963 -0.390015
20 20 20 0.423854 -0.759311 0.493755 0.783364
20 20 30 -0.885068 0.174853 -0.431372 0.947168
20 20 40 -0.265985 -0.911544 -0.313592 0.137969
20 20 50 0.0836427 -0.185262 0.979123 -0.60576
20 20 60 -0.323083 -0.265141 -0.90847 -0.44326
20 20 70 -0.526236 0.679131 -0.511719 -1.29718
20 20 80 -0.441757 0.897134 -0.00111681 -1.03826
20 20 90 0.194683 0.248131 -0.948962 -0.37998
20 30 0 -0.593017 0.157775 -0.789581 0.44978
20 30 10 0.903389 0.168238 -0.394442 0.516559
20 30 20 -0.408794 0.384246 0.827794 -0.101297
20 30 30 0.467849 -0.812273 0.348323 -0.881107
20 30 40 0.622509 -0.46364 -0.630492 -0.0422008
20 30 50 0.110438 0.101775 0.988658 -0.697562
20 30 60 0.292507 0.388109 0.873963 0.12594
20 30 70 0.35905 -0.0225838 -0.933045 -0.871413
20 30 80 0.177329 -0.919028 -0.352054 -0.298924
20 30 90 0.833709 -0.368519 0.411245 -0.81768
20 40 0 0.0316646 -0.756647 0.653057 -1.1055
20 40 10 0.137904 0.054684 0.988935 0.0761313
20 40 20 -0.110225 -0.634068 -0.765381 0.242747
20 40 30 -0.0747166 -0.841392 0.535236 -1.18971
20 40 40 0.242064 -0.272448 0.931223 -1.43762
20 40 50 0.656894 0.367045 -0.658611 -0.505874
20 40 60 -0.582005 0.75421 0.304034 0.584632
20 40 70 0.753473 -0.332489 -0.567213 -0.267533
20 40 80 -0.816655 -0.044363 -0.575419 -0.700039
20 40 90 -0.11379 -0.0512509 -0.992182 0.154898
20 50 0 0.11187 -0.993179 -0.0328787 0.556418
20 50 10 0.744219 0.306648 0.593384 -0.656775
20 50 20 -0.281399 0.103676 0.953974 -0.209251
20 50 30 -0.294609 0.100238 -0.950346 0.26224
20 50 40 -0.202413 -0.0123127 0.979223 -0.339525
20 50 50 0.300641 0.728295 -0.615793 -0.622841
20 50 60 0.223089 -0.0795464 0.971547 1.21851
20 50 70 -0.0868877 0.889875 0.447854 -1.11343
20 50 80 0.0818148 0.550767 -0.830639 -0.310285
20 50 90 0.235319 0.192051 -0.952755 -1.60311
20 60 0 -0.415214 -0.429262 -0.80208 0.134859
20 60 10 0.729511 -0.627411 -0.272341 0.0515434
20 60 20 -0.771434 -0.398132 -0.496367 0.499985
20 60 30 -0.262216 -0.444684 -0.856446 -0.20279
20 60 40 -0.621527 -0.635875 0.457566 -0.185507
20 60 50 0.350624 0.631665 0.691421 -0.741518
20 60 60 -0.40754 0.684169 0.604834 0.916318
20 60 70 0.247953 -0.0407646 -0.967914 -0.0695043
20 60 80 -0.17934 0.983268 0.0319624 -0.200508
20 60 90 0.110235 -0.13166 -0.985147 0.565129
20 70 0 -0.37538 -0.816823 0.438053 0.202657
20 70 10 0.0433773 0.978522 0.201528 1.43521
20 70 20 -0.209831 0.145862 0.966796 0.0688928
20 70 30 -0.824002 0.554588 -0.115984 0.106356
20 70 40 0.504814 -0.132851 -0.852944 0.992126
20 70 50 0.916055 -0.335909 0.219107 -0.748998
20 70 60 0.139329 0.135012 -0.980999 0.698044
20 70 70 -0.131691 0.347204 0.928497 0.512191
20 70 80 -0.50918 -0.43042 -0.745302 0.278541
20 70 90 -0.844594 -0.515804 -0.14355 -0.582326
20 80 0 -0.0420886 -0.0117696 -0.999045 0.784726
20 80 10 -0.581141 -0.0346991 0.813063 0.18492
20 80 20 0.0497217 -0.926976 0.37181 -0.644006
20 80 30 0.930153 0.00704366 0.367104 -0.677175
20 80 40 0.722217 -0.549938 0.419488 0.169134
20 80 50 0.478108 0.819269 0.316562 -1.15841
20 80 60 -0.687393 -0.0215927 0.725965 -0.193015
20 80 70 -0.0468292 0.0719894 0.996305 0.378679
20 80 80 -0.718478 0.313501 -0.620892 -0.262395
20 80 90 -0.497304 0.527613 0.688703 0.0755132
20 90 0 -0.736914 -0.557348 -0.38252 -0.608915
20 90 10 0.03713 0.630147 -0.775588 -0.617125
20 90 20 -0.765287 0.595652 -0.243998 -0.771972
20 90 30 0.151736 0.891103 -0.427681 -1.43361
20 90 40 0.577795 0.629019 -0.520085 0.501979
20 90 50 -0.517319 -0.606059 0.604214 0.571845
20 90 60 -0.200875 -0.488518 0.849117 -0.565738
20 90 70 0.375917 -0.925296 0.0501411 -1.25055
20 90 80 -0.0040645 -0.0229186 0.999729 -0.795286
20 90 90 0.752551 -0.0690677 0.654902 0.310266
30 0 0 -0.525869 0.124327 -0.84143 0.999602
30 0 10 0.39151 -0.215297 0.894632 -0.178775
30 0 20 0.0892618 -0.109372 0.989985 -1.20888
30 0 30 0.143738 -0.280955 0.948896 -1.22776
30 0 40 0.501998 -0.842368 -0.195995 -1.29262
30 0 50 0.5828 -0.799806 0.143716 -1.34688
30 0 60 -0.110359 -0.128963 0.985489 0.445279
30 0 70 0.380769 -0.737214 -0.558149 -0.23414
30 0 80 0.864214 -0.462842 0.197259 -0.15122
30 0 90 0.193157 0.629748 0.752401 0.0972083
30 10 0 -0.494374 -0.565614 0.660057 -1.0922
30 10 10 0.559647 -0.817798 -0.134167 -0.611031
30 10 20 -0.30714 -0.712087 -0.631346 -0.801803
30 10 30 0.0991622 -0.486771 0.867883 0.150319
30 10 40 0.803198 0.589695 -0.0844622 0.223244
30 10 50 -0.364672 0.255951 0.895267 0.160324
30 10 60 -0.00859102 0.0339715 0.999386 -0.33237
30 10 70 0.00203407 -0.0230507 -0.999732 0.193706
30 10 80 -0.271129 -0.790359 0.549383 -0.619849
30 10 90 0.58684 0.781696 0.211114 1.00075
30 20 0 -0.559556 0.219113 -0.799304 0.0228641
30 20 10 -0.0175557 0.0257811 0.999513 -0.0693781
30 20 20 -0.608155 -0.765818 0.208975 1.03836
30 20 30 -0.508247 0.824692 -0.248131 0.458032
30 20 40 0.0966999 -0.877282 0.470134 0.704788
30 20 50 -0.312041 0.907178 -0.282239 0.341187
30 20 60 0.741692 0.35639 0.568225 0.652013
30 20 70 -0.162095 0.473086 -0.865976 -0.163229
30 20 80 -0.907599 0.371598 -0.195393 -1.00797
30 20 90 -0.0628737 0.37157 -0.926273 1.11481
30 30 0 0.773167 -0.2163 0.596177 0.698718
30 30 10 -0.10631 0.275178 -0.955497 -1.31843
30 30 20 0.406978 0.884485 -0.228155 -0.45593
30 30 30 -0.595447 0.393709 0.700311 -0.0211418
30 30 40 -0.175953 0.915083 0.362855 -0.915027
30 30 50 0.699017 -0.247447 0.670929 0.952756
30 30 60 0.356572 0.059331 0.932382 -1.39698
30 30 70 0.299723 0.0449797 0.952965 0.0900361
30 30 80 -0.927583 0.142365 0.345429 0.609881
30 30 90 -0.699131 -0.378409 -0.606649 -0.5876
30 40 0 -0.583222 -0.137686 -0.800559 -0.304779
30 40 10 0.00414008 0.0411022 0.999146 -0.96026
30 40 20 -0.656075 0.728212 0.198173 -1.35668
30 40 30 -0.592025 -0.0834935 0.801583 -0.198573
30 40 40 -0.793545 -0.607735 -0.0307373 -0.597203
30 40 50 -0.00414113 -0.263196 -0.964733 0.215176
30 40 60 -0.0845896 -0.20548 0.974999 -0.55162
30 40 70 0.0899066 -0.0493959 0.994725 0.644081
30 40 80 -0.379588 -0.428443 -0.819969 0.224286
30 40 90 0.052724 0.325173 0.944184 -0.65734
30 50 0 0.0746611 0.289339 0.954311 -1.22551
30 50 10 0.402859 -0.758878 -0.511673 0.515677
30 50 20 -0.65701 -0.343192 -0.671235 -2.15874
30 50 30 0.0574215 -0.132883 -0.989467 -1.32091
30 50 40 -0.30724 -0.417609 -0.855106 -0.381148
30 50 50 0.552985 0.136313 -0.821965 -0.772991
30 50 60 0.466522 0.0997818 -0.878864 -1.96966
30 50 70 0.0847781 0.276838 -0.957169 0.392498
30 50 80 -0.517192 0.853204 -0.0674956 -0.1527
30 50 90 -0.322861 -0.00785673 -0.946414 -0.655601
30 60 0 -0.438807 -0.39285 -0.808157 -1.38116
30 60 10 0.849806 -0.469168 -0.240233 -0.536199
30 60 20 -0.106702 -0.5059 0.855967 0.328166
30 60 30 -0.868228 -0.453594 0.20108 0.191546
30 60 40 -0.0538878 -0.333746 -0.941121 -1.20399
30 60 50 0.421293 -0.342222 0.839879 0.743945
30 60 60 0.685529 -0.559337 0.466038 0.431619
30 60 70 -0.470903 0.00903801 -0.882139 7.37425e-05
30 60 80 0.539042 0.174227 -0.824062 -1.11806
30 60 90 -0.000415335 -0.00271597 -0.999996 -0.179329
30 70 0 -0.653648 -0.0994796 -0.750232 -0.244636
30 70 10 0.540333 -0.76068 -0.359731 -0.349291
30 70 20 -0.0810328 0.0656592 -0.994546 -1.01367
30 70 30 -0.150029 0.793786 -0.589403 0.450971
30 70 40 -0.457486 -0.768419 -0.447481 -0.0819895
30 70 50 -0.377162 0.185858 0.907307 2.03441
30 70 60 -0.264457 -0.964007 0.0274231 -0.0383412
30 70 70 -0.34172 0.364451 0.866258 0.282752
30 70 80 0.456228 -0.182946 -0.870854 0.536602
30 70 90 0.709373 0.38341 0.591428 -0.622992
30 80 0 0.879612 0.1832 0.439 -0.464277
30 80 10 0.151456 -0.73775 -0.657864 0.400568
30 80 20 0.529517 -0.517733 0.671985 -0.801755
30 80 30 0.700534 -0.461666 -0.544166 0.268881
30 80 40 0.164332 0.399618 -0.901832 -0.780648
30 80 50 -0.304369 -0.893525 0.330111 0.00295826
30 80 60 0.0634632 -0.163174 -0.984554 -0.927513
30 80 70 0.0644772 -0.862865 -0.501305 -0.358093
30 80 80 0.157994 -0.550691 0.81962 0.542498
30 80 90 0.404543 0.387196 -0.828507 0.122827
30 90 0 0.288265 -0.942763 0.167632 -0.432843
30 90 10 -0.951774 -0.305948 -0.0228565 -0.199703
30 90 20 -0.411886 0.280938 -0.866847 -1.13431
30 90 30 -0.211938 -0.757889 -0.616998 0.320841
30 90 40 0.93235 0.253616 0.257686 -0.597341
30 90 50 0.110258 0.21993 -0.969265 -1.91518
30 90 60 0.0159999 0.684979 -0.728387 -0.506031
30 90 70 0.144953 -0.593839 -0.791419 0.265418
30 90 80 -0.781031 0.136922 0.609297 -0.374844
30 90 90 -0.837758 -0.117989 0.533142 -0.164278
40 0 0 0.00477424 -0.0293828 0.999557 -0.454058
40 0 10 0.353145 0.436358 0.827575 -0.420833
40 0 20 0.732603 0.573446 -0.366678 -0.155568
40 0 30 0.146044 -0.330576 -0.932411 -1.10855
40 0 40 0.752384 0.122674 0.647201 0.920944
40 0 50 -0.97946 0.167995 -0.111517 -0.107732
40 0 60 -0.891122 0.418683 0.174944 -1.08696
40 0 70 0.187839 -0.69669 -0.692343 1.25715
40 0 80 0.49589 -0.723547 0.48018 0.0168659
40 0 90 -0.0648089 -0.069436 -0.995479 0.496754
40 10 0 -0.347287 0.352567 0.868958 0.427136
40 10 10 0.134001 0.893642 -0.428308 0.653602
40 10 20 0.2904 -0.955615 0.0496873 0.220861
40 10 30 -0.826489 0.268385 0.49486 -0.528494
40 10 40 0.077235 0.30637 0.948774 0.197694
40 10 50 -0.0857819 0.217796 -0.972217 0.751382
40 10 60 -0.149225 -0.694434 -0.703913 -0.99291
40 10 70 -0.816319 -0.12409 -0.564114 -1.34815
40 10 80 0.697188 0.624584 -0.351886 -0.0836892
40 10 90 0.0288811 0.439204 -0.897923 -1.45689
40 20 0 0.420582 -0.438299 -0.794358 -1.25774
40 20 10 0.085545 -0.00245134 0.996331 2.06605
40 20 20 -0.2008 0.11866 -0.972419 1.10431
40 20 30 -0.43728 0.0122364 0.899242 1.66158
40 20 40 -0.36203 -0.0386593 -0.931365 -1.62744
40 20 50 -0.668444 -0.741303 -0.0604407 -0.310187
40 20 60 -0.162839 0.35039 -0.92234 -0.331654
40 20 70 -0.860784 0.376255 -0.342759 -1.40678
40 20 80 -0.107425 -0.936669 -0.333335 -0.724069
40 20 90 -0.228937 0.160727 -0.960081 0.708614
40 30 0 -0.372322 -0.108617 -0.921726 -0.428724
40 30 10 -0.0442505 -0.915959 -0.398825 -0.731176
40 30 20 -0.314764 0.092026 -0.944698 -0.544715
40 30 30 0.50276 0.740772 0.445522 1.72004
40 30 40 0.272349 -0.0793474 -0.958921 -0.0618357
40 30 50 -0.65515 0.157018 -0.739002 -0.30377
40 30 60 0.0572783 -0.018866 -0.99818 -1.44145
40 30 70 0.663966 -0.559812 -0.495741 -0.498554
40 30 80 -0.112349 -0.966142 0.232267 -0.00329651
40 30 90 -0.108777 0.144952 -0.983441 0.827511
40 40 0 0.0123266 -0.0126364 0.999844 1.15912
40 40 10 -0.893046 0.272215 -0.358283 1.06361
40 40 20 0.757533 -0.0109954 0.652704 0.474732
40 40 30 -0.19407 0.163051 0.967342 -0.423328
40 40 40 -0.231014 0.784478 0.575524 -0.127045
40 40 50 -0.226504 -0.266473 0.93685 0.240524
40 40 60 0.0644074 0.599929 0.797457 -0.771556
40 40 70 0.240198 -0.197419 0.950437 -0.310315
40 40 80 -0.509072 0.465054 -0.724272 -0.47595
40 40 90 -0.0612143 -0.310372 -0.948642 -0.606953
40 50 0 -0.444624 -0.285836 -0.848886 -0.0247556
40 50 10 -0.329322 -0.703729 -0.629534 -0.748152
40 50 20 -0.845927 0.405043 -0.346912 -0.142006
40 50 30 -0.309459 0.767002 0.562088 0.226564
40 50 40 0.196672 -0.843712 -0.49947 0.03463
40 50 50 -0.0361272 -0.862071 -0.505499 -0.611847
40 50 60 -0.184811 0.0307976 -0.982291 -1.70476
40 50 70 0.368028 0.819042 -0.440144 -0.138618
40 50 80 0.290372 -0.00132791 0.956913 0.0525762
40 50 90 -0.213118 0.0794066 -0.973794 -1.47135
40 60 0 -0.0939085 -0.225778 -0.969642 -0.319754
40 60 10 0.907716 -0.109901 -0.404935 -0.551972
40 60 20 0.0238703 -0.0032829 -0.99971 -0.248065
40 60 30 0.155828 0.0509432 -0.98647 -0.654406
40 60 40 0.0273439 0.00426452 -0.999617 -0.963539
40 60 50 0.915551 0.204585 0.346281 -0.517676
40 60 60 0.118702 0.675839 0.727428 -1.0834
40 60 70 0.426933 -0.0965791 -0.899111 0.319507
40 60 80 0.0534011 0.119757 0.991366 1.0544
40 60 90 0.379942 0.104656 0.919071 -0.334144
40 70 0 -0.248736 -0.968208 0.0265329 1.33305
40 70 10 -0.0591427 0.998147 0.0142836 0.713484
40 70 20 -0.0549516 -0.0577588 -0.996817 0.632029
40 70 30 -0.0712109 0.940448 0.332395 0.000722947
40 70 40 0.668301 0.74356 -0.0221868 0.0383919
40 70 50 -0.439952 -0.892412 -0.100217 0.666863
40 70 60 0.0104302 -0.0206986 -0.999731 -0.225794
40 70 70 0.461295 0.349433 -0.815539 -0.496035
40 70 80 0.733306 0.397944 -0.551274 0.143232
40 70 90 -0.00831807 0.986689 0.162403 -0.926256
40 80 0 -0.144439 0.202656 0.968539 1.34112
40 80 10 -0.975109 0.199573 0.0966106 -1.45242
40 80 20 -0.0348395 -0.362484 -0.931339 0.508931
40 80 30 -0.590841 -0.799712 -0.106616 -0.442026
40 80 40 0.893724 -0.0580542 -0.444844 -0.156198
40 80 50 0.339487 0.189077 -0.921411 0.144602
40 80 60 -0.171933 0.449942 0.876351 -0.0571456
40 80 70 -0.406524 0.868305 -0.284226 -0.458683
40 80 80 -0.0702046 -0.0901305 -0.993452 0.173484
40 80 90 -0.858148 -0.380295 0.344903 -1.57734
40 90 0 -0.95921 -0.111218 0.259896 -1.00242
40 90 10 -0.686259 0.409679 0.601009 -1.84972
40 90 20 -0.492521 -0.0323053 0.869701 0.473064
40 90 30 -0.286849 -0.0791399 0.954701 0.0928153
40 90 40 -0.180505 0.114825 0.976849 0.268326
40 90 50 0.0258102 0.127248 -0.991535 -0.228302
40 90 60 -0.87116 0.353705 -0.340548 -0.620452
40 90 70 0.00767569 -0.641818 -0.766818 0.970844
40 90 80 -0.278885 -0.076113 0.957303 -0.249552
40 90 90 -0.00680822 0.104845 0.994465 -0.353733
50 0 0 -0.0927372 0.362061 -0.92753 0.0962351
50 0 10 0.756624 0.343324 -0.55646 -0.142015
50 0 20 0.851351 0.230786 0.471104 -0.986866
50 0 30 -0.515579 0.221265 0.82778 -0.236612
50 0 40 -0.48387 -0.144431 0.863139 -0.907053
50 0 50 0.12539 -0.977663 0.168676 -0.260617
50 0 60 0.674761 0.664426 0.321303 0.215228
50 0 70 -0.981454 0.142324 0.128418 -0.64582
50 0 80 -0.400778 -0.0218833 -0.915914 -1.06603
50 0 90 -0.810845 0.41924 0.408373 -0.134326
50 10 0 -0.0623589 0.14637 0.987263 -1.15133
50 10 10 -0.549056 0.451963 0.703041 -1.34516
50 10 20 0.164273 -0.193805 0.967189 -0.900807
50 10 30 -0.731265 0.680737 -0.0429916 -0.315319
50 10 40 -0.508798 0.388624 0.768177 -0.877591
50 10 50 0.233038 0.79162 -0.564829 -0.0138781
50 10 60 0.879427 -0.392764 0.268969 0.445283
50 10 70 0.0918035 -0.0510516 0.994468 -0.116572
50 10 80 -0.573455 -0.135407 0.807969 -0.562427
50 10 90 -0.767999 -0.331898 0.547742 -0.749482
50 20 0 -0.0517731 -0.0247169 -0.998353 -1.61427
50 20 10 0.730416 0.664431 0.158189 -0.567842
50 20 20 -0.570393 0.820343 0.0410974 -0.316659
50 20 30 0.68491 0.290882 -0.668046 0.553541
50 20 40 -0.255219 -0.942448 -0.215997 -0.471107
50 20 50 0.448067 0.318288 0.835421 -1.69042
50 20 60 0.57875 0.659759 -0.47934 -0.625526
50 20 70 -0.938548 0.283382 -0.197033 0.822376
50 20 80 0.688415 -0.663428 0.293168 -0.880331
50 20 90 -0.209 -0.91713 0.339398 1.02904
50 30 0 0.446323 -0.44257 0.77777 -1.76964
50 30 10 0.532089 -0.412518 -0.739399 -0.444253
50 30 20 0.992454 -0.107565 -0.0588596 -0.36836
50 30 30 0.134101 -0.166258 0.976921 0.859499
50 30 40 0.947215 0.277323 -0.160859 0.957675
50 30 50 -0.384689 -0.702041 0.599294 0.836963
50 30 60 0.828467 0.206694 0.5205 0.692704
50 30 70 0.0721477 -0.353258 -0.93274 1.05127
50 30 80 -0.0625929 -0.0549618 -0.996525 0.505432
50 30 90 0.245274 -0.59689 0.763913 -1.2278
50 40 0 -0.182722 0.201877 0.962215 -0.00750044
50 40 10 -0.25203 -0.416215 -0.87364 -0.383644
50 40 20 -0.535682 0.309231 0.785762 0.0924038
50 40 30 -0.647661 0.0957099 0.755893 -1.11412
50 40 40 0.235292 -0.958931 0.158394 -0.00242719
50 40 50 0.988477 -0.0219219 0.149778 0.694438
50 40 60 -0.915032 -0.280797 0.289604 -1.13594
50 40 70 -0.654854 0.461672 0.598352 -0.840669
50 40 80 -0.0279064 -0.602672 -0.797501 -0.9188
50 40 90 0.674407 -0.578591 0.458702 0.186746
50 50 0 -0.432105 0.771389 -0.467165 -0.0866948
50 50 10 -0.225388 0.00124698 -0.974268 -0.373464
50 50 20 -0.12599 -0.617453 -0.776452 -0.0963884
50 50 30 -0.786913 0.12051 -0.605182 0.359112
50 50 40 0.451886 0.845939 0.283173 -0.058021
50 50 50 0.948209 -0.296893 -0.112936 0.797015
50 50 60 0.809321 0.518062 0.276787 -0.490458
50 50 70 0.993602 0.0630793 0.0936823 -0.0689776
50 50 80 -0.0952599 -0.0125827 0.995373 -1.36906
50 50 90 0.397767 -0.219763 0.890778 -0.00507609
50 60 0 -0.660392 -0.224441 0.716595 -0.0255682
50 60 10 -0.0849638 -0.506123 0.858266 -0.716922
50 60 20 -0.272535 -0.554412 -0.786354 0.920428
50 60 30 0.90253 0.345352 0.257237 -0.199634
50 60 40 -0.996021 -0.089034 0.00376779 -0.651041
50 60 50 0.467854 0.148646 -0.871216 -0.490223
50 60 60 0.235717 -0.291788 0.926983 -0.0618849
50 60 70 0.0523423 -0.915326 -0.399298 -0.3579
50 60 80 -0.349081 0.546043 0.761564 -1.18705
50 60 90 0.0209593 -0.04925 0.998567 -1.2045
50 70 0 0.112852 0.819708 0.561555 -1.11756
50 70 10 0.371982 0.354227 0.857994 -0.223042
50 70 20 0.18627 0.833119 0.520785 0.454119
50 70 30 0.0958338 -0.119044 -0.988253 0.372211
50 70 40 0.201902 -0.895413 -0.396827 0.516754
50 70 50 0.233665 0.0512706 -0.970964 0.237841
50 70 60 -0.287329 -0.385355 -0.876895 -0.158379
50 70 70 0.0650826 0.0759106 0.994988 -0.694917
50 70 80 0.90959 0.173097 0.377736 -1.04232
50 70 90 0.0970172 -0.755221 0.648251 0.544045
50 80 0 0.265692 -0.805758 0.529303 0.0554397
50 80 10 -0.0744508 -0.863221 -0.499305 -0.0808127
50 80 20 0.0441565 -0.625984 -0.778584 -0.115659
50 80 30 -0.153812 -0.0271284 0.987728 -0.156037
50 80 40 0.331284 -0.00963545 0.943482 -1.16868
50 80 50 -0.33648 0.317608 0.886513 0.790252
50 80 60 0.285858 0.952385 -0.10606 -0.463112
50 80 70 -0.765535 -0.536144 -0.355676 1.2075
50 80 80 -0.109472 0.116003 0.987198 0.0898132
50 80 90 0.135048 0.282396 -0.949744 -0.685143
50 90 0 0.42993 -0.895975 -0.111303 0.12356
50 90 10 0.0474028 0.946049 -0.320536 0.691475
50 90 20 0.179243 -0.890815 -0.417517 -0.588381
50 90 30 0.162726 -0.213498 0.963296 -0.710348
50 90 40 0.206194 -0.033028 0.977954 0.323291
50 90 50 -0.237828 0.336306 -0.911228 -0.208186
50 90 60 -0.00633155 -0.0370846 -0.999292 -1.12797
50 90 70 0.402172 0.0219816 0.9153 0.186854
50 90 80 -0.588628 0.640463 0.493279 0.425183
50 90 90 -0.129517 -0.2084 0.96943 -1.19064
60 0 0 -0.217946 -0.889764 0.401023 -0.698377
60 0 10 0.0560029 0.194291 -0.979344 -0.894476
60 0 20 0.517486 -0.170456 -0.838542 0.401163
60 0 30 0.284023 0.0247748 0.958497 0.833031
60 0 40 -0.735648 0.354303 -0.577314 -0.617027
60 0 50 0.92174 -0.381862 0.0676545 -0.224099
60 0 60 -0.634204 -0.772431 0.0336985 0.473304
60 0 70 0.690656 -0.0294224 0.722584 -0.207045
60 0 80 -0.321116 -0.126588 0.938541 -1.2255
60 0 90 0.546172 0.500433 -0.671761 0.367787
60 10 0 0.217113 -0.0472362 -0.975003 1.09734
60 10 10 0.174849 0.179448 0.968105 0.22246
60 10 20 0.71394 0.0849074 -0.69504 -1.00636
60 10 30 -0.282719 0.135115 -0.949639 -0.442402
60 10 40 -0.876059 -0.322463 0.358522 -0.326899
60 10 50 -0.134602 -0.192545 0.972013 -0.651416
60 10 60 0.38785 -0.148807 -0.909631 1.35757
60 10 70 0.204574 0.139754 -0.968823 1.16325
60 10 80 -0.149312 -0.581654 -0.799615 0.838835
60 10 90 -0.822136 0.530213 0.207284 0.63349
60 20 0 -0.0535702 0.981133 -0.185763 -0.18819
60 20 10 0.835948 -0.341957 0.429252 0.349417
60 20 20 0.0936619 0.170539 -0.980889 -1.57361
60 20 30 -0.553053 -0.478587 0.681973 -0.833043
60 20 40 0.650553 0.375231 0.66029 -0.627848
60 20 50 0.0201273 0.936449 0.350225 -1.36913
60 20 60 0.00943257 -0.0839762 0.996423 0.219785
60 20 70 -0.495737 0.49816 -0.711394 0.343763
60 20 80 0.0338025 -0.0525523 0.998046 -0.841438
60 20 90 0.56439 0.043727 -0.82435 -1.00098
60 30 0 -0.557876 0.825994 0.0806683 -0.239069
60 30 10 -0.149195 -0.118536 0.981677 1.39904
60 30 20 -0.0534238 -0.108518 0.992658 -0.0253979
60 30 30 -0.157739 0.1835 -0.970282 -0.0979496
60 30 40 0.884228 0.0114579 0.466914 -0.914822
60 30 50 0.0961427 -0.0404603 0.994545 0.545645
60 30 60 0.241913 0.624134 -0.742923 -0.868412
60 30 70 -0.249647 -0.360948 0.898551 0.522856
60 30 80 0.425252 -0.136549 -0.894715 -0.573618
60 30 90 0.171096 0.558502 0.811666 1.00832
60 40 0 -0.959697 -0.245754 0.136333 0.652245
60 40 10 0.640672 0.767475 0.0228566 -0.675429
60 40 20 0.429276 0.315225 -0.846378 -0.885243
60 40 30 0.0214237 -0.0384704 -0.99903 -0.122158
60 40 40 0.431099 -0.183296 -0.883491 0.0153885
60 40 50 -0.263464 0.696922 -0.666999 -1.50229
60 40 60 -0.0521673 0.375699 0.925272 -0.829693
60 40 70 0.201557 -0.284768 -0.937167 -1.86745
60 40 80 0.259496 -0.764503 -0.590082 -1.08883
60 40 90 0.554023 0.375449 0.743032 0.040622
60 50 0 0.468698 0.782225 0.410422 -0.532911
60 50 10 -0.611629 0.168627 0.772965 -0.700761
60 50 20 0.828645 0.494233 -0.262832 -0.812966
60 50 30 -0.96617 -0.133769 -0.220503 0.689625
60 50 40 0.844673 0.3347 -0.417736 0.911423
60 50 50 0.484662 -0.0736838 0.871592 -0.439697
60 50 60 -0.403295 -0.491082 0.772134 -0.395351
60 50 70 0.197385 0.919573 -0.339742 -0.926912
60 50 80 -0.68178 -0.249154 -0.687822 0.134005
60 50 90 0.917107 -0.163641 0.363507 -0.74142
60 60 0 -0.532151 -0.643952 -0.549673 0.502006
60 60 10 0.742013 0.42792 -0.516043 0.173622
60 60 20 0.102869 0.132651 -0.98581 -0.174517
60 60 30 -0.45907 0.523932 -0.71746 0.53208
60 60 40 -0.310124 0.473709 0.824271 -0.23995
60 60 50 -0.158136 0.181732 -0.97055 -0.120288
60 60 60 0.287272 0.955785 -0.0628411 -0.397257
60 60 70 0.22757 -0.898387 -0.37565 -0.194921
60 60 80 -0.0160128 0.980122 -0.19775 0.0373346
60 60 90 0.0530114 -0.0572522 -0.996951 -0.249596
60 70 0 -0.347646 -0.917206 0.194618 -1.029
60 70 10 -0.272115 0.10228 -0.956814 0.218047
60 70 20 -0.182285 -0.0170609 0.983098 -1.71136
60 70 30 -0.219241 0.702451 0.677124 -1.22877
60 70 40 -0.865155 -0.0760585 -0.495703 -0.725773
60 70 50 0.232424 -0.509529 -0.828468 -0.427119
60 70 60 -0.227836 0.129959 -0.964988 -0.93752
60 70 70 -0.0554465 -0.232798 -0.970943 -1.60791
60 70 80 -0.316113 -0.524414 -0.790609 -0.103398
60 70 90 -0.965733 0.0927342 0.242404 -0.455406
60 80 0 0.574184 0.805549 -0.146302 -0.153419
60 80 10 -0.442109 0.241657 0.863794 -1.2978
60 80 20 -0.282739 0.14479 0.948206 -0.964642
60 80 30 0.616195 -0.681921 -0.394065 0.205626
60 80 40 -0.564141 0.571712 -0.595727 0.797237
60 80 50 0.953399 0.00274157 -0.301699 0.234799
60 80 60 0.629409 0.404194 0.663681 -0.188374
60 80 70 -0.0330012 -0.0137037 -0.999361 -0.117061
60 80 80 0.0393688 0.0522215 -0.997859 0.386175
60 80 90 -0.21367 0.354575 0.910287 -0.453406
60 90 0 0.00699418 -0.00106358 -0.999975 0.200284
60 90 10 0.111837 -0.291352 0.950056 -1.03559
60 90 20 -0.395219 0.904599 0.159695 0.173388
60 90 30 0.303527 0.443009 0.843572 -0.0630349
60 90 40 -0.131339 -0.236844 -0.962629 -1.05906
60 90 50 -0.619892 0.139125 -0.772256 -0.139905
60 90 60 0.377353 0.863552 0.334489 1.24365
60 90 70 0.207562 -0.96333 0.170042 0.843647
60 90 80 0.00402874 0.1185 -0.992946 -0.238567
60 90 90 -0.0271074 -0.0841605 -0.996083 1.37944
70 0 0 0.371146 0.330398 -0.867807 1.46776
70 0 10 -0.0676772 0.479363 -0.875003 -1.22518
70 0 20 0.551223 -0.267354 -0.790364 1.00498
70 0 30 0.744409 -0.638604 0.195038 0.197648
70 0 40 0.00395237 -0.313467 0.949591 0.684317
70 0 50 -0.132713 -0.107025 -0.985359 -0.90117
70 0 60 -0.575317 0.515295 -0.635202 -0.481606
70 0 70 -0.163708 -0.185628 0.968887 0.30902
70 0 80 0.256949 0.503661 0.824805 0.668181
70 0 90 0.251455 0.475849 -0.842815 -0.634471
70 10 0 -0.325733 -0.104817 -0.939634 -0.755047
70 10 10 0.0420907 0.00623153 -0.999094 -1.39845
70 10 20 -0.437873 -0.85997 -0.262143 0.235352
70 10 30 0.201319 -0.851647 -0.483909 0.717393
70 10 40 -0.569314 -0.0629689 -0.819705 0.705084
70 10 50 -0.338837 0.0885183 -0.936672 -1.22012
70 10 60 0.53605 0.722652 -0.436378 -1.06446
70 10 70 -0.0172776 -0.782149 -0.622852 0.175279
70 10 80 0.227463 -0.434145 0.871653 -0.689418
70 10 90 -0.0337914 0.847827 0.529196 -0.823488
70 20 0 -0.907722 -0.380791 -0.17618 -0.178086
70 20 10 -0.0521713 0.0633681 -0.996626 -0.0395683
70 20 20 0.357589 0.154503 -0.92101 -2.28666
70 20 30 0.211817 0.148644 0.965939 -1.14248
70 20 40 0.473011 -0.677341 -0.563445 -0.992735
70 20 50 -0.38149 -0.34303 -0.858368 0.871013
70 20 60 0.694211 0.68069 -0.233948 0.902831
70 20 70 -0.654171 0.289216 -0.698867 -1.06829
70 20 80 -0.260334 -0.142167 -0.954995 -1.15293
