Position_x Position_y Position_z Spin_x Spin_y Spin_z Spin_energy Temperature n_spins
0 0 0 0.242332 -0.198899 -0.949586 -2.8705 0.101 729
1 0 0 -0.182143 -0.105506 -0.977595 -2.84448
2 0 0 -0.181891 -0.399857 -0.898349 -2.80658
0 1 0 0.0922918 -0.162234 -0.982427 -2.93538
1 1 0 0.172039 -0.118189 -0.977974 -2.89932
2 1 0 -0.195737 -0.257601 -0.946218 -2.8494
0 2 0 0.0538394 0.0509851 -0.997247 -2.95119
1 2 0 -0.00184297 -0.0125215 -0.99992 -2.96506
2 2 0 -0.0115335 -0.146089 -0.989204 -2.94302
0 0 1 0.123519 -0.0244728 -0.99204 -2.93913
1 0 1 0.110778 -0.162298 -0.980504 -2.93243
2 0 1 -0.0841352 0.0587936 -0.994718 -2.8822
0 1 1 0.028929 -0.359012 -0.932884 -2.84569
1 1 1 0.0125663 -0.246205 -0.969136 -2.90554
2 1 1 -0.00872295 0.0263946 -0.999614 -2.89427
0 2 1 -0.00330151 -0.00917575 -0.999952 -2.92865
1 2 1 0.0211239 0.132286 -0.990987 -2.92582
2 2 1 0.146929 -0.152527 -0.977316 -2.90918
0 0 2 -0.0515649 -0.0339889 -0.998091 -2.94675
1 0 2 0.0422655 -0.0600037 -0.997303 -2.95989
2 0 2 -0.131133 -0.0431921 -0.990423 -2.95803
0 1 2 -0.109208 0.0573833 -0.992361 -2.93676
1 1 2 -0.00716915 0.0436614 -0.999021 -2.95735
2 1 2 0.00230062 0.128304 -0.991732 -2.97368
0 2 2 0.0432008 0.119016 -0.991952 -2.97155
1 2 2 -0.0238223 0.0515677 -0.998385 -2.99102
2 2 2 -0.0219987 -0.00420181 -0.999749 -2.96416
3 0 0 0.00693715 -0.0123922 -0.999899 -2.88338
4 0 0 0.0710077 -0.0213903 -0.997246 -2.98575
5 0 0 -0.0568185 -0.0828128 -0.994944 -2.93152
3 1 0 0.181175 -0.0448703 -0.982427 -2.89219
4 1 0 0.206842 0.00714018 -0.978348 -2.95205
5 1 0 -0.00154373 -0.00978776 -0.999951 -2.96302
3 2 0 -0.0724754 -0.0156677 -0.997247 -2.96254
4 2 0 -0.000208752 0.0126547 -0.99992 -2.96621
5 2 0 -0.0287149 0.143703 -0.989204 -2.91624
3 0 1 0.00976739 0.12554 -0.99204 -2.92231
4 0 1 0.0635338 0.0111432 -0.997917 -2.97391
5 0 1 -0.0801679 -0.0640977 -0.994718 -2.98125
3 1 1 0.168468 -0.318348 -0.932884 -2.77633
4 1 1 0.0509701 -0.0144701 -0.998595 -2.95594
5 1 1 -0.0226266 0.0161494 -0.999614 -2.92334
3 2 1 0.00340458 0.00913801 -0.999952 -2.93867
4 2 1 -0.00289443 0.13393 -0.990987 -2.93533
5 2 1 0.294655 0.102389 -0.950102 -2.85894
3 0 2 -0.0611206 0.00885738 -0.998091 -2.96218
4 0 2 0.0733483 -0.00261781 -0.997303 -2.97057
5 0 2 -0.174881 -0.066876 -0.982316 -2.89755
3 1 2 0.0727375 0.0996422 -0.992361 -2.91509
4 1 2 -0.0261066 0.0357234 -0.999021 -2.96362
5 1 2 0.193098 0.0263842 -0.980825 -2.91408
3 2 2 -0.0446557 -0.118478 -0.991952 -2.96009
4 2 2 -0.0523492 0.022052 -0.998385 -2.96037
5 2 2 0.0133532 -0.0179802 -0.999749 -2.92419
6 0 0 -0.295119 -0.105786 -0.949586 -2.85393
7 0 0 -0.0574033 -0.0469521 -0.997246 -2.80235
8 0 0 0.411547 -0.153619 -0.898349 -2.77102
6 1 0 0.138932 -0.124642 -0.982427 -2.8603
7 1 0 -0.169403 -0.121938 -0.977974 -2.93243
8 1 0 -0.00983619 -0.001197 -0.999951 -2.91335
6 2 0 -0.00243403 -0.0741096 -0.997247 -2.97252
7 2 0 -0.0117567 -0.00468649 -0.99992 -2.96359
8 2 0 0.113918 0.0921832 -0.989204 -2.92261
6 0 1 0.0296131 -0.122388 -0.99204 -2.87411
7 0 1 0.174105 -0.0911039 -0.980504 -2.94962
8 0 1 0.0822414 0.0614146 -0.994718 -2.94378
6 1 1 0.160844 0.322267 -0.932884 -2.77749
7 1 1 0.0359185 -0.0389512 -0.998595 -2.92641
8 1 1 0.105969 -0.0430377 -0.993438 -2.89681
6 2 1 0.00962632 -0.00155833 -0.999952 -2.91518
7 2 1 -0.0872557 -0.247991 -0.964825 -2.88877
8 2 1 -0.311292 -0.020066 -0.950102 -2.80079
6 0 2 -0.16724 -0.39835 -0.901858 -2.7543
7 0 2 0.0661444 -0.0318078 -0.997303 -2.93489
8 0 2 0.134963 0.0290894 -0.990423 -2.90265
6 1 2 0.162314 0.0941112 -0.982241 -2.8542
7 1 2 0.0104303 0.0429991 -0.999021 -2.96287
8 1 2 -0.190243 0.0423148 -0.980825 -2.90182
6 2 2 -0.125102 0.019508 -0.991952 -2.95
7 2 2 0.0297877 -0.0483676 -0.998385 -2.96146
8 2 2 0.0218987 -0.00469483 -0.999749 -2.94002
0 3 0 0.131918 -0.2844 -0.949586 -2.78995
1 3 0 0.160117 0.136639 -0.977595 -2.87758
2 3 0 0.234374 -0.296442 -0.925846 -2.7652
0 4 0 0.161552 0.0934809 -0.982427 -2.91127
1 4 0 0.0966491 0.183013 -0.978348 -2.94004
2 4 0 -0.0979538 -0.0641678 -0.99312 -2.89881
0 5 0 0.00982403 0.0734959 -0.997247 -2.93146
1 5 0 -0.00711051 -0.0104702 -0.99992 -2.93423
2 5 0 -0.0322579 -0.142949 -0.989204 -2.9563
0 3 1 -0.0887527 -0.0893236 -0.99204 -2.94752
1 3 1 0.01593 0.0625056 -0.997917 -2.90057
2 3 1 0.164617 -0.430781 -0.887316 -2.70344
0 4 1 0.0463417 0.0112885 -0.998862 -2.96846
1 4 1 -0.0326913 0.244348 -0.969136 -2.94322
2 4 1 -0.026303 0.00899546 -0.999614 -2.85176
0 5 1 -0.00950527 -0.00217811 -0.999952 -2.9529
1 5 1 -0.122358 0.232684 -0.964825 -2.85523
2 5 1 0.0107679 -0.311752 -0.950102 -2.81547
0 3 2 0.0457552 0.0414807 -0.998091 -2.94166
1 3 2 -0.0466668 -0.0566483 -0.997303 -2.96952
2 3 2 -0.0187656 0.186289 -0.982316 -2.84766
0 4 2 0.117614 -0.0372338 -0.992361 -2.97578
1 4 2 -0.0254444 0.0361981 -0.999021 -2.96253
2 4 2 0.0597507 0.185507 -0.980825 -2.94416
0 5 2 0.0115965 -0.00144715 -0.999932 -2.9931
1 5 2 -0.05614 -0.00866167 -0.998385 -2.97648
2 5 2 -0.014589 0.0169929 -0.999749 -2.91243
3 3 0 -0.276509 -0.0780991 -0.957833 -2.763
4 3 0 0.126939 -0.167911 -0.977595 -2.86291
5 3 0 0.293847 0.0862452 -0.951953 -2.84606
3 4 0 0.168823 0.0796027 -0.982427 -2.83681
4 4 0 0.18262 -0.0973893 -0.978348 -2.89833
5 4 0 -0.113625 0.0283169 -0.99312 -2.90451
3 5 0 0.0741495 0.000121332 -0.997247 -2.91527
4 5 0 0.458692 0.014791 -0.888472 -2.70939
5 5 0 0.113786 0.0923458 -0.989204 -2.90282
3 3 1 -0.00412255 -0.125852 -0.99204 -2.92243
4 3 1 -0.123044 -0.153207 -0.980504 -2.93746
5 3 1 0.0928685 -0.0437133 -0.994718 -2.94222
3 4 1 -0.0638929 -0.354464 -0.932884 -2.81068
4 4 1 -0.138064 -0.122658 -0.982799 -2.92802
5 4 1 0.022229 -0.0166925 -0.999614 -2.90412
3 5 1 -0.00756351 0.0061553 -0.999952 -2.91601
4 5 1 0.000839139 -0.262892 -0.964825 -2.82284
5 5 1 0.0613561 -0.305844 -0.950102 -2.87407
3 3 2 0.0367582 -0.0496288 -0.998091 -2.95315
4 3 2 -0.0460089 -0.0571839 -0.997303 -2.98204
5 3 2 -0.0119599 -0.00498372 -0.999916 -2.93577
3 4 2 -0.120857 -0.0247583 -0.992361 -2.91726
4 4 2 -0.00726226 0.043646 -0.999021 -2.90686
5 4 2 0.0824168 0.444341 -0.892058 -2.66386
3 5 2 -0.00480716 0.010652 -0.999932 -2.96802
4 5 2 -0.284952 -0.1303 -0.949644 -2.84158
5 5 2 0.021674 0.0056422 -0.999749 -2.84135
6 3 0 0.0126774 -0.00640113 -0.999899 -2.96032
7 3 0 0.0188624 -0.0717206 -0.997246 -2.97277
8 3 0 -0.0827433 0.0569197 -0.994944 -2.89814
6 4 0 -0.0925479 0.162088 -0.982427 -2.95182
7 4 0 -0.190826 -0.0659167 -0.979408 -2.88713
8 4 0 0.0583521 0.318223 -0.946218 -2.76802
6 5 0 0.0700371 0.0243509 -0.997247 -2.97783
7 5 0 0.00422432 0.0119306 -0.99992 -2.9165
8 5 0 -0.332397 -0.195413 -0.922673 -2.61811
6 3 1 -0.0725961 -0.102886 -0.99204 -2.95757
7 3 1 0.171563 -0.0958039 -0.980504 -2.90987
8 3 1 0.00984309 -0.102169 -0.994718 -2.9465
6 4 1 -0.00203501 0.0476533 -0.998862 -2.97325
7 4 1 -0.14441 0.115119 -0.982799 -2.92461
8 4 1 -0.018515 -0.0207355 -0.999614 -2.9246
6 5 1 -0.00966502 -0.00129685 -0.999952 -2.94804
7 5 1 -0.250114 0.0809709 -0.964825 -2.86289
8 5 1 -0.262383 -0.168702 -0.950102 -2.90785
6 3 2 0.0452685 -0.0420113 -0.998091 -2.97198
7 3 2 0.0639918 -0.0359426 -0.997303 -2.9792
8 3 2 -0.145456 -0.117891 -0.982316 -2.91979
6 4 2 0.0942938 -0.0795487 -0.992361 -2.89491
7 4 2 0.0440724 -0.00391682 -0.999021 -2.94226
8 4 2 0.194446 0.0131749 -0.980825 -2.90968
6 5 2 0.125995 0.0125069 -0.991952 -2.96825
7 5 2 0.205878 0.236199 -0.949644 -2.82116
8 5 2 -0.0223955 -0.000188867 -0.999749 -2.89031
0 6 0 -0.0120226 0.00755972 -0.999899 -2.94683
1 6 0 0.0649469 0.0357986 -0.997246 -2.89218
2 6 0 -0.0273179 0.0966439 -0.994944 -2.93604
0 7 0 -0.140939 0.122368 -0.982427 -2.92784
1 7 0 0.0439226 -0.202251 -0.978348 -2.87975
2 7 0 0.114418 0.0249176 -0.99312 -2.916
0 8 0 -0.0571861 0.0472007 -0.997247 -2.86487
1 8 0 -0.383701 -0.251775 -0.888472 -2.7281
2 8 0 0.211466 -0.322422 -0.922673 -2.72061
0 6 1 -0.0638417 0.108536 -0.99204 -2.95411
1 6 1 -0.195281 0.0218587 -0.980504 -2.8854
2 6 1 0.0826619 -0.0608475 -0.994718 -2.87614
0 7 1 0.0455184 0.0142499 -0.998862 -2.96648
1 7 1 0.125681 -0.212083 -0.969136 -2.89956
2 7 1 -0.0516904 -0.102028 -0.993438 -2.94353
0 8 1 0.00892366 -0.00393225 -0.999952 -2.98931
1 8 1 -0.0865179 -0.102276 -0.990987 -2.88889
2 8 1 -0.125763 -0.285463 -0.950102 -2.86919
0 6 2 -0.0242042 -0.0568185 -0.998091 -2.91849
1 6 2 0.073052 -0.00708707 -0.997303 -2.9057
2 6 2 -0.389011 -0.144163 -0.909883 -2.75257
0 7 2 0.121249 0.0227576 -0.992361 -2.93318
1 7 2 -0.043978 0.00486379 -0.999021 -2.92647
2 7 2 -0.165498 -0.102923 -0.980825 -2.91967
0 8 2 0.00596958 -0.0100468 -0.999932 -2.95771
1 8 2 0.312567 -0.0218586 -0.949644 -2.8331
2 8 2 0.000836131 0.0223807 -0.999749 -2.92434
3 6 0 0.125893 0.287118 -0.949586 -2.79714
4 6 0 -0.0342167 0.207694 -0.977595 -2.88283
5 6 0 0.098986 -0.0169731 -0.994944 -2.92526
3 7 0 -0.0393601 -0.182451 -0.982427 -2.8562
4 7 0 -0.159005 0.132484 -0.978348 -2.84573
5 7 0 0.29878 0.349388 -0.888064 -2.61537
3 8 0 -0.0740326 -0.0041639 -0.997247 -2.93926
4 8 0 -0.00859556 0.00928979 -0.99992 -2.91086
5 8 0 -0.289864 0.254269 -0.922673 -2.72011
3 6 1 -0.0418858 0.118749 -0.99204 -2.90746
4 6 1 -0.0973638 0.170683 -0.980504 -2.8983
5 6 1 0.0317819 -0.0975978 -0.994718 -2.94114
3 7 1 -0.174754 -0.314941 -0.932884 -2.76067
4 7 1 0.205929 0.135528 -0.969136 -2.82137
5 7 1 0.026034 -0.00974651 -0.999614 -2.92184
3 8 1 -0.0065363 -0.00723679 -0.999952 -2.91678
4 8 1 0.0702487 0.253334 -0.964825 -2.90733
5 8 1 0.0320664 -0.0359004 -0.998841 -2.92564
3 6 2 0.00993046 -0.0609555 -0.998091 -2.93743
4 6 2 -0.0367579 0.063527 -0.997303 -2.93588
5 6 2 0.157145 0.10179 -0.982316 -2.89327
3 7 2 0.118756 -0.0334108 -0.992361 -2.91551
4 7 2 -0.000937165 0.0442362 -0.999021 -2.96219
5 7 2 0.184969 -0.0613945 -0.980825 -2.92604
3 8 2 -0.0880292 -0.0910056 -0.991952 -2.96216
4 8 2 0.0462553 0.0329723 -0.998385 -2.96423
5 8 2 0.00355468 -0.0221124 -0.999749 -2.93964
6 6 0 0.00261944 0.0139582 -0.999899 -2.97003
7 6 0 -0.126343 -0.16836 -0.977595 -2.82561
8 6 0 0.336617 0.171749 -0.925846 -2.58184
6 7 0 -0.0924428 0.162148 -0.982427 -2.90721
7 7 0 -0.0343872 0.204089 -0.978348 -2.91889
8 7 0 -0.000656433 -0.00988699 -0.999951 -2.90339
6 8 0 -0.0635229 0.0382492 -0.997247 -2.92686
7 8 0 0.156436 0.228132 -0.96098 -2.84738
8 8 0 0.244599 0.213873 -0.945743 -2.85289
6 6 1 -0.119023 -0.0411009 -0.99204 -2.96891
7 6 1 0.0448164 -0.0463919 -0.997917 -2.94017
8 6 1 -0.0832798 -0.174436 -0.98114 -2.86357
6 7 1 -0.0468832 0.00877212 -0.998862 -2.98538
7 7 1 -0.0137024 0.0511818 -0.998595 -2.9639
8 7 1 0.0273546 0.00494876 -0.999614 -2.97513
6 8 1 0.00741747 0.00633053 -0.999952 -2.96983
7 8 1 0.0171437 -0.262334 -0.964825 -2.83455
8 8 1 0.0480508 0.002865 -0.998841 -2.95851
6 6 2 0.0353518 0.0506403 -0.998091 -2.93763
7 6 2 -0.0714898 0.0166143 -0.997303 -2.90511
8 6 2 -0.139136 -0.390837 -0.909883 -2.80951
6 7 2 -0.0641521 -0.105375 -0.992361 -2.96446
7 7 2 -0.0168958 0.0408932 -0.999021 -2.96935
8 7 2 -0.162103 -0.108192 -0.980825 -2.89941
6 8 2 -0.0953703 -0.0832806 -0.991952 -2.95245
7 8 2 0.0171721 0.0541465 -0.998385 -2.96234
8 8 2 0.0192503 0.0114465 -0.999749 -2.98381
0 0 3 0.12265 0.259834 -0.957833 -2.81007
1 0 3 0.0390137 0.0630679 -0.997246 -2.968
2 0 3 0.0423717 0.0910547 -0.994944 -2.93749
0 1 3 -0.0870916 0.044454 -0.995208 -2.93617
1 1 3 0.196062 -0.0662894 -0.978348 -2.93194
2 1 3 0.00978322 0.00157227 -0.999951 -2.96993
0 2 3 -0.0597767 -0.0438737 -0.997247 -2.95218
1 2 3 0.00630763 0.0109726 -0.99992 -2.96417
2 2 3 -0.0563083 0.135294 -0.989204 -2.94586
0 0 4 0.105725 0.0683957 -0.99204 -2.96843
1 0 4 -0.0612789 -0.0201397 -0.997917 -2.9493
2 0 4 -0.0997558 0.0241702 -0.994718 -2.95711
0 1 4 0.0364232 0.030795 -0.998862 -2.97279
1 1 4 0.236503 -0.0695771 -0.969136 -2.92438
2 1 4 0.0221563 -0.0167888 -0.999614 -2.95934
0 2 4 -0.0071112 0.00667273 -0.999952 -2.96303
1 2 4 0.212305 0.155048 -0.964825 -2.8665
2 2 4 -0.10433 -0.184303 -0.977316 -2.8651
0 0 5 -0.0212338 0.057994 -0.998091 -2.93644
1 0 5 0.053426 -0.0503238 -0.997303 -2.96577
2 0 5 -0.0697583 -0.173752 -0.982316 -2.94332
0 1 5 -0.0692404 -0.102103 -0.992361 -2.93511
1 1 5 0.0246288 0.0367579 -0.999021 -2.94975
2 1 5 -0.192583 -0.0299085 -0.980825 -2.92908
0 2 5 -0.0896136 0.0894459 -0.991952 -2.96603
1 2 5 0.0478775 0.0305691 -0.998385 -2.91592
2 2 5 -0.0100631 -0.0200082 -0.999749 -2.93642
3 0 3 -0.297646 -0.0984509 -0.949586 -2.83532
4 0 3 -0.0627599 -0.0395074 -0.997246 -2.90499
5 0 3 -0.363046 -0.104911 -0.925846 -2.6767
3 1 3 0.162142 -0.0924546 -0.982427 -2.90874
4 1 3 0.171208 -0.116286 -0.978348 -2.91449
5 1 3 0.237034 -0.220195 -0.946218 -2.81463
3 2 3 0.0677817 0.0300632 -0.997247 -2.92789
4 2 3 0.276586 0.0510301 -0.959633 -2.81064
5 2 3 -0.120651 -0.36622 -0.922673 -2.68366
3 0 4 -0.106606 0.0670139 -0.99204 -2.94037
4 0 4 -0.175501 -0.0883845 -0.980504 -2.94884
5 0 4 0.0219634 0.100265 -0.994718 -2.879
3 1 4 -0.0463705 -0.0111697 -0.998862 -2.95408
4 1 4 -0.230497 -0.0874411 -0.969136 -2.86963
5 1 4 -0.0267758 -0.00747152 -0.999614 -2.93336
3 2 4 -0.210091 0.142571 -0.967231 -2.88145
4 2 4 0.0526738 0.257563 -0.964825 -2.87731
5 2 4 -0.167342 0.129804 -0.977316 -2.84269
3 0 5 5.0886e-05 0.0617591 -0.998091 -2.96513
4 0 5 0.0635591 0.0367023 -0.997303 -2.94461
5 0 5 -0.0915898 -0.163301 -0.982316 -2.89596
3 1 5 0.112023 -0.0516747 -0.992361 -2.93793
4 1 5 -0.00836354 0.0434485 -0.999021 -2.94403
5 1 5 0.0187763 0.193985 -0.980825 -2.8262
3 2 5 -0.111485 0.0600191 -0.991952 -2.93731
4 2 5 0.0533606 0.308753 -0.949644 -2.8356
5 2 5 -0.0210191 -0.00773254 -0.999749 -2.88475
6 0 3 -0.274978 -0.150575 -0.949586 -2.8054
7 0 3 0.205981 -0.0433537 -0.977595 -2.85934
8 0 3 -0.116557 -0.359476 -0.925846 -2.64898
6 1 3 0.133338 -0.130609 -0.982427 -2.90988
7 1 3 0.0837671 -0.183692 -0.979408 -2.9569
8 1 3 0.106057 -0.0496429 -0.99312 -2.91298
6 2 3 -0.0319245 0.0669252 -0.997247 -2.84719
7 2 3 -0.0336328 -0.279236 -0.959633 -2.86449
8 2 3 0.0226877 -0.144777 -0.989204 -2.95149
6 0 4 0.125392 0.0115165 -0.99204 -2.93706
7 0 4 0.184878 0.066578 -0.980504 -2.95326
8 0 4 -0.00203931 0.102622 -0.994718 -2.91695
6 1 4 0.00305108 0.0475991 -0.998862 -2.94476
7 1 4 0.233384 -0.0794144 -0.969136 -2.91517
8 1 4 -0.0274847 0.00416602 -0.999614 -2.95328
6 2 4 0.253072 0.02047 -0.967231 -2.88459
7 2 4 0.188318 0.183438 -0.964825 -2.8515
8 2 4 -0.173956 0.120796 -0.977316 -2.87516
6 0 5 0.0609023 -0.0102514 -0.998091 -2.96262
7 0 5 0.0522565 0.02263 -0.998377 -2.94689
8 0 5 0.138059 0.00102313 -0.990423 -2.90002
6 1 5 0.123201 -0.00639711 -0.992361 -2.96193
7 1 5 -0.0167946 -0.0409348 -0.999021 -2.95392
8 1 5 -0.023772 -0.193437 -0.980825 -2.93425
6 2 5 -0.00113161 0.126609 -0.991952 -2.93899
7 2 5 0.012539 0.0554031 -0.998385 -2.90576
8 2 5 -0.00485656 -0.0218634 -0.999749 -2.91299
0 3 3 0.234342 -0.208253 -0.949586 -2.82174
1 3 3 0.0171859 -0.0721407 -0.997246 -2.93871
2 3 3 0.076979 0.0645023 -0.994944 -2.96314
0 4 3 0.125443 0.138209 -0.982427 -2.93335
1 4 3 0.106495 0.177464 -0.978348 -2.94535
2 4 3 0.00449982 0.00185401 -0.999988 -2.94451
0 5 3 0.0459465 -0.0581986 -0.997247 -2.95755
1 5 3 0.000301382 0.0126528 -0.99992 -2.97506
2 5 3 0.132845 -0.0618651 -0.989204 -2.945
0 3 4 -0.0998633 0.0767012 -0.99204 -2.91417
1 3 4 -0.0828305 0.178189 -0.980504 -2.93135
2 3 4 0.0894782 0.0502899 -0.994718 -2.92547
0 4 4 0.00715175 0.0471576 -0.998862 -2.98286
1 4 4 0.047599 0.0232738 -0.998595 -2.94737
2 4 4 -0.23625 -0.139888 -0.96157 -2.79919
0 5 4 -0.00678246 0.00700661 -0.999952 -2.95882
1 5 4 -0.0063863 -0.133809 -0.990987 -2.92087
2 5 4 0.0670922 0.200876 -0.977316 -2.87696
0 3 5 0.061208 -0.0082316 -0.998091 -2.89406
1 3 5 -0.0321141 0.0659962 -0.997303 -2.95345
2 3 5 0.186018 -0.0212867 -0.982316 -2.88832
0 4 5 0.0634921 -0.105774 -0.992361 -2.94993
1 4 5 0.0320734 -0.0304798 -0.999021 -2.97786
2 4 5 0.119166 0.0476095 -0.991732 -2.94745
0 5 5 0.0834976 -0.0951804 -0.991952 -2.97185
1 5 5 -0.0531978 0.0199177 -0.998385 -2.92145
2 5 5 0.0125242 0.0185672 -0.999749 -2.94072
3 3 3 0.310078 -0.0462352 -0.949586 -2.88317
4 3 3 0.0166592 -0.209834 -0.977595 -2.88709
5 3 3 0.100327 -0.00455253 -0.994944 -2.91167
3 4 3 0.0928216 0.161932 -0.982427 -2.90984
4 4 3 -0.0928523 0.0114783 -0.995614 -2.93849
5 4 3 -0.113678 0.0281011 -0.99312 -2.90236
3 5 3 -0.0332168 -0.0662933 -0.997247 -2.96899
4 5 3 0.00574588 0.0112769 -0.99992 -2.91085
5 5 3 -0.339403 -0.182974 -0.922673 -2.78184
3 3 4 0.114803 0.0517311 -0.99204 -2.97482
4 3 4 0.051084 0.0393845 -0.997917 -2.91692
5 3 4 0.0397271 0.0946423 -0.994718 -2.91299
3 4 4 0.0476542 -0.0020156 -0.998862 -2.95261
4 4 4 0.220397 0.110453 -0.969136 -2.892
5 4 4 0.00975448 0.0260311 -0.999614 -2.95199
3 5 4 -0.00113389 0.00968549 -0.999952 -2.97412
4 5 4 -0.0630295 -0.118208 -0.990987 -2.94606
5 5 4 0.0354028 -0.208804 -0.977316 -2.90021
3 3 5 0.00735987 -0.061319 -0.998091 -2.89594
4 3 5 0.455105 -0.0162847 -0.890289 -2.73521
5 3 5 0.383654 -0.275116 -0.881544 -2.74059
3 4 5 0.119541 -0.0304846 -0.992361 -2.97345
4 4 5 0.0262357 -0.0356287 -0.999021 -2.90774
5 4 5 0.179879 -0.141512 -0.973457 -2.89011
3 5 5 0.0127664 -0.125969 -0.991952 -2.96971
4 5 5 -0.0552502 0.0131962 -0.998385 -2.9828
5 5 5 0.0170869 -0.0144787 -0.999749 -2.95919
6 3 3 0.231518 -0.170164 -0.957833 -2.85493
7 3 3 -0.0523768 -0.0525005 -0.997246 -2.94928
8 3 3 -0.0551498 -0.0839334 -0.994944 -2.90508
6 4 3 -0.185367 0.0218346 -0.982427 -2.90403
7 4 3 -0.194399 -0.0710191 -0.978348 -2.90869
8 4 3 0.0855568 0.312012 -0.946218 -2.78671
6 5 3 0.0136715 -0.0728783 -0.997247 -2.92635
7 5 3 -0.00937275 0.00850503 -0.99992 -2.92861
8 5 3 -0.117774 -0.0872035 -0.989204 -2.87333
6 3 4 0.124932 0.0157377 -0.99204 -2.96331
7 3 4 0.0174969 0.0620852 -0.997917 -2.88403
8 3 4 0.180493 0.0691779 -0.98114 -2.80608
6 4 4 -0.0453213 -0.0148649 -0.998862 -2.97726
7 4 4 -0.134433 -0.126627 -0.982799 -2.91951
8 4 4 -0.0274007 0.00468681 -0.999614 -2.91787
6 5 4 -0.00926505 0.00304191 -0.999952 -2.95957
7 5 4 0.259096 0.0445228 -0.964825 -2.84493
8 5 4 0.208574 0.231953 -0.950102 -2.83941
6 3 5 0.0720045 -0.134632 -0.988276 -2.74741
7 3 5 -0.369557 0.414096 -0.831836 -2.39816
8 3 5 -0.246334 -0.402739 -0.881544 -2.48536
6 4 5 -0.0826958 0.0915463 -0.992361 -2.92637
7 4 5 -0.0274097 -0.0244421 -0.999325 -2.88044
8 4 5 -0.167509 0.0996178 -0.980825 -2.87945
6 5 5 -0.118077 0.0457062 -0.991952 -2.9832
7 5 5 -0.00692856 0.0563802 -0.998385 -2.95567
8 5 5 0.0181516 -0.0131192 -0.999749 -2.86329
0 6 3 0.313353 0.00977573 -0.949586 -2.8037
1 6 3 -0.0723516 0.016275 -0.997246 -2.94047
2 6 3 -0.0835029 -0.0557994 -0.994944 -2.93742
0 7 3 -0.165718 -0.0858786 -0.982427 -2.82728
1 7 3 0.0932996 0.00696284 -0.995614 -2.94337
2 7 3 0.0759002 0.0891718 -0.99312 -2.94605
0 8 3 0.190364 0.127029 -0.97346 -2.89979
1 8 3 0.009133 -0.00876198 -0.99992 -2.94156
2 8 3 -0.0136861 -0.0118294 -0.999836 -2.96344
0 6 4 0.00476258 -0.125829 -0.99204 -2.92961
1 6 4 -0.0781689 0.180283 -0.980504 -2.93423
2 6 4 0.00177561 0.102627 -0.994718 -2.94922
0 7 4 -0.0369507 0.0301601 -0.998862 -2.96887
1 7 4 -0.121163 0.214696 -0.969136 -2.90401
2 7 4 -0.0268643 -0.00714684 -0.999614 -2.9389
0 8 4 -0.00836839 0.00500645 -0.999952 -2.95967
1 8 4 -0.240915 -0.105227 -0.964825 -2.81382
2 8 4 -0.0510974 0.307724 -0.950102 -2.76697
0 6 5 -0.0186873 -0.058864 -0.998091 -2.90962
1 6 5 -0.0300921 0.0669424 -0.997303 -2.93893
2 6 5 0.300246 0.286296 -0.909883 -2.77221
0 7 5 0.115115 0.0443594 -0.992361 -2.95191
1 7 5 -0.0251077 -0.0364324 -0.999021 -2.91994
2 7 5 0.188161 0.050778 -0.980825 -2.9222
0 8 5 0.105899 -0.0694019 -0.991952 -2.96022
1 8 5 0.239111 -0.202489 -0.949644 -2.84221
2 8 5 -0.00846468 -0.0207351 -0.999749 -2.88791
3 6 3 -0.00514492 0.0132371 -0.999899 -2.96858
4 6 3 0.107085 -0.181219 -0.977595 -2.89946
5 6 3 -0.00329848 -0.377886 -0.925846 -2.76445
3 7 3 0.181561 -0.0432822 -0.982427 -2.93625
4 7 3 0.0712873 0.196174 -0.977974 -2.92274
5 7 3 -0.093877 0.0699969 -0.99312 -2.8366
3 8 3 -0.0376525 0.0638784 -0.997247 -2.90826
4 8 3 0.194824 0.196367 -0.96098 -2.8746
5 8 3 0.385304 0.0146478 -0.922673 -2.64129
3 6 4 -0.0210577 0.124146 -0.99204 -2.96276
4 6 4 -0.0513946 -0.18966 -0.980504 -2.90735
5 6 4 0.0294453 0.0983279 -0.994718 -2.88112
3 7 4 -0.0476086 -0.00289951 -0.998862 -2.94505
4 7 4 0.131622 0.129546 -0.982799 -2.91115
5 7 4 0.0210136 -0.0181988 -0.999614 -2.96583
3 8 4 0.0278489 -0.252367 -0.967231 -2.82974
4 8 4 -0.0818165 -0.106075 -0.990987 -2.91043
5 8 4 -0.0602588 -0.20303 -0.977316 -2.87621
3 6 5 -0.0332467 0.0520465 -0.998091 -2.91861
4 6 5 -0.0176754 -0.0712348 -0.997303 -2.96957
5 6 5 0.186963 -0.0100425 -0.982316 -2.92705
3 7 5 0.121002 0.0240367 -0.992361 -2.9654
4 7 5 0.0437688 -0.00648145 -0.999021 -2.9702
5 7 5 -0.120172 -0.0450102 -0.991732 -2.93836
3 8 5 -0.0705626 -0.105129 -0.991952 -2.94968
4 8 5 0.0120566 0.05551 -0.998385 -2.98012
5 8 5 -0.00266889 0.0222367 -0.999749 -2.95824
6 6 3 -0.150291 -0.275133 -0.949586 -2.82455
7 6 3 -0.0200204 0.20954 -0.977595 -2.86563
8 6 3 0.0515416 -0.0861961 -0.994944 -2.91301
6 7 3 -0.129968 -0.133963 -0.982427 -2.93354
7 7 3 0.205626 0.02351 -0.978348 -2.89363
8 7 3 0.11031 -0.0392949 -0.99312 -2.94816
6 8 3 0.0151505 -0.0725853 -0.997247 -2.92788
7 8 3 -0.00297841 -0.0123009 -0.99992 -2.97133
8 8 3 0.0175793 0.00426771 -0.999836 -2.94576
6 6 4 0.111083 0.0592984 -0.99204 -2.92007
7 6 4 -0.153009 0.12329 -0.980504 -2.88818
8 6 4 0.0960714 -0.0361345 -0.994718 -2.87886
6 7 4 -0.0403791 0.0253873 -0.998862 -2.97116
7 7 4 -0.0607534 0.174401 -0.982799 -2.92846
8 7 4 -0.0275698 -0.0035596 -0.999614 -2.97426
6 8 4 -0.00361334 -0.00905749 -0.999952 -2.97634
7 8 4 -0.0374132 -0.128631 -0.990987 -2.92421
8 8 4 -0.047615 0.00706427 -0.998841 -2.99057
6 6 5 -0.00597308 0.0614695 -0.998091 -2.96929
7 6 5 0.0585144 -0.0443044 -0.997303 -2.9127
8 6 5 -0.282291 -0.378406 -0.881544 -2.73578
6 7 5 0.036226 -0.117928 -0.992361 -2.96845
7 7 5 0.0378329 0.0229432 -0.999021 -2.93118
8 7 5 -0.118629 -0.154629 -0.980825 -2.91729
6 8 5 -0.0505313 -0.116094 -0.991952 -2.9572
7 8 5 -0.302502 -0.0816603 -0.949644 -2.82087
8 8 5 -0.0153561 -0.0163029 -0.999749 -2.93528
0 0 6 -0.134319 -0.283274 -0.949586 -2.73093
1 0 6 -0.025486 -0.0696427 -0.997246 -2.96966
2 0 6 -0.0206098 -0.00259316 -0.999784 -2.92958
0 1 6 -0.180709 0.234248 -0.955234 -2.84754
1 1 6 -0.200346 -0.024925 -0.979408 -2.88395
2 1 6 -0.29562 -0.131452 -0.946218 -2.83639
0 2 6 -0.0730894 -0.0124941 -0.997247 -2.89742
1 2 6 -0.425277 0.172501 -0.888472 -2.5873
2 2 6 0.0432951 0.322019 -0.945743 -2.74992
0 0 7 0.0643796 0.108217 -0.99204 -2.90952
1 0 7 -0.0579689 0.0282899 -0.997917 -2.95037
2 0 7 -0.100205 0.0222334 -0.994718 -2.97101
0 1 7 -0.0590193 0.355308 -0.932884 -2.85541
1 1 7 0.200086 0.144015 -0.969136 -2.81445
2 1 7 -0.252931 0.10681 -0.96157 -2.89917
0 2 7 -0.00974847 -0.00024829 -0.999952 -2.91277
1 2 7 0.192351 -0.179204 -0.964825 -2.73071
2 2 7 -0.257378 0.176244 -0.950102 -2.80549
0 0 8 0.0610557 -0.00929452 -0.998091 -2.96373
1 0 8 0.0461969 -0.0570321 -0.997303 -2.95583
2 0 8 -0.0598495 -0.177409 -0.982316 -2.86593
0 1 8 -0.0633605 0.105853 -0.992361 -2.92681
1 1 8 0.043717 -0.00682218 -0.999021 -2.9659
2 1 8 -0.128034 -0.0086331 -0.991732 -2.95228
0 2 8 0.12661 0.00104737 -0.991952 -2.96915
1 2 8 0.0199818 -0.0531738 -0.998385 -2.98107
2 2 8 -0.00299493 0.0221952 -0.999749 -2.94929
3 0 6 0.013666 -0.00386415 -0.999899 -2.97187
4 0 6 -0.201682 0.0602679 -0.977595 -2.88259
5 0 6 -0.159818 -0.342443 -0.925846 -2.80151
3 1 6 0.0694973 -0.173228 -0.982427 -2.89677
4 1 6 0.00604569 0.206877 -0.978348 -2.8219
5 1 6 -0.329208 -0.32088 -0.888064 -2.6188
3 2 6 0.0708197 0.0219712 -0.997247 -2.91752
4 2 6 -0.00534065 -0.0114744 -0.99992 -2.94096
5 2 6 0.0148628 0.0103123 -0.999836 -2.9068
3 0 7 -0.123578 -0.0241694 -0.99204 -2.90902
4 0 7 0.0606927 -0.0218429 -0.997917 -2.94088
5 0 7 0.0129011 -0.101828 -0.994718 -2.92425
3 1 7 -0.0052321 0.0139723 -0.999889 -2.96311
4 1 7 0.0118542 0.0516412 -0.998595 -2.98722
5 1 7 0.0180837 0.0211127 -0.999614 -2.89346
3 2 7 0.00776956 0.00589308 -0.999952 -2.96087
4 2 7 0.058487 0.12052 -0.990987 -2.90856
5 2 7 -0.139582 -0.278966 -0.950102 -2.81438
3 0 8 -0.218406 0.37276 -0.901858 -2.66081
4 0 8 0.0576153 0.0454675 -0.997303 -2.89728
5 0 8 -0.0225392 -0.185871 -0.982316 -2.95603
3 1 8 -0.0659751 -0.104243 -0.992361 -2.90918
4 1 8 -0.0249506 -0.0365402 -0.999021 -2.96854
5 1 8 0.153103 -0.120592 -0.980825 -2.94895
3 2 8 -0.104792 -0.0710624 -0.991952 -2.97853
4 2 8 -0.0559673 -0.00971546 -0.998385 -2.88684
5 2 8 -0.00697039 -0.021284 -0.999749 -2.91374
6 0 6 0.303038 0.0803359 -0.949586 -2.77721
7 0 6 0.0276502 0.20867 -0.977595 -2.83678
8 0 6 -0.289056 0.243425 -0.925846 -2.66556
6 1 6 0.0903645 -0.163316 -0.982427 -2.89225
7 1 6 0.20122 0.0484253 -0.978348 -2.93177
8 1 6 -0.0229862 0.114822 -0.99312 -2.90933
6 2 6 0.0428073 -0.060545 -0.997247 -2.94812
7 2 6 -0.0105116 -0.00704906 -0.99992 -2.95996
8 2 6 -0.111573 0.095008 -0.989204 -2.95069
6 0 7 -0.0517808 -0.11478 -0.99204 -2.94811
7 0 7 -0.134184 -0.143552 -0.980504 -2.80538
8 0 7 0.0652152 -0.0792615 -0.994718 -2.87685
6 1 7 0.0230799 -0.0417409 -0.998862 -2.9816
7 1 7 0.182369 0.0291254 -0.982799 -2.89296
8 1 7 -0.273482 0.0242949 -0.96157 -2.77755
6 2 7 0.00969853 -0.00101635 -0.999952 -2.94749
7 2 7 0.262767 -0.00815541 -0.964825 -2.89061
8 2 7 0.037275 0.309703 -0.950102 -2.83397
6 0 8 -0.00471875 -0.0615785 -0.998091 -2.90729
7 0 8 0.407366 0.203563 -0.890289 -2.60644
8 0 8 0.180769 0.0487686 -0.982316 -2.93322
6 1 8 0.0160591 -0.122317 -0.992361 -2.97596
7 1 8 -0.0337068 -0.028663 -0.999021 -2.90284
8 1 8 0.108065 0.0692047 -0.991732 -2.93795
6 2 8 -0.125116 0.0194174 -0.991952 -2.96171
7 2 8 0.0560825 0.00902685 -0.998385 -2.97625
8 2 8 0.0191506 -0.0116125 -0.999749 -2.95277
0 3 6 0.250824 -0.188077 -0.949586 -2.86939
1 3 6 0.0430524 -0.206044 -0.977595 -2.75633
2 3 6 -0.276419 0.257685 -0.925846 -2.68285
0 4 6 0.132219 0.131742 -0.982427 -2.91578
1 4 6 0.168412 0.120301 -0.978348 -2.91578
2 4 6 0.11259 -0.0321848 -0.99312 -2.90888
0 5 6 -0.0678822 0.0298358 -0.997247 -2.83782
1 5 6 0.267061 0.373223 -0.888472 -2.77029
2 5 6 -0.00553817 0.0172213 -0.999836 -2.91225
0 3 7 0.0923804 0.0855663 -0.99204 -2.94915
1 3 7 0.183132 -0.0712394 -0.980504 -2.96466
2 3 7 -0.0114978 -0.101996 -0.994718 -2.87196
0 4 7 0.0309706 -0.036274 -0.998862 -2.94861
1 4 7 0.211275 -0.127033 -0.969136 -2.91623
2 4 7 0.247303 -0.119263 -0.96157 -2.92853
0 5 7 -0.00609322 -0.00761361 -0.999952 -2.96023
1 5 7 0.0345731 0.26061 -0.964825 -2.88732
2 5 7 0.27782 0.14185 -0.950102 -2.82922
0 3 8 -0.0156292 0.0597487 -0.998091 -2.93034
1 3 8 0.0703766 -0.0208316 -0.997303 -2.96996
2 3 8 -0.121278 -0.142645 -0.982316 -2.91226
0 4 8 -0.0688165 -0.102389 -0.992361 -2.94032
1 4 8 0.0266851 -0.0352934 -0.999021 -2.93928
2 4 8 0.0452107 -0.120097 -0.991732 -2.96906
0 5 8 -0.0828877 -0.095712 -0.991952 -2.92802
1 5 8 0.0272723 0.312141 -0.949644 -2.85215
2 5 8 -0.0179238 0.0134288 -0.999749 -2.92609
3 3 6 -0.307536 -0.0608892 -0.949586 -2.80503
4 3 6 0.149323 0.148358 -0.977595 -2.79691
5 3 6 -0.0639944 -0.0774017 -0.994944 -2.88069
3 4 6 -0.0503245 -0.179736 -0.982427 -2.92596
4 4 6 -0.199003 0.0568545 -0.978348 -2.91905
5 4 6 -0.120892 0.00268159 -0.992662 -2.94104
3 5 6 0.0217939 -0.0708744 -0.997247 -2.94048
4 5 6 0.000950726 -0.0126206 -0.99992 -2.96799
5 5 6 -0.125154 -0.0762338 -0.989204 -2.97735
3 3 7 -0.0660041 0.107234 -0.99204 -2.94208
4 3 7 -0.190185 -0.0494186 -0.980504 -2.79046
5 3 7 -0.0770778 0.0677822 -0.994718 -2.88623
3 4 7 -0.0196019 -0.0434827 -0.998862 -2.93648
4 4 7 -0.16548 0.0819933 -0.982799 -2.95583
5 4 7 -0.0253085 0.0114997 -0.999614 -2.94335
3 5 7 -0.11683 0.225422 -0.967231 -2.82372
4 5 7 0.00020494 -0.133962 -0.990987 -2.92505
5 5 7 -0.0260629 -0.04047 -0.998841 -2.97755
3 3 8 0.0426406 0.0446762 -0.998091 -2.84166
4 3 8 0.389939 -0.429165 -0.814717 -2.51481
5 3 8 0.357623 -0.210281 -0.909883 -2.71677
3 4 8 0.0648423 -0.104951 -0.992361 -2.96533
4 4 8 -0.0323023 0.0302371 -0.999021 -2.85803
5 4 8 -0.140351 0.13522 -0.980825 -2.87875
3 5 8 -0.108164 -0.0658165 -0.991952 -2.93172
4 5 8 0.0406114 -0.0397171 -0.998385 -2.93726
5 5 8 0.00973938 0.0201678 -0.999749 -2.97917
6 3 6 -0.304106 0.0761929 -0.949586 -2.81056
7 3 6 -0.0608024 0.0424583 -0.997246 -2.89556
8 3 6 0.0588807 -0.0813595 -0.994944 -2.89106
6 4 6 0.168154 0.0810051 -0.982427 -2.86903
7 4 6 0.167188 0.121995 -0.978348 -2.94242
8 4 6 -0.112217 0.0450503 -0.992662 -2.8672
6 5 6 -0.0703612 0.023398 -0.997247 -2.92853
7 5 6 0.224028 0.16226 -0.96098 -2.86361
8 5 6 0.353673 0.153589 -0.922673 -2.69573
6 3 7 -0.0668878 0.106685 -0.99204 -2.91469
7 3 7 -0.0316148 0.0562247 -0.997917 -2.96004
8 3 7 -0.0481303 0.0906581 -0.994718 -2.93964
6 4 7 0.322259 -0.160859 -0.932884 -2.76597
7 4 7 0.076738 0.234277 -0.969136 -2.86648
8 4 7 0.115594 0.24904 -0.96157 -2.93102
6 5 7 0.121795 -0.222779 -0.967231 -2.8903
7 5 7 -0.249114 -0.0839961 -0.964825 -2.7361
8 5 7 0.158763 0.140167 -0.977316 -2.89813
6 3 8 -0.00112366 -0.0617489 -0.998091 -2.93609
7 3 8 0.0659444 -0.0322204 -0.997303 -2.981
8 3 8 -0.0790064 -0.169746 -0.982316 -2.90312
6 4 8 -0.0312632 0.11934 -0.992361 -2.9176
7 4 8 0.0180093 0.0404151 -0.999021 -2.96515
8 4 8 -0.0233628 0.193486 -0.980825 -2.91833
6 5 8 0.0496004 -0.116494 -0.991952 -2.96099
7 5 8 0.00598712 0.0564879 -0.998385 -2.96954
8 5 8 0.000928542 0.0223771 -0.999749 -2.9254
0 6 6 0.24424 0.151338 -0.957833 -2.77065
1 6 6 0.122634 0.171081 -0.977595 -2.94274
2 6 6 0.0526535 -0.0855215 -0.994944 -2.88772
0 7 6 0.0915 -0.0344798 -0.995208 -2.95718
1 7 6 0.206191 0.0178836 -0.978348 -2.93626
2 7 6 -0.057829 -0.106197 -0.992662 -2.89779
0 8 6 -0.0561339 0.0484473 -0.997247 -2.91579
1 8 6 0.0117054 0.00481314 -0.99992 -2.90334
2 8 6 -0.341911 0.178243 -0.922673 -2.77923
0 6 7 -0.0912383 -0.0867832 -0.99204 -2.90975
1 6 7 0.170646 0.0974286 -0.980504 -2.88278
2 6 7 -0.0987508 -0.0279946 -0.994718 -2.91914
0 7 7 -0.0216066 -0.0425222 -0.998862 -2.989
1 7 7 0.0417325 0.0326457 -0.998595 -2.95773
2 7 7 0.0198368 -0.0194748 -0.999614 -2.97198
0 8 7 0.00497309 -0.00838825 -0.999952 -2.97203
1 8 7 -0.171734 -0.199049 -0.964825 -2.87226
2 8 7 -0.0783707 0.19675 -0.977316 -2.89807
0 6 8 0.0342005 0.0514248 -0.998091 -2.89419
1 6 8 0.185818 0.522991 -0.831836 -2.5576
2 6 8 -0.138049 -0.126484 -0.982316 -2.79139
0 7 8 -0.121045 -0.0238222 -0.992361 -2.9658
1 7 8 0.00709 -0.0436743 -0.999021 -2.86644
2 7 8 0.071644 0.106463 -0.991732 -2.95488
0 8 8 0.0568882 -0.113115 -0.991952 -2.95763
1 8 8 -0.0266935 -0.312191 -0.949644 -2.8852
2 8 8 -0.0197286 -0.0106008 -0.999749 -2.91255
3 6 6 -0.285448 -0.0328078 -0.957833 -2.84136
4 6 6 0.110661 -0.179058 -0.977595 -2.86081
5 6 6 -0.0167865 -0.0122353 -0.999784 -2.96777
3 7 6 0.00482612 0.0976617 -0.995208 -2.95257
4 7 6 0.0378636 0.203472 -0.978348 -2.92575
5 7 6 0.0531115 0.108634 -0.992662 -2.94087
3 8 6 0.0590337 0.0448685 -0.997247 -2.93063
4 8 6 -0.00952439 0.00833485 -0.99992 -2.95505
5 8 6 0.00847577 -0.146298 -0.989204 -2.88949
3 6 7 -0.0473487 -0.116678 -0.99204 -2.90521
4 6 7 -0.193342 -0.0350881 -0.980504 -2.93101
5 6 7 -0.0983153 -0.0294876 -0.994718 -2.97671
3 7 7 -0.0261351 0.0398991 -0.998862 -2.97078
4 7 7 0.0520309 0.0100064 -0.998595 -2.94496
5 7 7 0.00503421 -0.027339 -0.999614 -2.95683
3 8 7 0.103349 0.231913 -0.967231 -2.8749
4 8 7 -0.262358 -0.0167771 -0.964825 -2.84323
5 8 7 -0.0494071 0.308 -0.950102 -2.78824
3 6 8 -0.37309 0.0170787 -0.927638 -2.76201
4 6 8 -0.0711233 -0.018119 -0.997303 -2.95379
5 6 8 -0.00741675 -0.010624 -0.999916 -2.98917
3 7 8 0.116131 0.041628 -0.992361 -2.90352
4 7 8 -0.0267974 -0.0352082 -0.999021 -2.95383
5 7 8 -0.12823 -0.00493533 -0.991732 -2.8918
3 8 8 -6.62979e-05 0.0116863 -0.999932 -2.90791
4 8 8 -0.307107 0.0621383 -0.949644 -2.86742
5 8 8 0.00576808 0.0216408 -0.999749 -2.89997
6 6 6 -0.0137089 -0.00370928 -0.999899 -2.98172
7 6 6 0.0663747 -0.0330762 -0.997246 -2.92277
8 6 6 -0.317085 -0.205586 -0.925846 -2.62595
6 7 6 0.126154 -0.137561 -0.982427 -2.9237
7 7 6 0.053829 0.199843 -0.978348 -2.88061
8 7 6 -0.118666 0.0232486 -0.992662 -2.90877
6 8 6 0.0569627 0.0474702 -0.997247 -2.93031
7 8 6 0.136814 -0.240413 -0.96098 -2.77198
8 8 6 -0.0739272 -0.316394 -0.945743 -2.77829
6 6 7 0.121986 0.0312259 -0.99204 -2.95722
7 6 7 0.0634531 -0.0115939 -0.997917 -2.9573
8 6 7 -0.0507284 0.0892303 -0.994718 -2.91093
6 7 7 0.0124814 0.00817405 -0.999889 -2.9767
7 7 7 0.126566 0.13449 -0.982799 -2.94233
8 7 7 -0.0269244 0.00691692 -0.999614 -2.97636
6 8 7 -0.00226356 -0.00948529 -0.999952 -2.96386
7 8 7 -0.133378 0.0124974 -0.990987 -2.93045
8 8 7 -0.0374633 0.0302256 -0.998841 -2.95912
6 6 8 0.0284157 -0.0548337 -0.998091 -2.98725
7 6 8 -0.00775009 0.0729846 -0.997303 -2.95489
8 6 8 0.117397 -0.145855 -0.982316 -2.8897
6 7 8 0.0796288 -0.0942261 -0.992361 -2.95225
7 7 8 0.0152074 -0.0415506 -0.999021 -2.95866
8 7 8 -0.113227 -0.158627 -0.980825 -2.945
6 8 8 -0.00469142 0.0107035 -0.999932 -2.99225
7 8 8 -0.0565786 0.00505795 -0.998385 -2.90391
8 8 8 0.0165174 0.0151252 -0.999749 -2.95076
