Position_x Position_y Position_z Spin_x Spin_y Spin_z Spin_energy Temperature n_spins
0 0 0 -0.157482 0.539825 -0.826915 -2.15745 0.901 729
1 0 0 -0.335009 -0.168518 -0.927023 -2.28705
2 0 0 0.106764 0.41514 -0.903471 -1.71013
0 1 0 -0.0232452 -0.105971 -0.994098 -2.36255
1 1 0 -0.590664 -0.280204 -0.756705 -1.66303
2 1 0 -0.239463 -0.270636 0.932423 2.36614
0 2 0 -0.751561 0.358981 -0.553433 -0.835906
1 2 0 0.531313 -0.314789 -0.786521 -1.71925
2 2 0 0.384548 -0.307273 -0.870463 -1.81488
0 0 1 0.334272 0.13796 -0.932325 -1.72373
1 0 1 0.509759 0.240013 -0.82616 -2.31835
2 0 1 0.486947 0.284129 -0.825926 -2.25674
0 1 1 -0.650372 0.403989 -0.64328 -1.50786
1 1 1 -0.0154602 -0.00752481 -0.999852 -2.36675
2 1 1 -0.568982 0.669947 -0.476897 -0.505699
0 2 1 0.46776 0.830456 0.302562 0.345592
1 2 1 0.123412 0.315965 -0.94071 -1.92596
2 2 1 0.900509 -0.0944474 -0.424456 -0.644566
0 0 2 -0.149836 0.773253 -0.61614 -1.65084
1 0 2 0.0359779 -0.236551 -0.970953 -2.41486
2 0 2 0.606103 -0.455282 -0.652195 -2.04837
0 1 2 0.230128 0.0470486 -0.972022 -2.11808
1 1 2 0.133234 -0.121993 -0.983548 -2.70217
2 1 2 -0.405431 0.537246 -0.739589 -1.44691
0 2 2 -0.423378 0.0871109 -0.901755 -1.42809
1 2 2 0.0131646 -0.0322917 -0.999392 -2.01074
2 2 2 -0.393197 0.632326 0.667502 0.991818
3 0 0 -0.366463 0.0454045 -0.929324 -1.85739
4 0 0 0.96064 0.218621 0.171395 0.265108
5 0 0 0.0795589 -0.207767 -0.974938 -1.76987
3 1 0 0.459645 0.165904 -0.872469 -1.78216
4 1 0 0.446396 0.204997 -0.871038 -2.37718
5 1 0 -0.0765743 0.710753 -0.699261 -1.76371
3 2 0 0.368381 0.0914889 -0.925162 -2.64743
4 2 0 0.0272724 0.100972 -0.994515 -2.88571
5 2 0 0.178244 0.00687722 -0.983962 -2.64345
3 0 1 -0.317779 0.17259 -0.932325 -1.22176
4 0 1 0.523692 -0.207864 -0.82616 -1.88422
5 0 1 0.549162 0.75024 -0.368185 -0.751881
3 1 1 0.700917 0.267255 -0.661279 -1.87557
4 1 1 -0.0158413 0.00668544 -0.999852 -2.42208
5 1 1 -0.861684 -0.173409 -0.476897 -0.818511
3 2 1 0.251432 0.551611 -0.795304 -2.17587
4 2 1 -0.110788 -0.32061 -0.94071 -2.15748
5 2 1 0.112875 -0.226968 -0.967339 -2.16109
3 0 2 0.488493 -0.617856 -0.61614 -1.79366
4 0 2 -0.137596 0.195749 -0.970953 -2.31803
5 0 2 -0.373446 0.827015 -0.420218 -1.55168
3 1 2 0.155372 -0.176159 -0.972022 -2.43987
4 1 2 0.165693 0.071968 -0.983548 -2.88994
5 1 2 -0.10529 -0.15392 -0.982457 -2.35249
3 2 2 0.027994 0.431339 -0.901755 -1.81801
4 2 2 0.0306784 -0.0165799 -0.999392 -2.86443
5 2 2 0.476658 -0.30722 -0.823658 -2.68175
6 0 0 0.199693 0.310611 -0.929324 -2.49508
7 0 0 -0.284537 -0.24427 -0.927023 -2.13053
8 0 0 0.17436 -0.138185 -0.974938 -2.7198
6 1 0 -0.486193 -0.0491327 -0.872469 -1.95441
7 1 0 -0.552314 -0.349783 -0.756705 -2.54429
8 1 0 -0.355236 -0.139043 -0.924378 -2.77458
6 2 0 0.410602 0.72465 -0.553433 -0.972944
7 2 0 0.104531 -0.00351536 -0.994515 -2.41165
8 2 0 0.167225 -0.0620812 -0.983962 -1.55236
6 0 1 -0.329135 -0.149803 -0.932325 -1.00917
7 0 1 -0.957169 0.271938 -0.0993836 -0.447767
8 0 1 0.342635 -0.160111 -0.925725 -1.73656
6 1 1 -0.088173 0.74494 -0.661279 -1.56798
7 1 1 -0.0148234 -0.00871259 -0.999852 -1.986
8 1 1 -0.675463 0.0161421 -0.737217 -0.989139
6 2 1 -0.963282 0.217691 -0.157156 -0.5721
7 2 1 -0.800519 0.0376088 -0.598126 -1.32297
8 2 1 -7.32165e-05 0.291323 0.956625 1.38699
6 0 2 0.139494 0.775185 -0.61614 -1.82965
7 0 2 -0.0587002 -0.231959 -0.970953 -2.21747
8 0 2 0.128385 -0.0603691 -0.989885 -2.44649
6 1 2 -0.233329 0.0270207 -0.972022 -2.52422
7 1 2 0.17624 0.0396614 -0.983548 -2.53747
8 1 2 0.95078 0.119799 -0.285772 -0.673597
6 2 2 0.122462 -0.414536 -0.901755 -1.97862
7 2 2 -0.0137525 0.0320457 -0.999392 -2.5734
8 2 2 0.0611644 -0.77365 -0.630655 -0.928772
0 3 0 0.27019 0.251702 -0.929324 -2.37824
1 3 0 -0.347343 -0.141357 -0.927023 -2.55347
2 3 0 0.0218424 -0.221404 -0.974938 -2.47644
0 4 0 -0.0783845 -0.0750067 -0.994098 -2.63667
1 4 0 -0.637302 -0.145753 -0.756705 -2.27507
2 4 0 0.244129 0.671889 -0.699261 -2.0041
0 5 0 0.466107 0.533209 -0.705997 -1.285
1 5 0 -0.558542 0.26347 -0.786521 -2.39027
2 5 0 0.0900446 0.153981 -0.983962 -2.51806
0 3 1 -0.361545 0.00747959 -0.932325 -1.6652
1 3 1 -0.547796 -0.131832 -0.82616 -2.48185
2 3 1 0.2383 0.293679 -0.925725 -2.17889
0 4 1 -0.170932 0.0857443 -0.981545 -2.38527
1 4 1 0.0170208 0.00243553 -0.999852 -2.60073
2 4 1 -0.114738 0.0644775 -0.991301 -2.55688
0 5 1 -0.358604 -0.920166 -0.157156 0.263286
1 5 1 -0.63626 0.487256 -0.598126 -1.62369
2 5 1 0.0854524 -0.238649 -0.967339 -2.18874
0 3 2 0.521063 -0.590647 -0.61614 -1.2804
1 3 2 -0.149054 0.187172 -0.970953 -2.4555
2 3 2 -0.210008 0.882787 -0.420218 -1.98325
0 4 2 -0.172426 0.159505 -0.972022 -2.29045
1 4 2 -0.0350144 0.177222 -0.983548 -2.87177
2 4 2 0.270277 0.616408 -0.739589 -2.12945
0 5 2 0.294969 0.31596 -0.901755 -1.27802
1 5 2 -0.0348125 0.00203635 -0.999392 -2.63652
2 5 2 -0.561796 0.0772827 -0.823658 -2.19311
3 3 0 -0.226236 0.291846 -0.929324 -2.63617
4 3 0 -0.0706407 0.368292 -0.927023 -2.1742
5 3 0 0.197469 -0.102482 -0.974938 -2.73562
3 4 0 -0.115205 0.474896 -0.872469 -2.56511
4 4 0 0.440868 0.21663 -0.871038 -2.21493
5 4 0 0.6297 0.338397 -0.699261 -1.43955
3 5 0 -0.708064 -0.0146048 -0.705997 -1.68076
4 5 0 0.61751 0.00819912 -0.786521 -2.11455
5 5 0 -0.0868251 -0.155819 -0.983962 -2.36229
3 3 1 -0.0844315 -0.351628 -0.932325 -1.51901
4 3 1 0.97703 0.18851 -0.0993836 0.241169
5 3 1 -0.000520154 0.000255478 -1 -2.10464
3 4 1 -0.757093 0.11402 -0.64328 -1.93448
4 4 1 -0.606966 -0.574339 -0.549297 -0.224677
5 4 1 -0.251118 0.838346 -0.483854 -1.05275
3 5 1 -0.30121 -0.940518 -0.157156 -0.263442
4 5 1 0.698473 0.392914 -0.598126 -0.613452
5 5 1 -0.0660654 -0.244726 -0.967339 -2.15357
3 3 2 -0.227214 0.754152 -0.61614 -1.49301
4 3 2 -0.0475233 0.234504 -0.970953 -2.11601
5 3 2 0.622465 -0.432642 -0.652195 -2.07592
3 4 2 -0.214971 -0.0946562 -0.972022 -2.35664
4 4 2 0.0720844 -0.165642 -0.983548 -2.48727
5 4 2 0.254521 0.623079 -0.739589 -2.12158
3 5 2 0.0106979 0.432115 -0.901755 -2.03485
4 5 2 -0.0334907 0.00971756 -0.999392 -2.67978
5 5 2 -0.152543 0.124947 -0.980367 -2.54713
6 3 0 0.263796 -0.258396 -0.929324 -2.44
7 3 0 0.0974359 -0.362126 -0.927023 -2.49361
8 3 0 0.136589 -0.175614 -0.974938 -2.45982
6 4 0 -0.397999 -0.283539 -0.872469 -1.83947
7 4 0 -0.0328598 0.652931 -0.756705 -2.12253
8 4 0 0.146199 0.352352 -0.924378 -2.63066
6 5 0 0.389569 0.591442 -0.705997 -1.9195
7 5 0 -0.38599 0.482076 -0.786521 -2.20768
8 5 0 0.172804 -0.0442371 -0.983962 -2.4649
6 3 1 0.0983326 0.347996 -0.932325 -1.99162
7 3 1 -0.0351109 0.562341 -0.82616 -2.22439
8 3 1 -0.655015 0.659845 -0.368185 -1.24001
6 4 1 -0.587553 -0.46636 -0.661279 -1.29369
7 4 1 -0.00111359 -0.0171581 -0.999852 -2.36351
8 4 1 -0.320455 0.814367 -0.483854 -1.69554
6 5 1 0.604457 -0.0460939 -0.795304 -2.06904
7 5 1 0.335716 0.0485711 -0.94071 -2.73022
8 5 1 0.211835 -0.139217 -0.967339 -0.964541
6 3 2 0.786128 0.0487157 -0.61614 -2.26982
7 3 2 0.238949 -0.0124073 -0.970953 -2.69972
8 3 2 0.128825 -0.0594237 -0.989885 -2.02843
6 4 2 0.229769 0.0487684 -0.972022 -2.48939
7 4 2 -0.122185 -0.133058 -0.983548 -2.43359
8 4 2 0.757569 0.586876 -0.285772 -0.552854
6 5 2 0.247084 0.354665 -0.901755 -2.71589
7 5 2 0.0107001 0.0331899 -0.999392 -1.8667
8 5 2 0.0096378 0.0329298 0.999411 2.23196
0 6 0 0.139296 0.341984 -0.929324 -2.41735
1 6 0 -0.319107 -0.196978 -0.927023 -2.49999
2 6 0 -0.194166 -0.108612 -0.974938 -2.77531
0 7 0 0.180232 0.454218 -0.872469 -2.608
1 7 0 0.621428 0.203041 -0.756705 -1.86718
2 7 0 -0.0307693 -0.0304965 -0.999061 -2.7384
0 8 0 0.578437 0.40863 -0.705997 -1.20815
1 8 0 -0.61738 0.0150809 -0.786521 -1.59502
2 8 0 0.175164 0.0337016 -0.983962 -2.72414
0 6 1 0.360391 -0.0298211 -0.932325 -1.8428
1 6 1 -0.532058 -0.185403 -0.82616 -2.35537
2 6 1 0.376866 -0.0317191 -0.925725 -2.47592
0 7 1 -0.0166703 -0.190505 -0.981545 -1.98458
1 7 1 -0.0169346 -0.00297667 -0.999852 -2.4852
2 7 1 0.395748 0.547626 -0.737217 -2.15322
0 8 1 -0.071003 -0.950481 0.302562 1.14744
1 8 1 0.263528 -0.756835 -0.598126 -1.64964
2 8 1 0.185298 -0.172973 -0.967339 -2.03276
0 6 2 0.160479 -0.0738784 -0.98427 -2.58233
1 6 2 -0.237823 0.0262829 -0.970953 -2.89338
2 6 2 0.141779 -0.0050732 -0.989885 -2.71235
0 7 2 -0.0509507 0.229295 -0.972022 -2.80268
1 7 2 0.0217991 0.179328 -0.983548 -2.68133
2 7 2 0.472572 -0.592026 -0.652825 -1.93344
0 8 2 -0.233746 0.363594 -0.901755 -1.7339
1 8 2 -0.00525137 -0.0344744 -0.999392 -2.52867
2 8 2 0.056025 -0.774039 -0.630655 -1.99257
3 6 0 -0.0758768 0.361385 -0.929324 -2.68023
4 6 0 0.184544 0.326455 -0.927023 -2.54784
5 6 0 -0.188693 -0.117862 -0.974938 -2.7599
3 7 0 0.0320353 -0.103653 -0.994098 -2.56974
4 7 0 0.339215 0.355284 -0.871038 -2.64449
5 7 0 -0.0378125 0.0211425 -0.999061 -2.94816
3 8 0 0.376989 0.0441995 -0.925162 -2.20108
4 8 0 0.528888 -0.318846 -0.786521 -2.32006
5 8 0 0.131737 -0.120265 -0.983962 -2.64397
3 6 1 -0.34423 -0.110798 -0.932325 -2.09825
4 6 1 -0.414651 -0.381477 -0.82616 -1.96868
5 6 1 -0.201214 0.32023 -0.925725 -2.41177
3 7 1 0.656237 0.363405 -0.661279 -1.75806
4 7 1 -0.0142423 -0.00963314 -0.999852 -2.50849
5 7 1 -0.09558 0.09048 -0.991301 -2.4526
3 8 1 0.790628 -0.532319 0.302562 0.339345
4 8 1 0.43084 -0.675739 -0.598126 -2.02244
5 8 1 0.149053 0.205033 -0.967339 -1.93433
3 6 2 0.164852 0.0635253 -0.98427 -2.88099
4 6 2 -0.0174393 0.238635 -0.970953 -2.47692
5 6 2 -0.646081 -0.637178 -0.420218 -0.861576
3 7 2 0.0721809 0.0969204 -0.992671 -2.59593
4 7 2 0.134452 0.120649 -0.983548 -2.50726
5 7 2 0.803546 -0.522158 -0.285772 -0.655157
3 8 2 -0.152031 0.404628 -0.901755 -1.21216
4 8 2 -0.0337907 -0.00861671 -0.999392 -2.66658
5 8 2 0.127807 0.150155 -0.980367 -2.387
6 6 0 0.202374 0.308871 -0.929324 -2.57138
7 6 0 0.371702 0.049665 -0.927023 -2.35418
8 6 0 -0.160069 0.154514 -0.974938 -2.48789
6 7 0 0.0357833 -0.102419 -0.994098 -2.45042
7 7 0 -0.645229 0.105253 -0.756705 -1.43238
8 7 0 -0.0433105 -0.00099278 -0.999061 -1.58393
6 8 0 -0.322734 0.630405 -0.705997 -1.82538
7 8 0 0.526338 -0.155287 -0.835975 -1.60592
8 8 0 -0.176054 -0.0286952 -0.983962 -1.37003
6 6 1 -0.288764 0.217684 -0.932325 -2.51272
7 6 1 0.102592 -0.260893 -0.959901 -2.42927
8 6 1 -0.557099 -0.744366 -0.368185 -0.100792
6 7 1 -0.749389 0.0335626 -0.661279 -1.54888
7 7 1 0.422751 -0.720801 -0.549297 -1.32047
8 7 1 0.834174 0.26465 -0.483854 -1.18221
6 8 1 -0.606707 0.735094 0.302562 0.259567
7 8 1 -0.440737 -0.669325 -0.598126 -0.555096
8 8 1 0.150851 0.892794 -0.424456 -0.218082
6 6 2 0.173648 -0.0325297 -0.98427 -2.50074
7 6 2 -0.102165 0.216363 -0.970953 -2.59311
8 6 2 0.44408 0.791334 -0.420218 -0.647961
6 7 2 0.154938 0.17654 -0.972022 -2.31949
7 7 2 0.0463587 -0.174598 -0.983548 -2.49402
8 7 2 0.639228 0.210703 -0.739589 -2.39836
6 8 2 0.394906 0.175746 -0.901755 -1.82253
7 8 2 0.0237278 0.0255548 -0.999392 -2.67546
8 8 2 0.145381 0.133213 -0.980367 -2.67972
0 0 3 0.451358 -0.335391 -0.826915 -1.98931
1 0 3 0.182971 0.327339 -0.927023 -2.60089
2 0 3 0.211587 -0.0687579 -0.974938 -2.65215
0 1 3 -0.218664 -0.437017 -0.872469 -2.22573
1 1 3 0.493272 0.429047 -0.756705 -2.30077
2 1 3 0.0299124 -0.0313375 -0.999061 -2.45984
0 2 3 0.29616 0.23741 -0.925162 -2.32844
1 2 3 0.536806 0.113949 -0.835975 -2.42841
2 2 3 -0.16785 0.0603709 -0.983962 -1.6498
0 0 4 -0.356934 -0.0580413 -0.932325 -1.86331
1 0 4 0.427986 0.366454 -0.82616 -1.87107
2 0 4 -0.291571 0.240874 -0.925725 -2.10428
0 1 4 -0.251759 -0.706631 -0.661279 -1.31211
1 1 4 0.0148504 0.0086665 -0.999852 -2.2079
2 1 4 -0.265657 -0.833853 -0.483854 -1.83958
0 2 4 0.987031 0.0327351 -0.157156 -0.366325
1 2 4 -0.0977893 0.795414 -0.598126 -0.953536
2 2 4 0.135172 -0.895302 -0.424456 -0.972778
0 0 5 0.0950002 0.148952 -0.98427 -2.40671
1 0 5 -0.557592 -0.502573 -0.660691 -1.78227
2 0 5 -0.907165 0.021638 -0.420218 -1.78414
0 1 5 0.0133586 0.234508 -0.972022 -2.64293
1 1 5 0.0158868 0.179948 -0.983548 -2.56278
2 1 5 -0.665702 0.0992415 -0.739589 -1.96722
0 2 5 -0.350029 -0.253608 -0.901755 -1.87229
1 2 5 -0.034767 -0.00270421 -0.999392 -2.60882
2 2 5 0.55719 -0.105483 -0.823658 -2.13725
3 0 3 0.0170677 -0.36887 -0.929324 -2.54427
4 0 3 0.310386 0.210451 -0.927023 -2.75665
5 0 3 0.0713702 -0.21072 -0.974938 -2.49328
3 1 3 0.406005 -0.271953 -0.872469 -2.51019
4 1 3 0.637696 0.144023 -0.756705 -2.31919
5 1 3 0.0431809 0.00349217 -0.999061 -2.56696
3 2 3 -0.288285 -0.646885 -0.705997 -1.82833
4 2 3 0.104394 -0.00639889 -0.994515 -2.50907
5 2 3 0.105271 0.144001 -0.983962 -2.4689
3 0 4 -0.333298 0.140297 -0.932325 -1.8354
4 0 4 0.547885 0.131462 -0.82616 -2.13246
5 0 4 0.320106 0.20141 -0.925725 -2.30331
3 1 4 -0.361474 -0.657302 -0.661279 -2.15179
4 1 4 0.145159 -0.890549 -0.431105 -1.6951
5 1 4 -0.617701 -0.619944 -0.483854 -1.87327
3 2 4 -0.419691 0.437438 -0.795304 -1.28704
4 2 4 -0.469073 -0.649782 -0.598126 -1.82173
5 2 4 -0.699788 -0.574572 -0.424456 -0.943187
3 0 5 -0.352952 0.704128 -0.61614 -1.38171
4 0 5 0.388003 -0.642606 -0.660691 -1.47657
5 0 5 0.733961 0.533589 -0.420218 -0.749331
3 1 5 -0.167464 -0.164706 -0.972022 -2.51578
4 1 5 0.177311 -0.0345614 -0.983548 -2.38562
5 1 5 -0.281242 -0.611483 -0.739589 -1.89929
3 2 5 0.37791 -0.209813 -0.901755 -2.29221
4 2 5 -0.0164287 -0.0307596 -0.999392 -2.61905
5 2 5 0.412152 -0.389511 -0.823658 -2.01882
6 0 3 0.367106 -0.0398754 -0.929324 -2.29242
7 0 3 0.144193 -0.346176 -0.927023 -1.69907
8 0 3 -0.207525 0.0801875 -0.974938 -2.71517
6 1 3 -0.417542 0.253883 -0.872469 -2.18527
7 1 3 -0.0502177 -0.651825 -0.756705 -1.76907
8 1 3 -0.0402032 0.0161399 -0.999061 -2.22657
6 2 3 0.687535 0.169892 -0.705997 -1.79843
7 2 3 -0.0504957 0.0915932 -0.994515 -2.51747
8 2 3 -0.114583 -0.136707 -0.983962 -2.41373
6 0 4 0.483975 0.371876 -0.792134 -1.6407
7 0 4 0.170643 0.446414 0.878405 1.54212
8 0 4 -0.341875 -0.161727 -0.925725 -0.398927
6 1 4 -0.679542 0.317698 -0.661279 -0.994184
7 1 4 0.177374 0.816585 -0.549297 -0.655242
8 1 4 -0.464165 0.741914 -0.483854 -1.48424
6 2 4 0.815626 -0.493164 0.302562 1.24503
7 2 4 -0.345484 0.723109 -0.598126 -1.03291
8 2 4 0.104935 0.899347 -0.424456 -1.43027
6 0 5 -0.143355 0.103252 -0.98427 -2.34995
7 0 5 -0.39632 0.637509 -0.660691 -0.510972
8 0 5 0.906523 -0.0403996 -0.420218 -1.0314
6 1 5 0.0532259 -0.228778 -0.972022 -2.23227
7 1 5 -0.111749 -0.965939 -0.233398 0.196932
8 1 5 0.186373 0.00651821 -0.982457 -2.09197
6 2 5 0.428697 0.0552849 -0.901755 -1.95672
7 2 5 -0.0253467 -0.02395 -0.999392 -2.21983
8 2 5 -0.0236375 0.195761 -0.980367 -2.51044
0 3 3 0.191501 0.528714 -0.826915 -2.4257
1 3 3 -0.119795 0.355357 -0.927023 -2.4028
2 3 3 -0.14171 0.171508 -0.974938 -2.23504
0 4 3 -0.0677378 -0.084745 -0.994098 -2.44462
1 4 3 0.468431 0.147871 -0.871038 -2.40225
2 4 3 -0.0244781 -0.0357437 -0.999061 -2.50131
0 5 3 0.311063 0.636245 -0.705997 -2.12151
1 5 3 -0.54203 0.085723 -0.835975 -2.27916
2 5 3 0.146455 -0.101829 -0.983962 -2.33141
0 3 4 0.277477 0.231899 -0.932325 -2.2051
1 3 4 0.698793 0.708387 -0.0993836 -1.12058
2 3 4 0.195777 -0.323582 -0.925725 -1.936
0 4 4 0.738883 -0.129466 -0.661279 -1.86338
1 4 4 0.754058 0.360097 -0.549297 -1.825
2 4 4 0.466992 -0.740138 -0.483854 -1.35803
0 5 4 -0.455601 -0.0276459 -0.889755 -1.03359
1 5 4 -0.250874 0.228313 -0.94071 -2.37006
2 5 4 -0.61013 -0.669013 -0.424456 -1.67098
0 3 5 0.164964 -0.0632355 -0.98427 -2.53114
1 3 5 0.191971 -0.14282 -0.970953 -2.19168
2 3 5 0.757448 0.0302483 -0.652195 -2.19432
0 4 5 0.022746 0.233784 -0.972022 -1.43133
1 4 5 0.534349 -0.812401 -0.233398 -1.36528
2 4 5 0.712394 -0.64096 -0.285772 -1.57483
0 5 5 -0.787155 -0.608076 0.103105 0.18543
1 5 5 -0.0197224 0.0287591 -0.999392 -1.97048
2 5 5 -0.144127 0.134569 -0.980367 -1.27131
3 3 3 -0.0748296 -0.981168 -0.178075 -0.557338
4 3 3 -0.331658 -0.175021 -0.927023 -1.53375
5 3 3 0.204065 0.0886247 -0.974938 -2.52394
3 4 3 0.105733 -0.477094 -0.872469 -1.94445
4 4 3 0.653544 -0.0166942 -0.756705 -2.05348
5 4 3 0.0252165 0.0352267 -0.999061 -2.50754
3 5 3 0.573799 0.415118 -0.705997 -1.61454
4 5 3 -0.223914 -0.501007 -0.835975 -1.86914
5 5 3 -0.172567 0.0451551 -0.983962 -2.78393
3 3 4 -0.256378 0.255032 -0.932325 -1.73782
4 3 4 -0.122056 0.923474 0.363727 1.21266
5 3 4 0.856759 -0.361114 -0.368185 -0.0466558
3 4 4 -0.258465 0.704206 -0.661279 -1.19913
4 4 4 -0.0164755 0.00491927 -0.999852 -1.77895
5 4 4 0.634145 0.603113 -0.483854 -1.37175
3 5 4 -0.204934 -0.570521 -0.795304 -1.68147
4 5 4 -0.0661222 0.332705 -0.94071 -1.88409
5 5 4 -0.123736 -0.221234 -0.967339 -1.81563
3 3 5 -0.0147533 0.176051 -0.98427 -2.63378
4 3 5 -0.159324 0.178512 -0.970953 -2.00255
5 3 5 -0.630851 -0.652261 -0.420218 -0.339953
3 4 5 -0.231122 0.0418917 -0.972022 -1.82454
4 4 5 0.117406 -0.137294 -0.983548 -2.78949
5 4 5 0.672882 0.0154273 -0.739589 -1.92141
3 5 5 0.0108446 -0.994611 0.103105 -0.212189
4 5 5 0.0213209 -0.0275949 -0.999392 -2.30219
5 5 5 0.144044 -0.548488 -0.823658 -2.31021
6 3 3 0.231002 -0.288088 -0.929324 -2.45972
7 3 3 -0.252072 -0.277649 -0.927023 -2.22498
8 3 3 0.212323 0.0664497 -0.974938 -2.77494
6 4 3 0.294892 0.389662 -0.872469 -2.21315
7 4 3 -0.62398 -0.195057 -0.756705 -2.37569
8 4 3 -0.0395639 0.017649 -0.999061 -2.23779
6 5 3 -0.234764 0.668172 -0.705997 -2.19969
7 5 3 -0.218672 -0.503317 -0.835975 -2.04851
8 5 3 -0.313272 0.379677 -0.870463 -0.847207
6 3 4 -0.316064 0.175711 -0.932325 -0.777907
7 3 4 -0.865284 -0.344944 0.363727 0.469027
8 3 4 -0.0980754 -0.36526 -0.925725 -0.981588
6 4 4 -0.643436 0.385617 -0.661279 -1.70304
7 4 4 -0.528532 -0.647245 -0.549297 -1.25308
8 4 4 0.37215 0.792079 -0.483854 -0.698107
6 5 4 -0.739177 0.65492 -0.157156 -1.01672
7 5 4 -0.788102 -0.145399 -0.598126 -0.803502
8 5 4 -0.0878505 0.277761 0.956625 0.892663
6 3 5 0.379248 0.69032 -0.61614 -1.40979
7 3 5 0.707359 0.251259 -0.660691 -0.361393
8 3 5 -0.628617 0.654414 -0.420218 -0.866448
6 4 5 0.234046 -0.0198722 -0.972022 -2.0401
7 4 5 -0.836479 0.495811 -0.233398 -0.417835
8 4 5 0.516756 0.80703 -0.285772 -1.33308
6 5 5 0.422809 0.0898338 -0.901755 -1.89507
7 5 5 -0.0204553 -0.0282425 -0.999392 -1.3173
8 5 5 0.529479 0.523539 0.667502 0.46693
0 6 3 0.0938317 0.357144 -0.929324 -2.7237
1 6 3 -0.371487 0.0512482 -0.927023 -2.82558
2 6 3 0.0952603 -0.201053 -0.974938 -2.6004
0 7 3 -0.118043 0.474198 -0.872469 -2.51369
1 7 3 -0.502083 0.418701 -0.756705 -2.69733
2 7 3 0.0432746 -0.00202469 -0.999061 -2.36173
0 8 3 0.166323 -0.688407 -0.705997 -1.46267
1 8 3 -0.530301 0.14116 -0.835975 -2.08527
2 8 3 -0.488248 -0.0625145 -0.870463 -2.4986
0 6 4 -0.0101599 -0.36148 -0.932325 -1.86621
1 6 4 -0.203845 0.192451 -0.959901 -2.64391
2 6 4 -0.913455 -0.17332 -0.368185 -0.577491
0 7 4 -0.285163 0.693824 -0.661279 -1.48314
1 7 4 -0.388003 0.459855 -0.798741 -1.87284
2 7 4 0.867987 0.111732 -0.483854 -0.372011
0 8 4 0.985128 0.0694541 -0.157156 -0.199336
1 8 4 0.402241 -0.693143 -0.598126 -0.901544
2 8 4 -0.869984 -0.250928 -0.424456 -0.668807
0 6 5 -0.0175337 0.175796 -0.98427 -2.66723
1 6 5 0.110624 0.212162 -0.970953 -2.83439
2 6 5 0.655823 0.45453 -0.602742 -1.2355
0 7 5 0.0554915 -0.228239 -0.972022 -2.33816
1 7 5 0.133531 -0.121668 -0.983548 -2.72334
2 7 5 -0.164643 -0.0875791 -0.982457 -2.23104
0 8 5 -0.0565757 0.428528 -0.901755 -2.16762
1 8 5 -0.00591643 -0.0343665 -0.999392 -2.58815
2 8 5 0.315574 0.471169 -0.823658 -1.5523
3 6 3 0.221464 -0.295483 -0.929324 -2.66489
4 6 3 0.300153 0.224805 -0.927023 -1.65851
5 6 3 0.154199 -0.160372 -0.974938 -2.1842
3 7 3 -0.0990081 -0.478535 -0.872469 -2.38258
4 7 3 -0.65321 -0.0267475 -0.756705 -1.98681
5 7 3 -0.0222821 0.0371524 -0.999061 -2.20757
3 8 3 -0.664076 -0.246111 -0.705997 -1.83949
4 8 3 0.54479 0.0659455 -0.835975 -1.94031
5 8 3 0.0745757 -0.162039 -0.983962 -2.80062
3 6 4 -0.189789 -0.58009 -0.792134 -1.77196
4 6 4 -0.926781 0.0936953 0.363727 0.133617
5 6 4 -0.929749 -0.0024647 -0.368185 -1.65228
3 7 4 0.748061 -0.0558067 -0.661279 -1.21539
4 7 4 -0.53817 -0.269045 -0.798741 -1.95565
5 7 4 -0.500384 -0.717984 -0.483854 -2.23217
3 8 4 -0.407356 -0.861695 0.302562 -0.0203241
4 8 4 -0.153292 -0.302599 -0.94071 -2.16052
5 8 4 0.000530774 -0.253486 -0.967339 -2.24794
3 6 5 0.164307 -0.0649215 -0.98427 -2.09196
4 6 5 -0.239161 0.00723947 -0.970953 -2.23485
5 6 5 -0.669933 -0.246617 -0.700264 -2.50217
3 7 5 0.162653 -0.16946 -0.972022 -2.83172
4 7 5 -0.0729556 0.165261 -0.983548 -2.48643
5 7 5 -0.88474 -0.368197 -0.285772 -1.73729
3 8 5 0.105984 -0.419052 -0.901755 -1.77977
4 8 5 -0.0299206 -0.0179114 -0.999392 -2.63284
5 8 5 0.0513683 -0.564756 -0.823658 -2.04816
6 6 3 -0.058162 0.364656 -0.929324 -2.62131
7 6 3 0.373005 0.0386892 -0.927023 -2.18075
8 6 3 0.0505703 0.216655 -0.974938 -2.53321
6 7 3 -0.43482 0.223 -0.872469 -2.56704
7 7 3 -0.559456 0.338241 -0.756705 -2.39804
8 7 3 -0.0424652 0.00857299 -0.999061 -2.47012
6 8 3 -0.521544 -0.479124 -0.705997 -1.19122
7 8 3 -0.382076 0.393908 -0.835975 -2.36124
8 8 3 0.177956 0.0122502 -0.983962 -1.76956
6 6 4 0.0194994 -0.361096 -0.932325 -1.27562
7 6 4 0.864513 0.492686 -0.0993836 0.141376
8 6 4 -0.0535345 0.92821 -0.368185 -0.910411
6 7 4 -0.584259 -0.494805 -0.64328 -1.78426
7 7 4 -0.537877 -0.269631 -0.798741 -1.14203
8 7 4 -0.79579 -0.364148 -0.483854 -0.485942
6 8 4 0.735202 0.659378 -0.157156 0.164434
7 8 4 -0.189643 0.778641 -0.598126 -0.693554
8 8 4 0.106804 -0.271038 0.956625 2.05387
6 6 5 -0.430937 -0.659291 -0.61614 -1.62317
7 6 5 -0.335559 0.671482 -0.660691 -1.38715
8 6 5 -0.250442 0.872179 -0.420218 -1.66088
6 7 5 -0.650539 0.178594 -0.738175 -1.93723
7 7 5 0.578503 0.781575 -0.233398 -0.151513
8 7 5 0.616679 0.269657 -0.739589 -1.51805
6 8 5 -0.361798 -0.236516 -0.901755 -1.99081
7 8 5 0.00409742 0.0346305 -0.999392 -2.19321
8 8 5 -0.0508866 -0.190504 -0.980367 -1.48506
0 0 6 -0.36775 0.033415 -0.929324 -2.44489
1 0 6 -0.0979195 -0.361996 -0.927023 -2.54839
2 0 6 -0.110091 0.19333 -0.974938 -2.67647
0 1 6 0.0868701 -0.0649901 -0.994098 -2.65177
1 1 6 0.169375 -0.461091 -0.871038 -2.56587
2 1 6 0.0311326 -0.0301256 -0.999061 -2.54559
0 2 6 0.67776 -0.205449 -0.705997 -1.71913
1 2 6 -0.548663 -0.0106886 -0.835975 -2.09797
2 2 6 -0.176822 0.0234997 -0.983962 -2.53752
0 0 7 -0.327399 0.153561 -0.932325 -2.06715
1 0 7 -0.449905 -0.339184 -0.82616 -2.29398
2 0 7 -0.26545 0.269389 -0.925725 -2.38528
0 1 7 -0.248577 -0.707756 -0.661279 -1.25535
1 1 7 -0.0165317 -0.00472692 -0.999852 -2.27521
2 1 7 -0.0747531 0.87195 -0.483854 -1.44929
0 2 7 0.92938 -0.211445 0.302562 0.968119
1 2 7 -0.747849 0.288042 -0.598126 -1.12407
2 2 7 -0.904744 -0.035707 -0.424456 -1.29854
0 0 8 0.747857 0.247145 -0.61614 -1.56869
1 0 8 -0.27422 0.698779 -0.660691 -1.7621
2 0 8 -0.107515 0.0925619 -0.989885 -2.7177
0 1 8 0.178972 -0.152123 -0.972022 -2.54966
1 1 8 -0.176801 -0.0370829 -0.983548 -2.76144
2 1 8 -0.136751 -0.086708 -0.986803 -1.79415
0 2 8 -0.405305 -0.445351 -0.798367 -1.64849
1 2 8 0.0185405 0.0295349 -0.999392 -2.43045
2 2 8 -0.194348 -0.0333174 -0.980367 -2.66143
3 0 6 -0.366487 0.0452119 -0.929324 -2.58426
4 0 6 -0.150317 -0.343561 -0.927023 -2.54701
5 0 6 -0.0129814 -0.2221 -0.974938 -2.58315
3 1 6 -0.107301 -0.0160223 -0.994098 -2.60668
4 1 6 0.592268 0.276798 -0.756705 -2.06311
5 1 6 -0.0384217 -0.0200141 -0.999061 -2.46109
3 2 6 -0.640824 -0.301517 -0.705997 -1.84109
4 2 6 -0.46746 0.287448 -0.835975 -1.80889
5 2 6 -0.0174233 -0.177524 -0.983962 -2.69755
3 0 7 0.287721 -0.21906 -0.932325 -2.0395
4 0 7 -0.505633 -0.248587 -0.82616 -1.93753
5 0 7 0.270362 0.264459 -0.925725 -1.99632
3 1 7 -0.733352 0.219967 -0.64328 -1.33994
4 1 7 0.536045 -0.273255 -0.798741 -1.83266
5 1 7 -0.0806358 -0.871426 -0.483854 -1.30671
3 2 7 -0.92896 -0.213285 0.302562 -0.580203
4 2 7 0.574933 -0.558299 -0.598126 -1.26797
5 2 7 0.189714 -0.168119 -0.967339 -2.58879
3 0 8 -0.0871281 -0.153689 -0.98427 -2.81996
4 0 8 -0.649641 -0.376105 -0.660691 -1.49862
5 0 8 0.0127906 -0.434913 -0.900382 -2.41498
3 1 8 0.10483 -0.210197 -0.972022 -2.48259
4 1 8 -0.0714633 0.165911 -0.983548 -2.5751
5 1 8 -0.138515 -0.0838625 -0.986803 -2.55654
3 2 8 -0.41366 -0.125391 -0.901755 -2.23685
4 2 8 0.023717 -0.0255649 -0.999392 -2.61211
5 2 8 -0.143188 -0.135566 -0.980367 -2.93464
6 0 6 0.00505223 -0.36923 -0.929324 -2.4547
7 0 6 0.35182 -0.129815 -0.927023 -2.28455
8 0 6 0.198589 -0.100294 -0.974938 -2.38762
6 1 6 -0.0153032 0.48843 -0.872469 -2.2993
7 1 6 0.270818 0.409818 -0.871038 -2.17519
8 1 6 0.0409084 0.0142582 -0.999061 -2.72857
6 2 6 -0.698378 0.117627 -0.705997 -1.62178
7 2 6 0.0781622 0.0694968 -0.994515 -2.76067
8 2 6 -0.0210212 0.177134 -0.983962 -2.81781
6 0 7 -0.224029 -0.283869 -0.932325 -2.12978
7 0 7 -0.264927 0.497267 -0.82616 -1.9243
8 0 7 0.109209 0.923317 -0.368185 -0.954328
6 1 7 0.7333 0.158055 -0.661279 -1.74261
7 1 7 -0.00149964 0.0171287 -0.999852 -2.43968
8 1 7 0.874589 0.0312901 -0.483854 -1.09619
6 2 7 0.418994 -0.438105 -0.795304 -2.26124
7 2 7 0.339196 -0.00325424 -0.94071 -2.05153
8 2 7 -0.117714 0.224497 -0.967339 -1.84798
6 0 8 0.174696 -0.0263268 -0.98427 -2.7535
7 0 8 0.155387 0.181949 -0.970953 -2.65646
8 0 8 0.335839 -0.276631 -0.900382 -1.38487
6 1 8 0.229706 0.0490664 -0.972022 -2.68649
7 1 8 0.131755 -0.123588 -0.983548 -2.82899
8 1 8 -0.108579 0.120124 -0.986803 -2.48283
6 2 8 -0.142457 -0.408097 -0.901755 -2.31029
7 2 8 0.0223252 -0.0267889 -0.999392 -2.86509
8 2 8 -0.562242 -0.0739686 -0.823658 -2.37122
0 3 6 0.13431 -0.343973 -0.929324 -2.65406
1 3 6 0.37337 -0.0349831 -0.927023 -2.59697
2 3 6 -0.174179 0.138414 -0.974938 -2.20266
0 4 6 0.397892 0.28369 -0.872469 -2.26792
1 4 6 0.427451 -0.494656 -0.756705 -2.07336
2 4 6 0.0179077 -0.0394475 -0.999061 -2.3175
0 5 6 -0.361132 -0.609222 -0.705997 -1.60806
1 5 6 0.471382 0.28097 -0.835975 -2.26321
2 5 6 0.151346 0.094407 -0.983962 -2.36418
0 3 7 0.187005 0.309516 -0.932325 -1.99232
1 3 7 0.367413 -0.427163 -0.82616 -1.32052
2 3 7 0.697858 0.614357 -0.368185 -0.830952
0 4 7 0.7459 0.386511 -0.542442 -1.35401
1 4 7 -0.469372 0.376433 -0.798741 -1.00658
2 4 7 0.833411 0.267042 -0.483854 -0.461984
0 5 7 -0.188741 -0.96937 -0.157156 -0.707603
1 5 7 0.662674 0.450677 -0.598126 -1.00099
2 5 7 -0.902161 -0.0770938 -0.424456 -0.152422
0 3 8 0.160301 0.074266 -0.98427 -2.57459
1 3 8 -0.736115 0.147046 -0.660691 -1.86874
2 3 8 -0.168524 0.401139 -0.900382 -2.3549
0 4 8 -0.229705 -0.0490709 -0.972022 -2.60006
1 4 8 -0.0216175 -0.17935 -0.983548 -2.57945
2 4 8 -0.146068 0.0698816 -0.986803 -2.40429
0 5 8 -0.284618 -0.325316 -0.901755 -2.14879
1 5 8 0.02324 0.0259993 -0.999392 -2.59151
2 5 8 0.545282 0.15574 -0.823658 -1.91434
3 3 6 0.509973 -0.236937 -0.826915 -2.06954
4 3 6 0.135688 -0.349597 -0.927023 -2.45958
5 3 6 -0.135184 -0.176697 -0.974938 -2.78087
3 4 6 -0.099047 -0.0442699 -0.994098 -2.30587
4 4 6 -0.030965 -0.949689 -0.31166 -1.0543
5 4 6 -0.0277334 0.0332814 -0.999061 -2.28941
3 5 6 -0.476848 -0.523626 -0.705997 -1.51143
4 5 6 0.321841 -0.444482 -0.835975 -2.44625
5 5 6 0.0654895 0.16592 -0.983962 -2.34187
3 3 7 -0.359347 0.0405082 -0.932325 -1.66294
4 3 7 -0.221981 -0.517866 -0.82616 -2.35473
5 3 7 -0.346453 -0.151671 -0.925725 -2.56252
3 4 7 -0.840075 -0.00555077 -0.542442 -1.35717
4 4 7 -0.207939 0.564601 -0.798741 -0.92189
5 4 7 -0.610072 0.627453 -0.483854 -0.86329
3 5 7 -0.452336 0.877892 -0.157156 -0.438598
4 5 7 0.57273 -0.560559 -0.598126 -1.07126
5 5 7 -0.00450195 -0.905437 -0.424456 -0.852594
3 3 8 -0.768836 0.171062 -0.61614 -2.42967
4 3 8 -0.639357 -0.393332 -0.660691 -1.65363
5 3 8 -0.43271 -0.0455534 -0.900382 -1.82426
3 4 8 -0.0927425 0.215804 -0.972022 -2.26026
4 4 8 0.946093 0.224573 -0.233398 -0.200127
5 4 8 -0.0402227 0.752541 0.657315 0.848849
3 5 8 -0.253783 0.349902 -0.901755 -2.47098
4 5 8 -0.246292 -0.116956 -0.962113 -1.93123
5 5 8 -0.334248 0.458111 -0.823658 -1.20992
6 3 6 0.0383609 -0.367267 -0.929324 -2.23454
7 3 6 -0.327999 0.181785 -0.927023 -2.03398
8 3 6 -0.0920501 -0.202543 -0.974938 -2.54552
6 4 6 -0.0462457 0.09814 -0.994098 -2.62667
7 4 6 -0.18499 0.455051 -0.871038 -2.48366
8 4 6 0.0159144 0.0402929 -0.999061 -2.31805
6 5 6 0.0859107 -0.261723 -0.961312 -2.58951
7 5 6 -0.433327 0.33671 -0.835975 -2.45518
8 5 6 -0.157924 -0.0829352 -0.983962 -1.67888
6 3 7 0.327301 0.153769 -0.932325 -1.37188
7 3 7 -0.759891 0.538765 0.363727 1.15964
8 3 7 -0.354226 0.132506 -0.925725 -1.80812
6 4 7 -0.243607 -0.803998 -0.542442 -1.29193
7 4 7 0.601573 -0.0110383 -0.798741 -0.963495
8 4 7 0.869776 -0.0968213 -0.483854 -1.11973
6 5 7 -0.208557 -0.569207 -0.795304 -2.36954
7 5 7 -0.769969 0.222247 -0.598126 -1.41798
8 5 7 0.102994 -0.899572 -0.424456 -1.67661
6 3 8 0.117159 -0.778874 -0.61614 -2.13608
7 3 8 -0.0553587 -0.232779 -0.970953 -2.11635
8 3 8 0.435092 0.00281562 -0.900382 -2.4769
6 4 8 0.172359 -0.159577 -0.972022 -1.73901
7 4 8 0.0253329 -0.178863 -0.983548 -2.74336
8 4 8 0.130082 -0.0964255 -0.986803 -2.68369
6 5 8 0.254503 -0.349379 -0.901755 -2.3626
7 5 8 -0.0337662 -0.00871206 -0.999392 -2.42318
8 5 8 0.526959 -0.209529 -0.823658 -2.33498
0 6 6 0.167341 0.329171 -0.929324 -1.88746
1 6 6 -0.142554 0.346854 -0.927023 -2.81319
2 6 6 -0.222393 -0.00616931 -0.974938 -2.55505
0 7 6 -0.224286 0.434158 -0.872469 -2.2076
1 7 6 -0.0222156 0.490713 -0.871038 -2.71403
2 7 6 0.0141914 -0.0409316 -0.999061 -2.66302
0 8 6 0.594092 0.583752 -0.553433 -2.00281
1 8 6 0.0997921 0.539617 -0.835975 -2.16362
2 8 6 0.00337711 0.178345 -0.983962 -2.59224
0 6 7 -0.879428 -0.42122 0.221766 0.0299211
1 6 7 0.252687 0.503597 -0.82616 -1.63861
2 6 7 -0.300311 -0.229885 -0.925725 -2.15421
0 7 7 -0.306799 -0.782069 -0.542442 -1.2786
1 7 7 -0.596529 0.0785212 -0.798741 -1.96174
2 7 7 -0.653954 0.581575 -0.483854 -1.6251
0 8 7 0.163587 0.583722 -0.795304 -1.25709
1 8 7 0.23724 -0.765482 -0.598126 -1.07227
2 8 7 -0.812703 -0.399189 -0.424456 -1.48423
0 6 8 -0.529224 0.583346 -0.61614 -1.52325
1 6 8 -0.0759003 0.226913 -0.970953 -2.78587
2 6 8 -0.0628778 0.430533 -0.900382 -2.6787
0 7 8 -0.0284093 -0.233164 -0.972022 -1.33744
1 7 8 -0.177736 0.0323045 -0.983548 -2.767
2 7 8 -0.0634597 0.14897 -0.986803 -2.44708
0 8 8 -0.32331 0.508016 -0.798367 -1.35302
1 8 8 -0.0176312 -0.0300865 -0.999392 -2.38295
2 8 8 0.207511 -0.527756 -0.823658 -2.2716
3 6 6 -0.244382 0.276829 -0.929324 -2.5346
4 6 6 0.373779 -0.0303042 -0.927023 -2.14672
5 6 6 -0.171931 -0.141196 -0.974938 -2.55214
3 7 6 -0.0522701 -0.0950682 -0.994098 -2.9171
4 7 6 -0.0476314 -0.187727 -0.981066 -2.85624
5 7 6 -0.0148492 -0.0406975 -0.999061 -2.37589
3 8 6 0.271889 0.26486 -0.925162 -2.37719
4 8 6 0.269589 -0.477982 -0.835975 -2.58708
5 8 6 -0.0517417 -0.170707 -0.983962 -2.74396
3 6 7 0.280154 0.228658 -0.932325 -1.78403
4 6 7 0.807103 -0.465067 0.363727 0.51502
5 6 7 -0.928358 -0.0509126 -0.368185 -0.544026
3 7 7 0.154594 -0.112564 -0.981545 -2.42158
4 7 7 -0.0485161 -0.599715 -0.798741 -1.82401
5 7 7 -0.878606 -0.0249131 -0.476897 -1.84097
3 8 7 -0.605531 0.0287241 -0.795304 -1.75728
4 8 7 0.737684 -0.313158 -0.598126 -1.55459
5 8 7 0.0768821 -0.241546 -0.967339 -2.09467
3 6 8 -0.0163758 0.175908 -0.98427 -2.89549
4 6 8 -0.11464 -0.210019 -0.970953 -2.17241
5 6 8 0.202857 -0.384918 -0.900382 -2.14013
3 7 8 0.152957 -0.178259 -0.972022 -2.92794
4 7 8 0.173121 -0.0516007 -0.983548 -2.77968
5 7 8 -0.161622 -0.00988317 -0.986803 -2.70875
3 8 8 -0.112505 -0.417349 -0.901755 -2.73329
4 8 8 -0.0449066 -0.487523 -0.871955 -2.4872
5 8 8 0.1103 0.163448 -0.980367 -2.68727
6 6 6 -0.203669 0.308019 -0.929324 -2.33767
7 6 6 0.35515 -0.120406 -0.927023 -1.87378
8 6 6 0.222385 -0.0064681 -0.974938 -2.35254
6 7 6 -0.448912 -0.193071 -0.872469 -2.32817
7 7 6 -0.308323 -0.89878 -0.31166 -0.433468
8 7 6 -0.0312996 0.0299521 -0.999061 -2.23145
6 8 6 -0.410424 0.577165 -0.705997 -1.73316
7 8 6 0.0743823 0.543703 -0.835975 -1.63905
8 8 6 0.164109 -0.0699031 -0.983962 -2.14798
6 6 7 0.337741 0.129236 -0.932325 -1.80661
7 6 7 -0.176986 0.534917 -0.82616 -1.28047
8 6 7 0.352864 -0.86019 -0.368185 -0.958646
6 7 7 -0.454816 0.596534 -0.661279 -1.5154
7 7 7 0.144484 -0.584069 -0.798741 -1.52485
8 7 7 -0.866635 -0.121773 -0.483854 -0.0237063
6 8 7 -0.817393 -0.554229 -0.157156 -0.810238
7 8 7 0.486929 -0.636511 -0.598126 -1.1698
8 8 7 0.951886 -0.00688104 0.306374 0.234982
6 6 8 0.660918 -0.428438 -0.61614 -2.28787
7 6 8 0.615988 -0.429007 -0.660691 -1.74546
8 6 8 -0.203719 -0.384462 -0.900382 -1.20745
6 7 8 -0.0412528 0.231237 -0.972022 -2.06568
7 7 8 -0.590558 -0.772507 -0.233398 -0.81728
8 7 8 -0.0203561 0.0210192 0.999572 1.3769
6 8 8 -0.650145 0.13457 -0.747798 -2.10026
7 8 8 -0.0838515 -0.482352 -0.871955 -1.17924
8 8 8 0.228768 0.291574 0.928789 1.05119
