Position_x Position_y Position_z Spin_x Spin_y Spin_z Spin_energy Temperature n_spins
0 0 0 -0.627594 0.720787 0.294265 0.706722 1.001 729
0 0 10 -0.0261797 0.154423 -0.987658 -1.57521
0 0 20 -0.137716 -0.47132 -0.871144 -2.44247
0 0 30 0.0737504 0.0724233 -0.994644 -1.95154
0 0 40 -0.0379648 -0.982341 -0.183209 -1.33356
0 0 50 -0.576898 -0.347865 -0.739039 -2.16386
0 0 60 -0.284191 -0.0314434 -0.958252 -2.14276
0 0 70 0.641354 0.509556 -0.573601 -0.471918
0 0 80 0.654362 -0.754751 0.0464757 -0.319192
0 0 90 0.0406348 -0.352898 -0.934779 -0.701586
0 10 0 -0.0696999 -0.448248 -0.891188 -1.69979
0 10 10 0.516433 0.423903 -0.744045 -1.40513
0 10 20 0.562636 -0.106466 -0.819821 -1.94017
0 10 30 0.0674304 0.0504261 -0.996449 -2.32267
0 10 40 -0.436939 0.889853 -0.131325 -0.536923
0 10 50 0.773128 -0.318394 0.548542 0.179898
0 10 60 0.769999 0.58231 -0.2608 0.809301
0 10 70 -0.759588 0.242956 0.603323 1.94345
0 10 80 -0.293495 0.280859 -0.913772 -1.48019
0 10 90 -0.680401 -0.288998 -0.673449 -0.885115
0 20 0 -0.378258 0.22677 -0.897494 -2.15799
0 20 10 0.000109526 0.000561793 -1 -2.29571
0 20 20 0.429999 0.64972 -0.62687 -1.67828
0 20 30 0.831185 0.300254 -0.467952 -1.24166
0 20 40 -0.370738 -0.815769 0.44393 0.977321
0 20 50 0.820791 -0.175255 -0.543679 0.64465
0 20 60 -0.925143 -0.132842 -0.355616 -0.214476
0 20 70 -0.175438 -0.0257974 -0.984152 -2.22527
0 20 80 -0.106928 0.399305 -0.910562 -2.21936
0 20 90 -0.0021136 0.000731229 -0.999997 -2.2422
0 30 0 -0.541578 -0.406781 -0.735678 -1.27169
0 30 10 -0.966194 -0.13127 0.221897 -0.0838957
0 30 20 -0.570367 -0.608784 -0.55142 -1.19503
0 30 30 -0.24475 0.175977 -0.953483 -1.45545
0 30 40 0.543993 0.613264 -0.572695 -1.22194
0 30 50 0.0532513 0.234076 -0.970759 -1.8421
0 30 60 0.564018 0.820748 -0.0908709 -1.18247
0 30 70 0.457627 0.779673 -0.42742 -0.640154
0 30 80 -0.0272174 -0.456 -0.889563 -1.1386
0 30 90 0.013843 -0.108219 0.994031 1.14908
0 40 0 0.7447 -0.155851 0.648947 0.0120196
0 40 10 0.487971 -0.0739409 -0.869722 -1.25579
0 40 20 0.755576 0.282513 -0.591008 -2.33275
0 40 30 0.311522 0.947456 -0.0726758 -1.01662
0 40 40 0.240243 0.0428056 -0.969769 -1.41403
0 40 50 0.0206493 -0.970917 0.238526 1.02165
0 40 60 -0.0024278 -0.0304039 -0.999535 -1.44698
0 40 70 -0.272816 -0.672242 -0.688231 0.485525
0 40 80 -0.189869 -0.154065 0.969646 0.866359
0 40 90 -0.0926656 0.0972859 -0.990933 -0.0213038
0 50 0 0.0898073 0.710257 -0.69819 -2.21882
0 50 10 -0.00707116 0.13674 -0.990582 -2.32762
0 50 20 -0.184084 -0.0208836 -0.982689 -2.27934
0 50 30 -0.850494 0.509733 -0.12974 -0.136677
0 50 40 0.752868 0.544555 0.369662 1.00263
0 50 50 0.112068 0.204041 0.972527 0.370895
0 50 60 0.687024 -0.538306 0.488083 -1.38538
0 50 70 0.796918 -0.452201 0.400543 0.0399391
0 50 80 -0.000830529 0.145678 -0.989332 -1.99546
0 50 90 -0.366332 0.231153 -0.901315 -2.56604
0 60 0 -0.738583 -0.327862 -0.589068 -1.8903
0 60 10 -0.733279 0.0752414 -0.675751 -2.17523
0 60 20 -0.810696 0.188112 -0.554423 -1.38367
0 60 30 -0.527635 0.844811 0.0888574 -0.0454054
0 60 40 -0.732036 0.181713 -0.656585 -0.83398
0 60 50 -0.0158062 -0.0922721 -0.995608 -2.04116
0 60 60 0.0613256 -0.0409154 -0.997279 -2.81757
0 60 70 0.109662 -0.421474 -0.900185 -2.65641
0 60 80 0.230065 -0.206507 -0.951013 -1.75318
0 60 90 -0.0587848 -0.0946406 -0.993774 -2.72011
0 70 0 -0.204849 -0.0240505 -0.978498 -2.54943
0 70 10 0.278476 -0.783368 -0.555686 -0.569751
0 70 20 0.0206169 -0.551141 -0.834157 -1.36898
0 70 30 0.0770067 -0.0602921 -0.995206 -2.67595
0 70 40 -0.0121807 -0.00447977 -0.999916 -2.65711
0 70 50 0.310469 -0.125275 -0.942292 -2.32293
0 70 60 -0.130091 0.00685702 -0.991478 -1.96923
0 70 70 -0.0585308 -0.107137 -0.99252 -2.52273
0 70 80 -0.0297608 0.110326 -0.99345 -1.59531
0 70 90 0.325944 -0.380764 -0.86532 -2.01681
0 80 0 -0.118215 -0.228184 -0.966415 -1.95156
0 80 10 0.80257 -0.377386 -0.462018 -0.81358
0 80 20 0.190607 -0.749385 -0.634107 -0.985171
0 80 30 0.754264 0.65589 -0.0298947 0.00956336
0 80 40 0.648284 0.495628 -0.577997 -1.59614
0 80 50 -0.0509622 -0.060473 -0.996868 -2.42459
0 80 60 0.0443769 -0.112987 -0.992605 -2.29137
0 80 70 0.787337 -0.587092 -0.188209 -0.648834
0 80 80 0.555324 -0.0692643 -0.828745 -1.46739
0 80 90 0.574961 0.18231 -0.797611 -2.58852
0 90 0 0.332531 0.589636 -0.736039 -1.44066
0 90 10 -0.206962 0.168582 -0.963715 -1.88613
0 90 20 0.118209 0.414259 -0.90245 -2.06316
0 90 30 0.610217 0.65896 -0.43978 -0.829032
0 90 40 -0.00893121 0.0970598 -0.995238 -1.59238
0 90 50 0.319956 -0.106159 0.941466 1.24588
0 90 60 0.230083 -0.267575 -0.935663 -1.5205
0 90 70 0.284686 0.33007 -0.900004 -1.89233
0 90 80 0.924683 0.372923 -0.0767418 -1.21109
0 90 90 0.401191 -0.703881 -0.586172 -1.37671
10 0 0 0.26498 -0.0950535 -0.959557 -2.30397
10 0 10 0.0371653 -0.0136611 -0.999216 -1.97473
10 0 20 -0.117519 -0.136346 -0.983666 -2.34616
10 0 30 -0.874068 0.485786 -0.00422736 0.496119
10 0 40 -0.391611 -0.793642 -0.465589 -0.161875
10 0 50 -0.327443 0.906925 0.265082 1.38205
10 0 60 0.746125 -0.386684 -0.542009 -0.554471
10 0 70 0.428048 0.564943 -0.705418 -1.51377
10 0 80 0.416709 -0.18911 -0.889152 -1.72518
10 0 90 -0.93465 0.194852 -0.297426 -0.441436
10 10 0 -0.140484 0.154337 -0.97798 -2.54485
10 10 10 -0.00599798 0.00202128 -0.99998 -1.80149
10 10 20 -0.552448 0.0705726 -0.830554 -0.970607
10 10 30 -0.673629 -0.449854 -0.586392 -0.985157
10 10 40 -0.065334 0.0674622 -0.99558 -2.20891
10 10 50 0.523248 0.448487 -0.724618 -1.74065
10 10 60 -0.0557737 -0.177109 -0.98261 -2.57902
10 10 70 0.000172734 0.41846 -0.908235 -2.09144
10 10 80 -0.181511 0.135673 -0.973985 -1.63061
10 10 90 0.390912 -0.792518 -0.468084 -0.525175
10 20 0 0.977576 -0.178949 -0.111007 -0.625535
10 20 10 0.817713 0.194751 -0.54168 -1.27853
10 20 20 0.0715858 0.175142 -0.981937 -2.75575
10 20 30 0.0816068 0.00883158 -0.996625 -2.26434
10 20 40 0.195731 -0.28859 -0.937233 -2.63154
10 20 50 0.534456 0.0964246 -0.839678 -2.03596
10 20 60 -0.285135 -0.248067 -0.92583 -2.34587
10 20 70 0.0054165 0.143013 -0.989706 -1.18153
10 20 80 0.0359867 -0.00115217 -0.999352 -1.62453
10 20 90 -0.370208 0.323224 -0.870903 -1.96747
10 30 0 4.79476e-05 -0.541012 -0.841015 -1.89444
10 30 10 -0.0942264 -0.157724 -0.982977 -1.94094
10 30 20 0.736753 0.646963 0.196553 0.646023
10 30 30 -0.0734544 0.0170365 -0.997153 -1.60169
10 30 40 -0.307194 -0.368323 -0.877479 -1.86133
10 30 50 0.160161 0.10783 -0.981184 -2.56751
10 30 60 0.287703 0.889352 0.35536 0.468538
10 30 70 0.111319 -0.0114571 -0.993719 -0.931034
10 30 80 -0.498083 0.172238 -0.849852 -2.37723
10 30 90 -0.148642 -0.0437314 -0.987924 -2.14788
10 40 0 -0.721931 -0.668423 0.178959 0.26051
10 40 10 -0.789726 0.601753 -0.11927 -0.322339
10 40 20 0.642541 -0.0255968 0.765824 1.54508
10 40 30 0.0204351 -0.0106357 -0.999735 -0.874774
10 40 40 0.337745 -0.010707 -0.941177 -1.61958
10 40 50 -0.480734 -0.612833 -0.62716 -1.2798
10 40 60 0.131299 0.149962 -0.979935 -2.01043
10 40 70 0.0078482 -0.0583481 -0.998265 -1.40136
10 40 80 0.496169 -0.773543 -0.394268 -0.273491
10 40 90 -0.253698 -0.0772787 -0.964192 -1.06814
10 50 0 0.637934 0.0587726 -0.767845 -1.074
10 50 10 -0.719605 0.201024 -0.664649 -0.632513
10 50 20 -0.114511 0.922638 -0.368274 -0.665302
10 50 30 0.236732 -0.439478 -0.866497 -0.759511
10 50 40 -0.358135 0.798686 -0.48357 -1.45536
10 50 50 -0.748169 0.24508 -0.616586 -2.01547
10 50 60 -0.950146 -0.301824 -0.0782619 -0.376658
10 50 70 -0.754128 -0.64782 -0.1078 -0.709848
10 50 80 0.0557527 0.106041 -0.992798 -2.27226
10 50 90 0.371338 -0.332734 -0.866831 -1.05874
10 60 0 0.0200402 -0.184122 -0.982699 -2.29222
10 60 10 -0.371323 0.534013 -0.759572 -1.69186
10 60 20 -0.0424603 -0.437648 -0.898143 -1.20123
10 60 30 0.298147 -0.352843 -0.886911 -1.83832
10 60 40 0.391708 0.313189 -0.865146 -1.40839
10 60 50 -0.163356 -0.49613 -0.852742 -2.00431
10 60 60 0.460471 0.0708526 -0.884843 -1.91256
10 60 70 0.136718 -0.404358 -0.904324 -2.16998
10 60 80 -0.0151633 0.0328476 -0.999345 -2.56382
10 60 90 0.0414696 -0.227452 -0.972906 -1.35175
10 70 0 -0.763688 -0.602464 0.231985 0.122254
10 70 10 -0.152781 -0.760922 -0.6306 -0.571021
10 70 20 -0.818967 0.210358 -0.533894 -1.23253
10 70 30 0.0538673 0.0761261 -0.995642 -2.04329
10 70 40 -0.773927 0.190926 -0.603808 -1.07431
10 70 50 -0.0377791 -0.0980191 -0.994467 -2.42718
10 70 60 -0.145336 0.114902 -0.982688 -2.86969
10 70 70 0.0347808 -0.11213 -0.993085 -2.57168
10 70 80 -0.442287 -0.0565638 -0.895088 -1.47178
10 70 90 0.42921 -0.853479 0.295554 0.705897
10 80 0 -0.247827 -0.514215 -0.821075 -1.9983
10 80 10 0.0200814 0.0771832 -0.996815 -2.54931
10 80 20 0.717097 0.205216 -0.666077 -0.391833
10 80 30 -0.665338 -0.706049 -0.24253 -0.876831
10 80 40 0.205657 0.195703 -0.958856 -2.03127
10 80 50 0.0388401 0.0031978 -0.99924 -2.62902
10 80 60 0.30576 0.390989 -0.868123 -1.90422
10 80 70 0.0851347 0.995647 -0.0379305 -0.0587817
10 80 80 0.101824 -0.218906 -0.970418 -1.67471
10 80 90 -0.0212706 -0.00786838 -0.999743 -2.52428
10 90 0 -0.730566 -0.622021 -0.281714 -0.791638
10 90 10 -0.799211 -0.0838893 -0.595167 -1.50685
10 90 20 0.239311 0.104285 -0.965326 -1.22704
10 90 30 -0.425867 -0.529847 -0.733416 -0.930953
10 90 40 -0.225586 0.757232 -0.612952 -1.37602
10 90 50 0.719273 0.395927 -0.570866 -1.90533
10 90 60 0.583032 0.489278 -0.648599 -1.61974
10 90 70 0.546152 0.581871 -0.602615 -1.60074
10 90 80 -0.305077 -0.302941 -0.902859 -1.88003
10 90 90 -0.256208 -0.0483712 -0.965411 -2.52066
20 0 0 0.342409 0.768798 0.540098 0.259583
20 0 10 0.0302809 -0.0275372 0.999162 1.51979
20 0 20 -0.103188 -0.331165 -0.937914 -1.00121
20 0 30 0.627139 -0.441448 -0.641732 -2.03508
20 0 40 0.296985 -0.874622 -0.383192 -0.578579
20 0 50 -0.234343 0.445352 -0.864144 -1.08801
20 0 60 0.808728 0.227974 -0.542206 -0.341508
20 0 70 -0.904607 -0.210796 -0.370475 -0.525091
20 0 80 -0.0223491 -0.0188999 -0.999572 -1.74717
20 0 90 0.294144 0.286711 -0.911743 -0.592854
20 10 0 0.450597 0.690768 -0.565511 -1.65901
20 10 10 0.937513 -0.273924 0.21456 -0.642141
20 10 20 0.465016 0.189809 0.864715 0.503584
20 10 30 0.854105 0.511951 0.0917176 0.135422
20 10 40 -0.342283 0.87144 -0.351332 -0.238017
20 10 50 -0.204646 -0.664471 -0.718748 -1.49275
20 10 60 0.145311 -0.0871113 -0.985544 -1.86123
20 10 70 0.929201 0.227551 0.291214 -0.144875
20 10 80 -0.0839646 0.435475 -0.896277 -1.9236
20 10 90 -0.543643 0.385763 -0.745412 -1.40676
20 20 0 0.162495 0.00773804 -0.986679 -1.23878
20 20 10 -0.180914 -0.347503 -0.920061 -1.79411
20 20 20 -0.0178748 -0.0256495 -0.999511 -2.48407
20 20 30 -0.283685 -0.0912338 -0.954567 -2.50675
20 20 40 0.483238 -0.191842 -0.854212 -2.2819
20 20 50 0.444535 0.152727 -0.882646 -1.0152
20 20 60 -0.323083 -0.265141 -0.90847 -1.98607
20 20 70 -0.526236 0.679131 -0.511719 -1.30634
20 20 80 -0.209541 0.427094 -0.879593 -2.50031
20 20 90 0.194683 0.248131 -0.948962 -2.29253
20 30 0 -0.593017 0.157775 -0.789581 -1.37506
20 30 10 0.395668 -0.521028 -0.756292 -2.15889
20 30 20 0.388642 -0.26821 -0.881488 -2.71194
20 30 30 0.150591 -0.809747 -0.567126 -2.17447
20 30 40 0.622509 -0.46364 -0.630492 -0.891689
20 30 50 0.110438 0.101775 0.988658 1.79052
20 30 60 -0.358983 0.240377 -0.901859 -1.61048
20 30 70 0.35905 -0.0225838 -0.933045 -2.57871
20 30 80 0.502862 0.207628 -0.839059 -1.90279
20 30 90 -0.187307 -0.119562 -0.974998 -2.32192
20 40 0 0.000851885 -0.00049854 -1 -2.29186
20 40 10 -0.461703 -0.587574 -0.66452 -1.96835
20 40 20 -0.110225 -0.634068 -0.765381 -2.37295
20 40 30 -0.0186345 -0.00853002 -0.99979 -0.441171
20 40 40 0.317278 -0.260417 -0.911876 -2.33705
20 40 50 0.656894 0.367045 -0.658611 -2.12069
20 40 60 -0.120398 0.0313999 -0.992229 -2.18038
20 40 70 -0.0988537 -0.250764 -0.962988 -2.37957
20 40 80 0.156225 0.442237 -0.883188 -2.54345
20 40 90 -0.11379 -0.0512509 -0.992182 -2.42075
20 50 0 -0.59246 -0.231038 -0.771759 -1.68723
20 50 10 -0.598766 0.79765 0.0723412 -0.455437
20 50 20 -0.233316 -0.352922 -0.906096 -1.83722
20 50 30 -0.294609 0.100238 -0.950346 -2.03943
20 50 40 0.7917 -0.038316 -0.609707 -0.823318
20 50 50 0.300641 0.728295 -0.615793 -1.55713
20 50 60 -0.612056 0.790632 0.016999 -0.571576
20 50 70 -0.012309 0.283853 -0.958789 -1.73741
20 50 80 0.0818148 0.550767 -0.830639 -2.50219
20 50 90 0.235319 0.192051 -0.952755 -2.06259
20 60 0 -0.415214 -0.429262 -0.80208 -1.78065
20 60 10 0.729511 -0.627411 -0.272341 -0.313584
20 60 20 0.34987 -0.0681745 -0.934314 -2.26362
20 60 30 -0.51701 0.196449 -0.833132 -2.18369
20 60 40 -0.621527 -0.635875 0.457566 0.413513
20 60 50 0.951379 -0.304828 -0.0442544 0.671188
20 60 60 0.215712 0.0987345 -0.971452 -2.29655
20 60 70 0.247953 -0.0407646 -0.967914 -2.23743
20 60 80 -0.311332 -0.320602 -0.894588 -2.46567
20 60 90 0.110235 -0.13166 -0.985147 -2.22597
20 70 0 0.0304954 -0.238588 -0.970642 -2.47696
20 70 10 -0.538591 0.175179 -0.824155 -1.66827
20 70 20 -0.30467 -0.466672 -0.830297 -1.80881
20 70 30 -0.824002 0.554588 -0.115984 0.87843
20 70 40 0.504814 -0.132851 -0.852944 -1.30765
20 70 50 0.916055 -0.335909 0.219107 -0.487775
20 70 60 0.139329 0.135012 -0.980999 -0.985654
20 70 70 0.348936 -0.791388 -0.501945 -1.29165
20 70 80 -0.50918 -0.43042 -0.745302 -1.87781
20 70 90 -0.844594 -0.515804 -0.14355 -1.88136
20 80 0 -0.0420886 -0.0117696 -0.999045 -1.82507
20 80 10 0.833308 -0.333329 -0.441009 -0.113435
20 80 20 0.0166635 0.00839361 -0.999826 -1.93749
20 80 30 -0.42441 -0.83644 -0.346764 -0.732262
20 80 40 -0.0487463 -0.114037 -0.99228 -2.23382
20 80 50 -0.130356 -0.191456 -0.972806 -1.99977
20 80 60 -0.0283502 -0.318866 -0.947376 -2.1147
20 80 70 -0.391082 0.259857 -0.882909 -2.30138
20 80 80 -0.718478 0.313501 -0.620892 -1.27416
20 80 90 -0.497304 0.527613 0.688703 1.50854
20 90 0 -0.736914 -0.557348 -0.38252 -1.30281
20 90 10 -0.916697 0.265379 -0.298731 -1.57513
20 90 20 -0.765287 0.595652 -0.243998 -1.44552
20 90 30 0.151736 0.891103 -0.427681 -1.93
20 90 40 0.577795 0.629019 -0.520085 -1.27445
20 90 50 -0.0210426 -0.0415298 -0.998916 -2.09681
20 90 60 0.634723 -0.092066 -0.767235 -1.4528
20 90 70 0.375917 -0.925296 0.0501411 -0.731611
20 90 80 0.133129 0.0202517 -0.990892 -0.949422
20 90 90 0.541925 0.840312 -0.0139244 0.354971
30 0 0 -0.525869 0.124327 -0.84143 -1.88691
30 0 10 0.264093 0.640591 -0.72104 -2.20446
30 0 20 0.127462 -0.255665 -0.958326 -2.12353
30 0 30 0.615256 -0.627812 -0.476773 -1.502
30 0 40 0.501998 -0.842368 -0.195995 -1.47963
30 0 50 0.5828 -0.799806 0.143716 -0.971899
30 0 60 -0.143622 0.0191001 -0.989448 -1.73142
30 0 70 0.380769 -0.737214 -0.558149 -0.559047
30 0 80 -0.257128 0.12761 -0.957915 -2.37679
30 0 90 0.445481 0.165059 -0.879944 -2.6076
30 10 0 0.190054 -0.0624082 -0.979788 -2.36947
30 10 10 -0.21876 -0.216229 -0.951519 -2.06099
30 10 20 -0.350362 -0.0640632 -0.934421 -1.61564
30 10 30 -0.353782 -0.753593 -0.554018 -1.15094
30 10 40 -0.176502 -0.731081 -0.659065 -1.23443
30 10 50 -0.364672 0.255951 0.895267 1.87946
30 10 60 -0.05268 -0.0428449 -0.997692 -1.84359
30 10 70 0.00203407 -0.0230507 -0.999732 -2.21182
30 10 80 -0.12475 0.744618 -0.655729 -1.81242
30 10 90 -0.321775 0.325405 -0.889142 -2.20065
30 20 0 -0.559556 0.219113 -0.799304 -2.42215
30 20 10 -0.49635 0.350768 -0.794102 -1.71137
30 20 20 0.148395 0.0994126 -0.983919 -2.38643
30 20 30 -0.146954 0.0745356 -0.986331 -1.94944
30 20 40 0.203337 -0.17982 -0.962454 -2.28087
30 20 50 -0.312041 0.907178 -0.282239 -0.182806
30 20 60 -0.0465832 -0.443757 -0.894935 -1.48208
30 20 70 -0.162095 0.473086 -0.865976 -2.39275
30 20 80 -0.907599 0.371598 -0.195393 -1.31985
30 20 90 -0.0628737 0.37157 -0.926273 -1.49149
30 30 0 0.804125 0.239279 -0.544177 -1.51152
30 30 10 -0.10631 0.275178 -0.955497 -2.55565
30 30 20 -0.129498 -0.02228 -0.991329 -2.78459
30 30 30 -0.572207 0.0517027 -0.818478 -1.98862
30 30 40 0.211787 -0.156905 -0.964638 -2.70691
30 30 50 0.282669 -0.373279 -0.883607 -1.26032
30 30 60 -0.290951 -0.685062 -0.66786 -1.88289
30 30 70 -0.0147199 0.303906 -0.952588 -2.14961
30 30 80 -0.547313 0.423251 -0.722016 -1.58886
30 30 90 0.0530786 -0.311155 -0.948876 -2.01855
30 40 0 -0.583222 -0.137686 -0.800559 -2.46718
30 40 10 0.176598 0.0274674 -0.9839 -2.09407
30 40 20 -0.000706905 0.0350594 -0.999385 -2.19246
30 40 30 -0.665851 -0.719707 -0.19663 -1.59406
30 40 40 -0.75148 -0.370327 -0.546018 -2.2586
30 40 50 -0.00414113 -0.263196 -0.964733 -2.39019
30 40 60 -0.01988 0.262675 -0.96468 -2.52145
30 40 70 0.129758 -0.160317 -0.9785 -2.42534
30 40 80 -0.379588 -0.428443 -0.819969 -1.98459
30 40 90 -0.296206 0.886566 -0.355334 -1.23343
30 50 0 0.519996 0.584277 -0.623077 -1.25162
30 50 10 -0.114843 -0.286652 -0.951126 -2.0844
30 50 20 -0.65701 -0.343192 -0.671235 -2.55085
30 50 30 -0.111698 -0.0178503 -0.993582 -1.71562
30 50 40 -0.30724 -0.417609 -0.855106 -1.30381
30 50 50 -0.525031 0.095754 -0.845679 -2.21171
30 50 60 0.466522 0.0997818 -0.878864 -1.7266
30 50 70 0.0847781 0.276838 -0.957169 -2.45508
30 50 80 -0.0599546 -0.207305 -0.976437 -2.21245
30 50 90 -0.322861 -0.00785673 -0.946414 -2.73182
30 60 0 -0.438807 -0.39285 -0.808157 -2.21003
30 60 10 -0.775066 -0.440086 -0.453427 -1.23938
30 60 20 -0.153508 0.981337 0.115814 0.13556
30 60 30 -0.837103 0.414064 -0.357504 -0.888892
30 60 40 -0.0538878 -0.333746 -0.941121 -2.09047
30 60 50 0.398719 0.00590456 -0.917054 -2.47223
30 60 60 -0.316663 0.225624 -0.921313 -2.33345
30 60 70 -0.470903 0.00903801 -0.882139 -2.13837
30 60 80 0.539042 0.174227 -0.824062 -1.49285
30 60 90 -0.000415335 -0.00271597 -0.999996 -0.964437
30 70 0 -0.653648 -0.0994796 -0.750232 -1.20794
30 70 10 0.540333 -0.76068 -0.359731 -0.40882
30 70 20 -0.0810328 0.0656592 -0.994546 -2.45673
30 70 30 -0.00668479 -0.0761646 -0.997073 -2.25581
30 70 40 -0.457486 -0.768419 -0.447481 -1.28772
30 70 50 -0.622234 0.429595 -0.654426 -1.28084
30 70 60 -0.345547 0.741951 -0.574549 -1.49576
30 70 70 -0.34172 0.364451 0.866258 1.84562
30 70 80 0.456228 -0.182946 -0.870854 -1.37218
30 70 90 0.0677978 -0.0595582 -0.99592 -1.62902
30 80 0 0.258391 -0.489773 -0.83268 -2.53808
30 80 10 0.151456 -0.73775 -0.657864 -0.973065
30 80 20 -0.735978 0.560441 -0.379792 -0.264535
30 80 30 0.700534 -0.461666 -0.544166 0.56401
30 80 40 0.164332 0.399618 -0.901832 -1.38629
30 80 50 -0.304369 -0.893525 0.330111 0.371332
30 80 60 0.0634632 -0.163174 -0.984554 -2.25205
30 80 70 0.119621 -0.100691 -0.9877 -2.7647
30 80 80 -0.0192725 0.00783682 -0.999784 -2.65446
30 80 90 0.404543 0.387196 -0.828507 -1.66293
30 90 0 -0.44788 0.471365 -0.759749 -2.07005
30 90 10 0.180896 0.675444 -0.714879 -1.76599
30 90 20 -0.411886 0.280938 -0.866847 -2.22568
30 90 30 -0.211938 -0.757889 -0.616998 -1.47765
30 90 40 -0.0387321 0.0409772 -0.998409 -2.49551
30 90 50 0.110258 0.21993 -0.969265 -2.82622
30 90 60 -0.00650142 0.0148566 -0.999868 -2.79105
30 90 70 0.144953 -0.593839 -0.791419 -2.07011
30 90 80 -0.134147 -0.348512 -0.927655 -2.36287
30 90 90 -0.181064 0.548989 -0.815982 -1.93274
40 0 0 -0.033571 0.0667578 -0.997204 -2.62176
40 0 10 -0.101152 -0.0949014 -0.990334 -2.73428
40 0 20 0.0580011 -0.0369117 -0.997634 -2.60089
40 0 30 0.146044 -0.330576 -0.932411 -2.73792
40 0 40 -0.452404 -0.193648 -0.870535 -2.01179
40 0 50 0.294924 0.267264 -0.917382 -2.39839
40 0 60 0.439758 0.0196303 -0.897902 -2.16745
40 0 70 0.187839 -0.69669 -0.692343 -1.66467
40 0 80 0.0521377 -0.40937 -0.910878 -2.59645
40 0 90 -0.0648089 -0.069436 -0.995479 -2.64177
40 10 0 0.116522 -0.390914 -0.913022 -1.76223
40 10 10 -0.000801959 -0.0247855 -0.999692 -2.86254
40 10 20 -0.0448076 0.0685974 -0.996638 -2.66137
40 10 30 -0.134037 0.462123 -0.876628 -2.47881
40 10 40 -0.8134 0.307145 -0.494007 -0.967709
40 10 50 -0.0857819 0.217796 -0.972217 -2.2983
40 10 60 -0.149225 -0.694434 -0.703913 -2.04062
40 10 70 0.258848 -0.141946 -0.955431 -1.95254
40 10 80 0.697188 0.624584 -0.351886 -0.899282
40 10 90 0.0288811 0.439204 -0.897923 -1.49596
40 20 0 0.420582 -0.438299 -0.794358 -2.13622
40 20 10 0.229698 0.207033 -0.950987 -2.71858
40 20 20 -0.2008 0.11866 -0.972419 -2.6575
40 20 30 0.324348 -0.0510213 -0.944561 -2.37304
40 20 40 -0.36203 -0.0386593 -0.931365 -2.34943
40 20 50 -0.668444 -0.741303 -0.0604407 -0.546267
40 20 60 -0.162839 0.35039 -0.92234 -1.49734
40 20 70 -0.860784 0.376255 -0.342759 -1.65234
40 20 80 -0.107425 -0.936669 -0.333335 -1.20361
40 20 90 -0.228937 0.160727 -0.960081 -1.91656
40 30 0 -0.372322 -0.108617 -0.921726 -2.49047
40 30 10 0.29153 0.733795 -0.613641 -1.62493
40 30 20 -0.314764 0.092026 -0.944698 -2.40696
40 30 30 -0.337737 0.243459 -0.909209 -2.02288
40 30 40 0.272349 -0.0793474 -0.958921 -2.17574
40 30 50 -0.65515 0.157018 -0.739002 -1.66559
40 30 60 0.0572783 -0.018866 -0.99818 -2.1699
40 30 70 0.663966 -0.559812 -0.495741 -1.39139
40 30 80 -0.255295 -0.728631 -0.635548 -1.58149
40 30 90 -0.108777 0.144952 -0.983441 -1.43634
40 40 0 0.267047 -0.143277 -0.952973 -2.13801
40 40 10 0.350698 0.391853 -0.850565 -0.713266
40 40 20 0.470368 -0.570401 -0.673347 -2.28163
40 40 30 0.0202951 0.0104046 -0.99974 -2.60654
40 40 40 -0.448127 -0.165353 -0.878544 -2.53349
40 40 50 0.0359586 0.293149 -0.95539 -1.55972
40 40 60 -0.00165491 0.0566647 -0.998392 -1.36805
40 40 70 0.240198 -0.197419 0.950437 1.67164
40 40 80 -0.509072 0.465054 -0.724272 -1.08792
40 40 90 -0.0612143 -0.310372 -0.948642 -1.91122
40 50 0 -0.444624 -0.285836 -0.848886 -2.5497
40 50 10 -0.329322 -0.703729 -0.629534 -2.01601
40 50 20 0.416071 -0.538335 -0.732858 -2.1027
40 50 30 -0.14062 -0.301647 -0.942993 -2.4914
40 50 40 0.0357416 0.0238241 -0.999077 -2.55608
40 50 50 -0.0361272 -0.862071 -0.505499 -0.0985242
40 50 60 -0.184811 0.0307976 -0.982291 -1.98832
40 50 70 -0.308164 0.287163 -0.906958 -2.24426
40 50 80 -0.296613 -0.193393 -0.935211 -2.74992
40 50 90 -0.213118 0.0794066 -0.973794 -2.44754
40 60 0 -0.0939085 -0.225778 -0.969642 -2.15095
40 60 10 -0.408348 -0.323337 -0.853642 -2.6334
40 60 20 0.0238703 -0.0032829 -0.99971 -2.28812
40 60 30 0.155828 0.0509432 -0.98647 -1.85247
40 60 40 0.0273439 0.00426452 -0.999617 -2.58865
40 60 50 0.380413 -0.0172361 -0.924656 -1.41866
40 60 60 -0.627082 0.303762 -0.717284 -1.49044
40 60 70 0.426933 -0.0965791 -0.899111 -1.68328
40 60 80 0.11583 0.98503 -0.127668 0.000881887
40 60 90 0.011869 -0.357904 -0.933683 -1.80048
40 70 0 0.71074 0.169384 -0.682757 -2.42473
40 70 10 0.316877 -0.189526 -0.929338 -2.55197
40 70 20 -0.0549516 -0.0577588 -0.996817 -1.47372
40 70 30 0.677363 -0.529612 -0.510579 -1.67565
40 70 40 0.668301 0.74356 -0.0221868 0.478012
40 70 50 -8.29175e-05 0.0183495 -0.999832 -2.00334
40 70 60 0.0104302 -0.0206986 -0.999731 -2.1356
40 70 70 0.461295 0.349433 -0.815539 -2.49259
40 70 80 0.733306 0.397944 -0.551274 -1.22221
40 70 90 -0.110432 -0.152899 -0.982052 -2.06576
40 80 0 0.741787 -0.6703 0.0212323 -0.233888
40 80 10 -0.109531 -0.43435 -0.89406 -2.09196
40 80 20 -0.0108302 0.00274907 -0.999938 -1.43929
40 80 30 -0.590841 -0.799712 -0.106616 0.302686
40 80 40 0.893724 -0.0580542 -0.444844 -1.00734
40 80 50 0.339487 0.189077 -0.921411 -2.46554
40 80 60 -0.163105 0.259252 -0.951938 -2.46382
40 80 70 -0.0143715 -0.0685037 -0.997547 -1.43834
40 80 80 -0.0702046 -0.0901305 -0.993452 -1.59077
40 80 90 0.0412534 0.179425 -0.982906 -2.06012
40 90 0 -0.187875 0.286283 -0.939545 -2.03207
40 90 10 -0.686259 0.409679 0.601009 0.289578
40 90 20 -0.380621 -0.477808 -0.791724 -1.28783
40 90 30 -0.0477074 -0.488988 -0.870985 -1.94057
40 90 40 -0.26322 -0.194269 -0.944974 -2.51672
40 90 50 0.0258102 0.127248 -0.991535 -2.48616
40 90 60 0.0479514 -0.311779 -0.948944 -1.69125
40 90 70 0.00767569 -0.641818 -0.766818 -2.16202
40 90 80 -0.153613 0.102081 -0.982844 -2.31804
40 90 90 0.0520116 0.215172 -0.97519 -2.00348
50 0 0 -0.0927372 0.362061 -0.92753 -2.42899
50 0 10 0.756624 0.343324 -0.55646 -0.460277
50 0 20 -0.0215151 0.834361 -0.550799 -0.92539
50 0 30 -0.544509 0.223853 -0.808331 -1.0239
50 0 40 -0.563111 0.295877 -0.771598 -1.49343
50 0 50 -0.0827026 -0.119957 -0.989328 -1.75508
50 0 60 0.0957705 -0.877426 -0.470054 -1.70746
50 0 70 -0.0445983 -0.274944 -0.960425 -2.52737
50 0 80 -0.400778 -0.0218833 -0.915914 -2.03548
50 0 90 -0.810845 0.41924 0.408373 0.766504
50 10 0 -0.0943069 -0.290462 -0.952228 -0.763123
50 10 10 -0.549056 0.451963 0.703041 0.280377
50 10 20 0.164273 -0.193805 0.967189 1.52315
50 10 30 -0.731265 0.680737 -0.0429916 -0.146428
50 10 40 -0.142305 -0.057682 -0.988141 -2.87107
50 10 50 0.233038 0.79162 -0.564829 -0.10487
50 10 60 -0.217628 0.571104 -0.791504 -1.07455
50 10 70 -0.315226 -0.100377 -0.943693 -2.5165
50 10 80 0.233255 -0.293802 -0.92697 -1.82517
50 10 90 -0.88537 -0.287269 -0.365508 -0.522099
50 20 0 -0.0517731 -0.0247169 -0.998353 -1.61427
50 20 10 -0.417503 -0.125945 -0.899905 -1.53558
50 20 20 -0.570393 0.820343 0.0410974 0.188926
50 20 30 0.68491 0.290882 -0.668046 -1.64426
50 20 40 -0.255219 -0.942448 -0.215997 -0.759365
50 20 50 0.0116122 0.238002 -0.971195 -2.19818
50 20 60 0.57875 0.659759 -0.47934 -1.39955
50 20 70 -0.938548 0.283382 -0.197033 0.638585
50 20 80 0.104152 0.434686 -0.894539 0.250854
50 20 90 -0.209 -0.91713 0.339398 0.921636
50 30 0 -0.41149 0.911102 -0.0238536 -0.133887
50 30 10 0.532089 -0.412518 -0.739399 -1.57607
50 30 20 0.355035 -0.26185 -0.897432 -1.74534
50 30 30 0.273171 0.182856 -0.944426 -2.63141
50 30 40 0.232583 0.0178742 -0.972412 -2.02804
50 30 50 -0.384689 -0.702041 0.599294 0.778083
50 30 60 -0.392689 -0.283441 -0.874904 -1.13868
50 30 70 0.0721477 -0.353258 -0.93274 -0.849316
50 30 80 -0.0625929 -0.0549618 -0.996525 -1.76466
50 30 90 -0.872361 0.165521 -0.459987 -1.96798
50 40 0 0.245884 0.935281 -0.254539 -1.29941
50 40 10 -0.25203 -0.416215 -0.87364 -1.40933
50 40 20 0.151546 0.97036 -0.18824 -0.644377
50 40 30 0.103358 -0.0467095 -0.993547 0.0587786
50 40 40 0.235292 -0.958931 0.158394 -0.866163
50 40 50 0.54208 0.187728 -0.819089 -2.13627
50 40 60 -0.356678 -0.286062 -0.889353 -1.52301
50 40 70 0.0753813 -0.239703 -0.967915 -1.1055
50 40 80 -0.214655 0.271488 -0.938199 -2.18009
50 40 90 0.674407 -0.578591 0.458702 0.401333
50 50 0 -0.322345 0.229024 -0.9185 -1.52343
50 50 10 -0.225388 0.00124698 -0.974268 -1.72331
50 50 20 -0.12599 -0.617453 -0.776452 -0.965777
50 50 30 -0.786913 0.12051 -0.605182 -0.532661
50 50 40 0.499046 0.119583 -0.858285 -2.20791
50 50 50 -0.365606 0.50152 -0.784098 -1.69746
50 50 60 -0.222 0.331309 -0.917033 -1.122
50 50 70 0.854442 -0.0793259 -0.513454 -0.422682
50 50 80 0.192154 -0.155218 -0.969012 -1.53192
50 50 90 0.747913 -0.657037 -0.0944942 -0.337056
50 60 0 0.465234 -0.606998 -0.644291 -1.33696
50 60 10 -0.0849638 -0.506123 0.858266 0.418943
50 60 20 -0.272535 -0.554412 -0.786354 -1.88832
50 60 30 0.751984 0.544229 -0.371934 -1.65896
50 60 40 0.179601 0.475233 -0.861334 -1.97119
50 60 50 0.467854 0.148646 -0.871216 -1.26789
50 60 60 -0.875307 0.238652 -0.420573 -1.45783
50 60 70 0.0523423 -0.915326 -0.399298 -0.0994398
50 60 80 -0.349081 0.546043 0.761564 -0.698618
50 60 90 0.013915 -0.00449379 -0.999893 -2.01442
50 70 0 -0.57217 -0.792214 0.212174 0.259911
50 70 10 -0.297713 -0.177847 -0.937943 -2.70494
50 70 20 -0.43484 -0.303307 -0.847891 -2.4332
50 70 30 0.0958338 -0.119044 -0.988253 -1.01955
50 70 40 -0.797879 -0.369606 -0.476214 -1.02917
50 70 50 0.233665 0.0512706 -0.970964 -0.0123349
50 70 60 -0.287329 -0.385355 -0.876895 -0.846102
50 70 70 0.420624 -0.365238 -0.830468 -1.64543
50 70 80 -0.147665 -0.119333 -0.981812 -2.83453
50 70 90 0.185641 0.385974 -0.903638 -2.58296
50 80 0 0.0937186 -0.482347 -0.870953 -1.78445
50 80 10 -0.177356 -0.0734476 -0.981402 -2.76483
50 80 20 0.0441565 -0.625984 -0.778584 -2.20017
50 80 30 -0.313926 0.671387 -0.671334 -1.80023
50 80 40 0.0895911 -0.151997 -0.984312 -1.44174
50 80 50 -0.33648 0.317608 0.886513 2.69392
50 80 60 0.493057 0.0465694 -0.86875 -2.29501
50 80 70 0.181435 -0.398592 -0.899003 -2.0676
50 80 80 0.69394 0.374862 -0.614756 -1.46399
50 80 90 0.125852 -0.345098 -0.930091 -2.19928
50 90 0 0.42993 -0.895975 -0.111303 -0.137751
50 90 10 -0.547681 0.0269316 -0.836254 -0.728381
50 90 20 0.179243 -0.890815 -0.417517 -1.48662
50 90 30 0.881648 -0.126104 -0.454748 -0.626794
50 90 40 -0.176035 0.130463 -0.9757 -1.9442
50 90 50 -0.237828 0.336306 -0.911228 -2.05643
50 90 60 -0.00633155 -0.0370846 -0.999292 -2.09346
50 90 70 -0.678554 -0.385312 -0.625379 -1.05177
50 90 80 0.133031 0.0863878 -0.98734 -2.38435
50 90 90 0.213121 -0.444239 -0.87019 -1.45746
60 0 0 0.0765897 -0.0168508 -0.99692 -1.44635
60 0 10 0.0560029 0.194291 -0.979344 -2.19485
60 0 20 0.517486 -0.170456 -0.838542 -1.38554
60 0 30 0.651985 -0.189818 -0.734088 -1.52605
60 0 40 -0.735648 0.354303 -0.577314 -1.27379
60 0 50 -0.0118421 -0.028985 -0.99951 -2.50651
60 0 60 -0.634204 -0.772431 0.0336985 0.172733
60 0 70 -0.0489128 -0.153488 -0.986939 -1.35785
60 0 80 -0.3189 -0.249343 -0.914402 -1.41797
60 0 90 0.546172 0.500433 -0.671761 -1.78555
60 10 0 0.217113 -0.0472362 -0.975003 -2.31048
60 10 10 0.174849 0.179448 0.968105 1.97463
60 10 20 0.71394 0.0849074 -0.69504 -2.22164
60 10 30 -0.282719 0.135115 -0.949639 -1.92519
60 10 40 0.00437265 -0.785618 -0.618697 -1.33561
60 10 50 -0.685322 -0.428361 0.588932 0.535136
60 10 60 0.38785 -0.148807 -0.909631 -0.610174
60 10 70 0.204574 0.139754 -0.968823 -2.03943
60 10 80 -0.149312 -0.581654 -0.799615 -0.214167
60 10 90 -0.228801 0.198076 -0.953109 -1.32105
60 20 0 -0.168482 -0.043194 -0.984758 -2.24824
60 20 10 0.0184067 0.0604245 -0.998003 -2.24904
60 20 20 0.0936619 0.170539 -0.980889 -2.31878
60 20 30 0.313329 -0.281401 -0.906994 -1.66572
60 20 40 0.650553 0.375231 0.66029 1.13174
60 20 50 0.0201273 0.936449 0.350225 0.143993
60 20 60 -0.00623801 0.000145359 -0.999981 -2.21312
60 20 70 -0.495737 0.49816 -0.711394 -1.2924
60 20 80 -0.0485115 0.635005 -0.770983 -1.96546
60 20 90 0.56439 0.043727 -0.82435 -1.34354
60 30 0 0.00151651 0.00796423 -0.999967 -1.79042
60 30 10 -0.149195 -0.118536 0.981677 1.39904
60 30 20 0.517351 0.415725 0.748011 1.04166
60 30 30 -0.157739 0.1835 -0.970282 -1.4026
60 30 40 -0.0632826 0.0564492 -0.996398 -2.66827
60 30 50 0.293651 -0.258151 -0.920395 -2.00686
60 30 60 0.241913 0.624134 -0.742923 -1.74076
60 30 70 0.179436 -0.619099 -0.764538 -2.04381
60 30 80 0.425252 -0.136549 -0.894715 -1.77648
60 30 90 0.240175 -0.39628 -0.886159 -1.38763
60 40 0 -0.356049 0.645393 -0.675793 -1.49356
60 40 10 0.640672 0.767475 0.0228566 0.26712
60 40 20 -0.00551104 -0.774208 -0.632907 -1.20299
60 40 30 0.0214237 -0.0384704 -0.99903 -2.06322
60 40 40 0.431099 -0.183296 -0.883491 -2.01668
60 40 50 0.149781 -0.00872311 -0.988681 -1.64298
60 40 60 -0.0711182 0.836279 0.543673 1.28931
60 40 70 0.201557 -0.284768 -0.937167 -2.65413
60 40 80 -0.174043 -0.355128 -0.918473 -1.79176
60 40 90 0.0222322 0.0360997 -0.999101 -0.995149
60 50 0 0.405043 0.6052 -0.685327 -1.72611
60 50 10 0.443781 -0.608095 -0.658239 -1.70124
60 50 20 0.0545665 -0.010556 -0.998454 -1.35261
60 50 30 -0.14496 0.532054 -0.83421 -1.13845
60 50 40 0.844673 0.3347 -0.417736 -1.14563
60 50 50 0.0337794 0.0558657 -0.997867 -0.891064
60 50 60 -0.403295 -0.491082 0.772134 1.537
60 50 70 0.0529919 0.350207 -0.935172 -2.3907
60 50 80 -0.163395 0.358299 -0.919198 -2.01062
60 50 90 -0.627288 0.338346 -0.701449 -0.526991
60 60 0 -0.532151 -0.643952 -0.549673 -0.782341
60 60 10 0.742013 0.42792 -0.516043 -0.671747
60 60 20 0.102869 0.132651 -0.98581 -1.61155
60 60 30 -0.45907 0.523932 -0.71746 -0.755171
60 60 40 0.00215211 -0.000543831 -0.999998 -2.63543
60 60 50 -0.158136 0.181732 -0.97055 -1.50437
60 60 60 0.287272 0.955785 -0.0628411 -0.391409
60 60 70 -0.450498 -0.223905 -0.864244 -2.11914
60 60 80 -0.116756 -0.0443719 -0.992169 -1.95057
60 60 90 0.0530114 -0.0572522 -0.996951 -2.10716
60 70 0 -0.502159 -0.499061 -0.70624 -1.65371
60 70 10 -0.272115 0.10228 -0.956814 -1.5225
60 70 20 0.0767674 -0.055322 -0.995513 -2.38433
60 70 30 0.0050844 0.013656 -0.999894 -2.74816
60 70 40 -0.865155 -0.0760585 -0.495703 -0.952866
60 70 50 0.232424 -0.509529 -0.828468 -1.79261
60 70 60 -0.227836 0.129959 -0.964988 -2.16244
60 70 70 -0.0554465 -0.232798 -0.970943 -2.31496
60 70 80 -0.316113 -0.524414 -0.790609 -2.40935
60 70 90 -0.000303915 0.000549518 -1 -2.24447
60 80 0 0.0350755 0.375918 -0.925989 -2.07233
60 80 10 0.68743 0.337742 -0.642938 -0.454504
60 80 20 -0.0194286 -0.0125324 -0.999733 -2.29112
60 80 30 0.616195 -0.681921 -0.394065 -0.340262
60 80 40 -0.564141 0.571712 -0.595727 -1.25261
60 80 50 -0.00561099 -0.00165018 -0.999983 -2.11519
60 80 60 0.103562 -0.591948 -0.799295 -2.03955
60 80 70 -0.0330012 -0.0137037 -0.999361 -2.3928
60 80 80 0.0393688 0.0522215 -0.997859 -2.87711
60 80 90 0.760472 -0.385191 -0.522791 -0.940501
60 90 0 0.00699418 -0.00106358 -0.999975 -1.54761
60 90 10 -0.0734846 -0.133598 -0.988307 -2.03289
60 90 20 -0.109697 -0.0272719 -0.993591 -2.05391
60 90 30 -0.343897 0.451053 -0.823581 -2.00287
60 90 40 -0.131339 -0.236844 -0.962629 -2.23583
60 90 50 -0.619892 0.139125 -0.772256 -1.73174
60 90 60 0.000567177 0.323174 -0.946339 -1.9433
60 90 70 0.477638 0.228281 -0.84838 -2.5339
60 90 80 0.00402874 0.1185 -0.992946 -2.26629
60 90 90 -0.0271074 -0.0841605 -0.996083 -1.71669
70 0 0 0.371146 0.330398 -0.867807 -1.6958
70 0 10 -0.397049 -0.306119 -0.865242 -2.35072
70 0 20 0.142769 0.33121 -0.932693 -2.09692
70 0 30 -0.337893 0.264564 -0.903235 -1.94004
70 0 40 0.00395237 -0.313467 0.949591 1.47724
70 0 50 -0.132713 -0.107025 -0.985359 -1.62168
70 0 60 -0.575317 0.515295 -0.635202 -1.33596
70 0 70 -0.0449013 -0.408469 -0.911667 -1.36528
70 0 80 0.433999 0.506743 -0.744887 -1.62347
70 0 90 0.251455 0.475849 -0.842815 -2.06272
70 10 0 -0.325733 -0.104817 -0.939634 -1.92365
70 10 10 0.0420907 0.00623153 -0.999094 -2.27663
70 10 20 -0.437873 -0.85997 -0.262143 -0.10855
70 10 30 0.201319 -0.851647 -0.483909 -0.915101
70 10 40 -0.569314 -0.0629689 -0.819705 -0.872803
70 10 50 -0.338837 0.0885183 -0.936672 -1.31953
70 10 60 0.53605 0.722652 -0.436378 -0.436217
70 10 70 0.276952 0.699589 -0.658691 -1.41055
70 10 80 0.347813 0.00778769 -0.937531 -1.07117
70 10 90 -0.0596402 0.0476976 -0.99708 -1.75552
70 20 0 -0.243641 -0.527848 -0.813643 -1.36049
70 20 10 -0.0521713 0.0633681 -0.996626 -0.530822
70 20 20 0.357589 0.154503 -0.92101 -2.32061
70 20 30 0.0933647 0.78116 -0.617311 -0.834257
70 20 40 0.473011 -0.677341 -0.563445 -1.799
70 20 50 -0.38149 -0.34303 -0.858368 -1.16248
70 20 60 0.694211 0.68069 -0.233948 -0.865779
70 20 70 -0.654171 0.289216 -0.698867 -2.27113
70 20 80 -0.260334 -0.142167 -0.954995 -1.58958
