Position_x Position_y Position_z Spin_x Spin_y Spin_z Spin_energy Temperature n_spins
0 0 0 -0.0541955 -0.0196645 -0.998337 -2.96815 0.101 729
0 0 10 -0.0261797 0.154423 -0.987658 -2.94817
0 0 20 0.0200572 -0.0227664 -0.99954 -2.9622
0 0 30 -0.0191934 0.0499351 -0.998568 -2.93925
0 0 40 0.223265 0.164988 -0.960693 -2.90356
0 0 50 0.0906014 -0.105113 -0.990325 -2.91732
0 0 60 -0.284191 -0.0314434 -0.958252 -2.88437
0 0 70 0.0161465 -0.0625948 -0.997908 -2.9268
0 0 80 0.0642438 0.11168 -0.991665 -2.93635
0 0 90 0.00382836 0.0362654 -0.999335 -2.97905
0 10 0 0.120809 0.0221586 -0.992428 -2.88913
0 10 10 -0.184731 0.197935 -0.962651 -2.90513
0 10 20 0.0424538 0.0924062 -0.994816 -2.9476
0 10 30 0.0674304 0.0504261 -0.996449 -2.9662
0 10 40 -0.200272 0.00841962 -0.979704 -2.92689
0 10 50 -0.0339839 0.257461 -0.965691 -2.8697
0 10 60 0.127773 0.138201 -0.982127 -2.95113
0 10 70 -0.086843 0.0343229 -0.995631 -2.95287
0 10 80 -0.0268032 -0.0476752 -0.998503 -2.89433
0 10 90 -0.00672973 0.0197031 -0.999783 -2.89113
0 20 0 -0.00469618 0.118264 -0.992971 -2.89201
0 20 10 0.000109526 0.000561793 -1 -2.98489
0 20 20 -0.172266 -0.0445639 -0.984042 -2.8809
0 20 30 0.0343935 -0.0386309 -0.998661 -2.91183
0 20 40 -0.080533 0.0463085 -0.995676 -2.92367
0 20 50 0.00398246 0.0644247 -0.997915 -2.90647
0 20 60 -0.362988 -0.345863 -0.865227 -2.61499
0 20 70 -0.175438 -0.0257974 -0.984152 -2.85666
0 20 80 0.303855 -0.0653687 -0.950473 -2.69139
0 20 90 -0.0021136 0.000731229 -0.999997 -2.7955
0 30 0 -0.541578 -0.406781 -0.735678 -2.17456
0 30 10 0.09774 0.0393382 -0.994434 -2.80965
0 30 20 0.32356 0.0994743 -0.940964 -2.86285
0 30 30 0.10209 0.131276 -0.986075 -2.93531
0 30 40 -0.0339699 -0.182505 -0.982618 -2.785
0 30 50 -0.0347729 0.216074 -0.975758 -2.89823
0 30 60 -0.0641194 0.230996 -0.97084 -2.85936
0 30 70 0.00582775 0.06253 -0.998026 -2.90006
0 30 80 0.142943 0.109854 -0.983616 -2.62067
0 30 90 -0.0685944 0.0260552 -0.997304 -2.93294
0 40 0 0.0212253 -0.0791703 -0.996635 -2.91362
0 40 10 0.273478 0.14057 -0.951551 -2.84738
0 40 20 -0.0827411 0.0488018 -0.995375 -2.86361
0 40 30 -0.0178875 -0.027702 -0.999456 -2.96513
0 40 40 0.0127504 0.0649149 -0.997809 -2.90012
0 40 50 -0.314514 0.464319 -0.827942 -2.5281
0 40 60 -0.0024278 -0.0304039 -0.999535 -2.83192
0 40 70 0.0264842 0.0232809 -0.999378 -2.98414
0 40 80 0.00435814 0.00423945 -0.999982 -2.96348
0 40 90 -0.0926656 0.0972859 -0.990933 -2.9265
0 50 0 -0.337704 0.238341 -0.910577 -2.84101
0 50 10 -0.00707116 0.13674 -0.990582 -2.9107
0 50 20 -0.184084 -0.0208836 -0.982689 -2.87106
0 50 30 -0.0528816 0.0919418 -0.994359 -2.88791
0 50 40 -0.268872 0.319135 -0.908769 -2.7629
0 50 50 0.0344176 0.182317 -0.982637 -2.92892
0 50 60 -0.239375 0.157796 -0.958019 -2.84891
0 50 70 -0.0917655 0.0330266 -0.995233 -2.94955
0 50 80 -0.000830529 0.145678 -0.989332 -2.90315
0 50 90 0.183711 -0.0914589 -0.978716 -2.8592
0 60 0 0.171742 0.362365 -0.916077 -2.69056
0 60 10 -0.191015 -0.0271607 -0.981211 -2.858
0 60 20 0.0066926 -0.066594 -0.997758 -2.87628
0 60 30 -0.000776046 0.0255377 -0.999674 -2.96283
0 60 40 -0.0262646 -5.76706e-05 -0.999655 -2.96039
0 60 50 -0.0158062 -0.0922721 -0.995608 -2.96416
0 60 60 0.0613256 -0.0409154 -0.997279 -2.96205
0 60 70 -0.151269 -0.100143 -0.983407 -2.88877
0 60 80 0.230065 -0.206507 -0.951013 -2.76674
0 60 90 -0.0587848 -0.0946406 -0.993774 -2.94695
0 70 0 -0.204849 -0.0240505 -0.978498 -2.94649
0 70 10 -0.0631324 -0.167433 -0.98386 -2.9053
0 70 20 0.201594 -0.136412 -0.969924 -2.89393
0 70 30 0.0770067 -0.0602921 -0.995206 -2.95548
0 70 40 -0.0121807 -0.00447977 -0.999916 -2.94066
0 70 50 0.014393 0.127101 -0.991785 -2.93476
0 70 60 -0.130091 0.00685702 -0.991478 -2.90133
0 70 70 -0.048138 0.0204232 -0.998632 -2.98154
0 70 80 -0.0297608 0.110326 -0.99345 -2.9273
0 70 90 -0.362877 0.00994291 -0.931784 -2.74461
0 80 0 0.0423784 0.128903 -0.990751 -2.89403
0 80 10 0.0835451 0.279699 -0.956446 -2.822
0 80 20 -0.395926 0.0819509 -0.914618 -2.69815
0 80 30 -0.000121182 -0.036657 -0.999328 -2.87491
0 80 40 -0.413139 -0.188692 -0.890905 -2.70609
0 80 50 -0.0509622 -0.060473 -0.996868 -2.91088
0 80 60 0.0443769 -0.112987 -0.992605 -2.92484
0 80 70 -0.0967251 0.199432 -0.975126 -2.87473
0 80 80 0.02321 0.184989 -0.982467 -2.8978
0 80 90 0.0240251 -0.0599861 -0.99791 -2.94548
0 90 0 -0.0364294 -0.0342065 -0.998751 -2.86773
0 90 10 -0.206962 0.168582 -0.963715 -2.93611
0 90 20 -0.225961 0.141224 -0.963845 -2.86048
0 90 30 -0.335058 0.152141 -0.929833 -2.85396
0 90 40 -0.00893121 0.0970598 -0.995238 -2.78968
0 90 50 0.0575907 0.121392 -0.990933 -2.97998
0 90 60 0.230083 -0.267575 -0.935663 -2.71708
0 90 70 -0.0432299 0.00898338 -0.999025 -2.93811
0 90 80 -0.106582 -0.111103 -0.988077 -2.95297
0 90 90 -0.106919 -0.0181899 -0.994101 -2.95056
10 0 0 -0.244538 0.115743 -0.962707 -2.81842
10 0 10 0.0371653 -0.0136611 -0.999216 -2.91812
10 0 20 -0.117519 -0.136346 -0.983666 -2.88592
10 0 30 0.032783 0.0209732 -0.999242 -2.9494
10 0 40 0.215895 0.0404093 -0.97558 -2.90922
10 0 50 -0.0390015 0.120917 -0.991896 -2.84391
10 0 60 -0.340174 -0.323124 -0.883104 -2.65912
10 0 70 -0.180851 -0.0931374 -0.979091 -2.94237
10 0 80 0.0114496 -0.0389934 -0.999174 -2.9563
10 0 90 0.00735327 -0.0232146 -0.999703 -2.8905
10 10 0 -0.140484 0.154337 -0.97798 -2.9164
10 10 10 -0.00599798 0.00202128 -0.99998 -2.94572
10 10 20 -0.0145225 0.0391555 -0.999128 -2.93579
10 10 30 0.0219545 0.0275866 -0.999378 -2.97186
10 10 40 -0.065334 0.0674622 -0.99558 -2.89698
10 10 50 -0.19181 0.0280696 -0.981031 -2.95081
10 10 60 -0.0557737 -0.177109 -0.98261 -2.91179
10 10 70 0.000401347 -0.0173494 -0.999849 -2.96891
10 10 80 -0.181511 0.135673 -0.973985 -2.86906
10 10 90 0.277915 0.163746 -0.946547 -2.85964
10 20 0 0.189425 0.391622 -0.900417 -2.80587
10 20 10 0.177957 0.18925 -0.965668 -2.90511
10 20 20 0.0715858 0.175142 -0.981937 -2.95029
10 20 30 -0.105009 0.0500885 -0.993209 -2.93659
10 20 40 -0.118339 -0.173454 -0.977706 -2.81144
10 20 50 0.093227 -0.0901153 -0.991558 -2.90844
10 20 60 -0.285135 -0.248067 -0.92583 -2.79874
10 20 70 0.10769 0.000912092 -0.994184 -2.85851
10 20 80 0.0359867 -0.00115217 -0.999352 -2.92288
10 20 90 0.149334 -0.0105381 -0.988731 -2.95867
10 30 0 -0.0125395 0.162108 -0.986693 -2.91592
10 30 10 -0.0942264 -0.157724 -0.982977 -2.94218
10 30 20 0.0681556 -0.125889 -0.9897 -2.96145
10 30 30 0.100653 -0.0279323 -0.994529 -2.97594
10 30 40 0.00324966 -0.00355787 -0.999988 -2.93995
10 30 50 0.160161 0.10783 -0.981184 -2.89077
10 30 60 0.182334 0.15038 -0.971669 -2.93113
10 30 70 0.111319 -0.0114571 -0.993719 -2.9742
10 30 80 0.0531278 -0.133441 -0.989632 -2.91689
10 30 90 -0.148642 -0.0437314 -0.987924 -2.92927
10 40 0 -0.0309529 -0.000555178 -0.999521 -2.97429
10 40 10 0.0761012 -0.0733306 -0.9944 -2.95636
10 40 20 0.00913953 0.000694502 -0.999958 -2.99047
10 40 30 0.0204351 -0.0106357 -0.999735 -2.90085
10 40 40 0.337745 -0.010707 -0.941177 -2.86038
10 40 50 0.128287 -0.00981539 -0.991689 -2.92213
10 40 60 0.131299 0.149962 -0.979935 -2.84545
10 40 70 0.0078482 -0.0583481 -0.998265 -2.95465
10 40 80 0.0504777 4.59977e-05 -0.998725 -2.89767
10 40 90 -0.253698 -0.0772787 -0.964192 -2.88268
10 50 0 0.0114264 0.0126692 -0.999854 -2.96316
10 50 10 0.157688 -0.0846712 -0.983852 -2.89984
10 50 20 0.00538122 -0.038092 -0.99926 -2.92843
10 50 30 -0.0453377 -0.00635583 -0.998951 -2.9501
10 50 40 0.174506 -0.193481 -0.96546 -2.82356
10 50 50 -0.123662 0.102756 -0.98699 -2.91818
10 50 60 -0.087082 -0.0822155 -0.992803 -2.85403
10 50 70 -0.242762 0.0662571 -0.967821 -2.92952
10 50 80 0.0557527 0.106041 -0.992798 -2.96137
10 50 90 -0.0412302 0.223353 -0.973865 -2.9161
10 60 0 -0.0120357 0.224696 -0.974355 -2.87419
10 60 10 0.0653033 0.0714977 -0.995301 -2.95009
10 60 20 -0.117308 0.0588128 -0.991353 -2.88793
10 60 30 0.0765335 -0.0232792 -0.996795 -2.90494
10 60 40 0.391708 0.313189 -0.865146 -2.53058
10 60 50 -0.0404087 0.0652339 -0.997051 -2.89078
10 60 60 0.089819 0.0793803 -0.99279 -2.94052
10 60 70 0.0283563 -0.0541384 -0.998131 -2.94996
10 60 80 -0.0151633 0.0328476 -0.999345 -2.95053
10 60 90 0.0414696 -0.227452 -0.972906 -2.8429
10 70 0 -0.0536659 0.241115 -0.969012 -2.7991
10 70 10 0.0236179 -0.0373315 -0.999024 -2.94345
10 70 20 -0.0478049 0.0333164 -0.998301 -2.90313
10 70 30 0.0538673 0.0761261 -0.995642 -2.97846
10 70 40 0.0707328 -0.0761402 -0.994585 -2.95525
10 70 50 -0.0377791 -0.0980191 -0.994467 -2.9547
10 70 60 -0.145336 0.114902 -0.982688 -2.91163
10 70 70 0.0347808 -0.11213 -0.993085 -2.95324
10 70 80 -0.0169916 0.0972116 -0.995119 -2.94585
10 70 90 -0.193049 -0.193322 -0.961956 -2.83646
10 80 0 0.0861486 0.240243 -0.966882 -2.84434
10 80 10 0.0200814 0.0771832 -0.996815 -2.97553
10 80 20 -0.00606673 0.0148052 -0.999872 -2.96249
10 80 30 0.151776 0.174588 -0.972874 -2.84949
10 80 40 0.205657 0.195703 -0.958856 -2.90809
10 80 50 0.0388401 0.0031978 -0.99924 -2.95399
10 80 60 -0.0591211 -0.0224506 -0.997998 -2.96468
10 80 70 0.0237668 -0.00563175 -0.999702 -2.93913
10 80 80 -0.00865543 0.197663 -0.980232 -2.90318
10 80 90 -0.0212706 -0.00786838 -0.999743 -2.96933
10 90 0 -0.0700907 -0.113398 -0.991074 -2.88464
10 90 10 0.310921 -0.0738206 -0.947565 -2.88309
10 90 20 0.239311 0.104285 -0.965326 -2.94923
10 90 30 0.0101689 -0.0138923 -0.999852 -2.96111
10 90 40 0.0591283 0.0195223 -0.998059 -2.93985
10 90 50 0.042698 -0.0579659 -0.997405 -2.96487
10 90 60 -0.0079937 -0.0111748 -0.999906 -2.94777
10 90 70 0.22892 -0.173568 -0.957846 -2.89638
10 90 80 0.00138919 -0.00138508 -0.999998 -2.92167
10 90 90 -0.256208 -0.0483712 -0.965411 -2.71794
20 0 0 0.357698 -0.0238927 -0.933532 -2.78108
20 0 10 0.0483812 0.197613 -0.979085 -2.83041
20 0 20 -0.103188 -0.331165 -0.937914 -2.6934
20 0 30 0.137795 0.155302 -0.97821 -2.84581
20 0 40 0.0788597 -0.126372 -0.988843 -2.90221
20 0 50 -0.00557375 -0.00628436 -0.999965 -2.95715
20 0 60 -0.0859111 -0.0702449 -0.993823 -2.9412
20 0 70 -0.111234 0.324037 -0.939482 -2.64036
20 0 80 -0.0223491 -0.0188999 -0.999572 -2.82485
20 0 90 0.294144 0.286711 -0.911743 -2.72624
20 10 0 0.0181231 -0.0142079 -0.999735 -2.90456
20 10 10 0.0374835 0.159479 -0.986489 -2.9628
20 10 20 -0.0452159 0.0262141 -0.998633 -2.97011
20 10 30 0.0872048 -0.0784846 -0.993094 -2.95068
20 10 40 -0.0155233 -0.077006 -0.99691 -2.96982
20 10 50 0.0991941 -0.231224 -0.96783 -2.7249
20 10 60 0.145311 -0.0871113 -0.985544 -2.9304
20 10 70 0.0938303 -0.194628 -0.976379 -2.85248
20 10 80 -0.0944675 -0.0190244 -0.995346 -2.91618
20 10 90 -0.067452 0.11502 -0.99107 -2.96575
20 20 0 -0.0998421 -0.0225176 -0.994748 -2.98231
20 20 10 2.10245e-05 0.00415027 -0.999991 -2.94624
20 20 20 -0.0178748 -0.0256495 -0.999511 -2.96217
20 20 30 0.0147491 0.241272 -0.970346 -2.81852
20 20 40 0.228274 0.280421 -0.932338 -2.85095
20 20 50 0.141391 -0.0055721 -0.989938 -2.88449
20 20 60 -0.323083 -0.265141 -0.90847 -2.69683
20 20 70 -0.0379767 -0.0113218 -0.999214 -2.95138
20 20 80 0.0388521 0.00449918 -0.999235 -2.9119
20 20 90 0.194683 0.248131 -0.948962 -2.81753
20 30 0 -0.0810168 -0.152666 -0.984951 -2.89164
20 30 10 0.0322815 -0.118428 -0.992438 -2.89829
20 30 20 0.0193151 0.0208922 -0.999595 -2.94308
20 30 30 0.124167 0.0702223 -0.989773 -2.9507
20 30 40 0.0862871 0.190388 -0.977909 -2.86052
20 30 50 -0.0599979 0.0236707 -0.997918 -2.96574
20 30 60 0.00907688 -0.0140385 -0.99986 -2.98408
20 30 70 -0.0322583 -0.0684452 -0.997133 -2.93368
20 30 80 0.0190692 -0.0142721 -0.999716 -2.95272
20 30 90 -0.187307 -0.119562 -0.974998 -2.94508
20 40 0 0.000851885 -0.00049854 -1 -2.9718
20 40 10 -0.00611384 -0.0233207 -0.999709 -2.98156
20 40 20 -0.0630965 0.000317887 -0.998007 -2.97669
20 40 30 -0.0186345 -0.00853002 -0.99979 -2.96419
20 40 40 -0.00329245 0.020097 -0.999793 -2.94665
20 40 50 -0.0943338 -0.0927931 -0.991207 -2.93304
20 40 60 -0.120398 0.0313999 -0.992229 -2.89351
20 40 70 -0.0988537 -0.250764 -0.962988 -2.85173
20 40 80 0.0331992 0.0384729 -0.998708 -2.93071
20 40 90 -0.11379 -0.0512509 -0.992182 -2.96349
20 50 0 -0.111477 0.0879928 -0.989864 -2.96545
20 50 10 -0.102439 0.185183 -0.97735 -2.9451
20 50 20 -0.180151 0.169709 -0.968888 -2.90829
20 50 30 0.0782272 -0.117993 -0.989928 -2.8547
20 50 40 -0.485557 -0.162229 -0.85902 -2.51881
20 50 50 0.115375 -0.0377638 -0.992604 -2.82143
20 50 60 0.214095 0.158983 -0.963788 -2.93875
20 50 70 -0.109772 0.0380471 -0.993228 -2.95022
20 50 80 -0.0526785 -0.135211 -0.989415 -2.91138
20 50 90 0.116179 0.134375 -0.984097 -2.8915
20 60 0 -0.196457 -0.0102515 -0.980459 -2.8531
20 60 10 0.29263 -0.00809572 -0.956191 -2.87602
20 60 20 0.34987 -0.0681745 -0.934314 -2.72115
20 60 30 0.0497833 0.0702005 -0.99629 -2.89815
20 60 40 0.18649 0.255308 -0.948704 -2.89637
20 60 50 -0.0592008 -0.0213435 -0.998018 -2.91557
20 60 60 0.215712 0.0987345 -0.971452 -2.84037
20 60 70 0.247953 -0.0407646 -0.967914 -2.84847
20 60 80 -0.311332 -0.320602 -0.894588 -2.68661
20 60 90 0.110235 -0.13166 -0.985147 -2.88546
20 70 0 0.0441662 0.0605968 -0.997185 -2.90878
20 70 10 -0.0188891 -0.20677 -0.978207 -2.71855
20 70 20 0.100031 0.18076 -0.978427 -2.88533
20 70 30 0.0744614 -0.154829 -0.985131 -2.79246
20 70 40 -0.0449713 0.0120698 -0.998915 -2.96702
20 70 50 0.00458151 0.0164937 -0.999853 -2.93614
20 70 60 0.0216688 -0.0622369 -0.997826 -2.9322
20 70 70 -0.0034912 -0.0111999 -0.999931 -2.96505
20 70 80 -0.0775021 0.150909 -0.985505 -2.943
20 70 90 -0.291607 0.256556 -0.92149 -2.57547
20 80 0 -0.0420886 -0.0117696 -0.999045 -2.8477
20 80 10 0.382616 -0.387659 -0.838645 -2.67865
20 80 20 0.0166635 0.00839361 -0.999826 -2.8825
20 80 30 0.185707 0.140477 -0.972512 -2.89137
20 80 40 -0.0487463 -0.114037 -0.99228 -2.93518
20 80 50 0.0483264 0.153415 -0.986979 -2.95408
20 80 60 0.106207 0.0994167 -0.989362 -2.95333
20 80 70 0.114081 -0.150643 -0.981984 -2.82336
20 80 80 -0.00271032 0.00824499 -0.999962 -2.90682
20 80 90 0.140913 -0.158751 -0.977211 -2.91556
20 90 0 -0.132248 0.00180654 -0.991215 -2.90963
20 90 10 0.0094056 -0.0273298 -0.999582 -2.96797
20 90 20 0.0705231 0.0127179 -0.997429 -2.92649
20 90 30 -0.0213641 0.137304 -0.990299 -2.94791
20 90 40 -0.0914367 0.0673855 -0.993528 -2.91359
20 90 50 -0.0210426 -0.0415298 -0.998916 -2.97417
20 90 60 0.289934 -0.0211804 -0.956812 -2.89035
20 90 70 0.27151 -0.062028 -0.960435 -2.91486
20 90 80 0.133129 0.0202517 -0.990892 -2.93741
20 90 90 0.184612 -0.0535095 -0.981354 -2.91829
30 0 0 0.0523284 -0.219592 -0.974187 -2.88437
30 0 10 0.218901 -0.000400007 -0.975747 -2.89742
30 0 20 0.127462 -0.255665 -0.958326 -2.86231
30 0 30 -0.161577 -0.188547 -0.968681 -2.85476
30 0 40 0.108086 -0.110217 -0.988013 -2.91517
30 0 50 -0.144051 -0.0715643 -0.986979 -2.91243
30 0 60 -0.143622 0.0191001 -0.989448 -2.94924
30 0 70 -0.119441 0.117866 -0.98582 -2.94113
30 0 80 -0.257128 0.12761 -0.957915 -2.78981
30 0 90 0.245704 -0.277697 -0.928716 -2.76455
30 10 0 0.190054 -0.0624082 -0.979788 -2.89242
30 10 10 0.00307568 0.00477489 -0.999984 -2.89183
30 10 20 -0.00941632 0.228417 -0.973518 -2.90659
30 10 30 0.0855183 -0.0109935 -0.996276 -2.9277
30 10 40 -0.170282 -0.127737 -0.977081 -2.92591
30 10 50 -0.25751 0.195146 -0.946365 -2.85409
30 10 60 -0.05268 -0.0428449 -0.997692 -2.9247
30 10 70 0.00203407 -0.0230507 -0.999732 -2.90725
30 10 80 0.106736 0.247492 -0.962993 -2.71848
30 10 90 0.24828 -0.162337 -0.954989 -2.83487
30 20 0 0.138147 0.0774604 -0.987378 -2.92922
30 20 10 -0.196694 0.117166 -0.973439 -2.91109
30 20 20 -0.013175 -0.0966402 -0.995232 -2.95494
30 20 30 -0.146954 0.0745356 -0.986331 -2.91243
30 20 40 0.0101951 0.0111508 -0.999886 -2.97338
30 20 50 -0.031667 -0.0507302 -0.99821 -2.9065
30 20 60 0.300975 -0.257062 -0.918332 -2.82653
30 20 70 0.138325 -0.139478 -0.980516 -2.93322
30 20 80 0.125442 -0.0323451 -0.991573 -2.94883
30 20 90 -0.05815 0.0551033 -0.996786 -2.95547
30 30 0 0.0905249 -0.0431177 -0.99496 -2.9682
30 30 10 0.119115 0.0565107 -0.991271 -2.90716
30 30 20 -0.129498 -0.02228 -0.991329 -2.87779
30 30 30 0.146636 0.163723 -0.975547 -2.87746
30 30 40 0.211787 -0.156905 -0.964638 -2.87422
30 30 50 0.282669 -0.373279 -0.883607 -2.82299
30 30 60 -0.0434374 -0.00130892 -0.999055 -2.88436
30 30 70 -0.0147199 0.303906 -0.952588 -2.79172
30 30 80 0.00401172 0.0152878 -0.999875 -2.93014
30 30 90 0.0530786 -0.311155 -0.948876 -2.87073
30 40 0 0.193705 -0.210601 -0.958189 -2.88816
30 40 10 0.176598 0.0274674 -0.9839 -2.9296
30 40 20 -0.000706905 0.0350594 -0.999385 -2.93098
30 40 30 0.164348 -0.239814 -0.956807 -2.78205
30 40 40 0.085659 0.0558637 -0.994757 -2.93003
30 40 50 -0.00414113 -0.263196 -0.964733 -2.76152
30 40 60 -0.01988 0.262675 -0.96468 -2.82418
30 40 70 0.129758 -0.160317 -0.9785 -2.88945
30 40 80 0.0464758 -0.103912 -0.9935 -2.91677
30 40 90 -0.0722263 0.00531255 -0.997374 -2.93293
30 50 0 0.0731394 0.00480131 -0.99731 -2.94364
30 50 10 -0.114843 -0.286652 -0.951126 -2.80732
30 50 20 0.194856 0.156987 -0.968187 -2.82136
30 50 30 0.0574215 -0.132883 -0.989467 -2.91981
30 50 40 -0.121737 0.180577 -0.975998 -2.90999
30 50 50 -0.0527464 0.0337272 -0.998038 -2.88305
30 50 60 0.466522 0.0997818 -0.878864 -2.63616
30 50 70 0.0847781 0.276838 -0.957169 -2.80744
30 50 80 -0.0599546 -0.207305 -0.976437 -2.84425
30 50 90 0.0156638 -0.0692083 -0.997479 -2.94016
30 60 0 -0.0543534 -0.125358 -0.990622 -2.91094
30 60 10 0.011126 -0.0160992 -0.999808 -2.96974
30 60 20 -0.0380265 -0.0653226 -0.997139 -2.92816
30 60 30 0.0238322 -0.220832 -0.975021 -2.93192
30 60 40 -0.0538878 -0.333746 -0.941121 -2.72599
30 60 50 0.398719 0.00590456 -0.917054 -2.69669
30 60 60 -0.00937243 0.0629498 -0.997973 -2.89268
30 60 70 0.0463711 0.133757 -0.989929 -2.87588
30 60 80 0.114592 -0.0847607 -0.98979 -2.9652
30 60 90 -0.000415335 -0.00271597 -0.999996 -2.9744
30 70 0 0.113957 0.129308 -0.985035 -2.92187
30 70 10 0.0365386 0.0401808 -0.998524 -2.96461
30 70 20 -0.0810328 0.0656592 -0.994546 -2.91713
30 70 30 -0.00668479 -0.0761646 -0.997073 -2.90365
30 70 40 -0.102899 -0.0174564 -0.994539 -2.91469
30 70 50 0.243761 -0.266007 -0.932642 -2.76337
30 70 60 0.0141762 0.0477634 -0.998758 -2.91127
30 70 70 0.147414 0.0150016 -0.988961 -2.92928
30 70 80 -0.0677546 -0.0463806 -0.996623 -2.95703
30 70 90 0.0677978 -0.0595582 -0.99592 -2.92992
30 80 0 0.146497 -0.0523448 -0.987825 -2.90459
30 80 10 -0.218594 -0.0675465 -0.973475 -2.91374
30 80 20 0.0257027 0.0188086 -0.999493 -2.89437
30 80 30 0.357748 -0.0183422 -0.933638 -2.86473
30 80 40 -0.00674935 -0.00881525 -0.999938 -2.94234
30 80 50 -0.048688 0.0464059 -0.997735 -2.96483
30 80 60 0.0634632 -0.163174 -0.984554 -2.94452
30 80 70 0.119621 -0.100691 -0.9877 -2.95545
30 80 80 -0.0192725 0.00783682 -0.999784 -2.97098
30 80 90 -0.0970198 -0.17429 -0.979903 -2.93995
30 90 0 0.143463 0.0713117 -0.987083 -2.83332
30 90 10 0.256483 -0.238326 -0.936705 -2.87747
30 90 20 -0.00782533 -0.092786 -0.995655 -2.93722
30 90 30 -0.0114094 0.142092 -0.989788 -2.94316
30 90 40 -0.0387321 0.0409772 -0.998409 -2.96371
30 90 50 0.0144595 -0.149791 -0.988612 -2.95473
30 90 60 -0.00650142 0.0148566 -0.999868 -2.96593
30 90 70 -0.042786 -0.0577512 -0.997414 -2.89081
30 90 80 -0.134147 -0.348512 -0.927655 -2.77034
30 90 90 0.0128942 0.0281077 -0.999522 -2.85195
40 0 0 -0.033571 0.0667578 -0.997204 -2.97516
40 0 10 0.143044 0.167388 -0.975459 -2.9275
40 0 20 0.0580011 -0.0369117 -0.997634 -2.97018
40 0 30 0.159149 -0.0288571 -0.986833 -2.94874
40 0 40 0.0695758 0.128321 -0.989289 -2.90766
40 0 50 0.294924 0.267264 -0.917382 -2.74081
40 0 60 0.0572125 -0.129856 -0.989881 -2.90041
40 0 70 -0.0440786 -0.022434 -0.998776 -2.93907
40 0 80 0.0555292 0.152596 -0.986727 -2.92332
40 0 90 -0.0648089 -0.069436 -0.995479 -2.84921
40 10 0 -0.112128 0.00160693 -0.993692 -2.95428
40 10 10 -0.000801959 -0.0247855 -0.999692 -2.97935
40 10 20 0.020729 0.0420844 -0.998899 -2.9773
40 10 30 0.0344818 -0.0975253 -0.994636 -2.89865
40 10 40 0.0256765 0.00546591 -0.999655 -2.96298
40 10 50 0.204273 0.123401 -0.971105 -2.8677
40 10 60 0.236575 -0.141387 -0.961271 -2.88561
40 10 70 0.258848 -0.141946 -0.955431 -2.84724
40 10 80 -0.253667 -0.0796 -0.964011 -2.87273
40 10 90 -0.0305956 -0.0127955 -0.99945 -2.96865
40 20 0 0.177455 -0.0315183 -0.983624 -2.91725
40 20 10 0.229698 0.207033 -0.950987 -2.85618
40 20 20 -0.2008 0.11866 -0.972419 -2.82679
40 20 30 0.152463 -0.0494828 -0.98707 -2.93244
40 20 40 -0.0356344 0.0430368 -0.998438 -2.94575
40 20 50 -0.00253033 0.093597 -0.995607 -2.92733
40 20 60 -0.329746 -0.0492801 -0.942783 -2.86134
40 20 70 0.0282425 -0.0494037 -0.99838 -2.95541
40 20 80 -0.0189534 -0.0183066 -0.999653 -2.92509
40 20 90 -0.152067 0.15549 -0.976063 -2.82869
40 30 0 0.13508 -0.0405538 -0.990004 -2.91159
40 30 10 0.0184933 -0.00155156 -0.999828 -2.97141
40 30 20 0.056857 -0.0161437 -0.998252 -2.97345
40 30 30 -0.0573188 0.0121605 -0.998282 -2.98756
40 30 40 -0.137023 0.0974117 -0.985767 -2.9534
40 30 50 0.000465321 0.003265 -0.999995 -2.98751
40 30 60 0.0572783 -0.018866 -0.99818 -2.95984
40 30 70 -0.0351455 0.043004 -0.998457 -2.94299
40 30 80 0.0421743 -0.0402362 -0.9983 -2.92481
40 30 90 -0.108777 0.144952 -0.983441 -2.85968
40 40 0 0.267047 -0.143277 -0.952973 -2.82176
40 40 10 -0.0859576 -0.0431762 -0.995363 -2.94205
40 40 20 -0.0013341 0.0620508 -0.998072 -2.96428
40 40 30 0.0202951 0.0104046 -0.99974 -2.94864
40 40 40 0.118424 0.281139 -0.952332 -2.82619
40 40 50 -0.116529 -0.0599476 -0.991376 -2.936
40 40 60 -0.00165491 0.0566647 -0.998392 -2.95074
40 40 70 0.00931063 -0.00623458 -0.999937 -2.90015
40 40 80 0.0862757 0.191258 -0.977741 -2.88502
40 40 90 -0.0662206 0.0108078 -0.997746 -2.94093
40 50 0 0.00120328 0.0826711 -0.996576 -2.97402
40 50 10 0.00225882 -0.0213074 -0.99977 -2.98641
40 50 20 0.0672089 0.0813391 -0.994418 -2.89552
40 50 30 -0.14062 -0.301647 -0.942993 -2.8523
40 50 40 -0.00165333 -0.00021972 -0.999999 -2.93598
40 50 50 0.123776 -0.118185 -0.985247 -2.94205
40 50 60 -0.184811 0.0307976 -0.982291 -2.88381
40 50 70 -0.308164 0.287163 -0.906958 -2.73466
40 50 80 0.000210238 -0.000918501 -1 -2.94074
40 50 90 0.0356354 -0.0450424 -0.998349 -2.95241
40 60 0 -0.0939085 -0.225778 -0.969642 -2.8729
40 60 10 -0.0110677 -0.00216563 -0.999936 -2.9521
40 60 20 0.0238703 -0.0032829 -0.99971 -2.9442
40 60 30 0.155828 0.0509432 -0.98647 -2.9287
40 60 40 0.0273439 0.00426452 -0.999617 -2.96267
40 60 50 0.220336 0.0113537 -0.975358 -2.75331
40 60 60 0.0841138 -0.12138 -0.989036 -2.97401
40 60 70 0.133788 -0.115732 -0.984229 -2.97322
40 60 80 0.203036 -0.159919 -0.966024 -2.89287
40 60 90 -0.00743153 -0.101125 -0.994846 -2.91857
40 70 0 -0.0013306 -0.00683611 -0.999976 -2.97815
40 70 10 0.124154 -0.0807794 -0.988969 -2.96971
40 70 20 -0.0549516 -0.0577588 -0.996817 -2.90154
40 70 30 -0.306971 0.382771 -0.871353 -2.54849
40 70 40 0.0520762 0.0073788 -0.998616 -2.83689
40 70 50 -8.29175e-05 0.0183495 -0.999832 -2.97732
40 70 60 0.0104302 -0.0206986 -0.999731 -2.94237
40 70 70 0.0206757 0.0171619 -0.999639 -2.95732
40 70 80 0.0286524 0.0705261 -0.997098 -2.82996
40 70 90 -0.0171845 -0.026838 -0.999492 -2.96781
40 80 0 0.0240943 -0.00360305 -0.999703 -2.94954
40 80 10 0.0173533 -0.0713599 -0.9973 -2.87117
40 80 20 -0.0108302 0.00274907 -0.999938 -2.96762
40 80 30 0.0908795 -0.0651474 -0.993729 -2.94148
40 80 40 0.193704 0.180116 -0.964384 -2.92222
40 80 50 0.339487 0.189077 -0.921411 -2.79929
40 80 60 -0.141498 0.00596854 -0.989921 -2.88508
40 80 70 -0.0143715 -0.0685037 -0.997547 -2.97266
40 80 80 -0.0702046 -0.0901305 -0.993452 -2.96081
40 80 90 0.0412534 0.179425 -0.982906 -2.93294
40 90 0 0.0285902 0.0251699 -0.999274 -2.94378
40 90 10 -0.0453851 -0.0350889 -0.998353 -2.96141
40 90 20 0.0660082 0.281636 -0.957248 -2.87979
40 90 30 -0.113402 0.0614419 -0.991648 -2.82452
40 90 40 -0.0422318 -0.12465 -0.991302 -2.92789
40 90 50 0.0258102 0.127248 -0.991535 -2.92137
40 90 60 -0.00401471 0.0501994 -0.998731 -2.98555
40 90 70 0.0144222 0.0112931 -0.999832 -2.97031
40 90 80 -0.153613 0.102081 -0.982844 -2.94559
40 90 90 -0.0235373 -0.10161 -0.994546 -2.95652
50 0 0 -0.071396 -0.0133199 -0.997359 -2.93775
50 0 10 -0.31779 -0.199208 -0.926998 -2.81928
50 0 20 -0.164071 -0.409355 -0.897501 -2.74354
50 0 30 -0.231296 -0.108709 -0.966791 -2.86283
50 0 40 0.102428 0.107163 -0.988951 -2.88052
50 0 50 -0.0827026 -0.119957 -0.989328 -2.92998
50 0 60 -0.0558719 0.22577 -0.972577 -2.88477
50 0 70 -0.0445983 -0.274944 -0.960425 -2.855
50 0 80 -0.0423106 -0.041445 -0.998245 -2.8914
50 0 90 -0.00625794 -0.0131572 -0.999894 -2.90509
50 10 0 -0.0943069 -0.290462 -0.952228 -2.89154
50 10 10 -0.117252 -0.104945 -0.987542 -2.93554
50 10 20 -0.0521239 -0.0612443 -0.996761 -2.93271
50 10 30 -0.0318711 0.205026 -0.978238 -2.91521
50 10 40 -0.142305 -0.057682 -0.988141 -2.93379
50 10 50 -0.0443749 -0.0469306 -0.997912 -2.93937
50 10 60 0.0285348 0.224264 -0.974111 -2.88637
50 10 70 -0.315226 -0.100377 -0.943693 -2.80223
50 10 80 0.233255 -0.293802 -0.92697 -2.75353
50 10 90 -0.124755 -0.101375 -0.986995 -2.91856
50 20 0 -0.0517731 -0.0247169 -0.998353 -2.95739
50 20 10 -0.0626804 0.0366089 -0.997362 -2.94208
50 20 20 0.00254568 0.00481633 -0.999985 -2.98005
50 20 30 0.00049534 0.0829016 -0.996558 -2.98866
50 20 40 0.120183 -0.157318 -0.980208 -2.84684
50 20 50 0.0116122 0.238002 -0.971195 -2.89682
50 20 60 -0.00513552 -0.00845832 -0.999951 -2.94832
50 20 70 -0.32744 -0.354205 -0.875969 -2.61183
50 20 80 0.146132 0.0722524 -0.986623 -2.94593
50 20 90 0.203744 -0.0258943 -0.978682 -2.92764
50 30 0 -0.0311394 0.00361589 -0.999509 -2.88647
50 30 10 0.00141932 -0.0101643 -0.999947 -2.96012
50 30 20 0.0031057 0.00573934 -0.999979 -2.90028
50 30 30 0.273171 0.182856 -0.944426 -2.79025
50 30 40 0.00551888 -0.0155411 -0.999864 -2.85541
50 30 50 0.0124811 -0.00692905 -0.999898 -2.94342
50 30 60 -0.392689 -0.283441 -0.874904 -2.43522
50 30 70 -0.0360905 -0.165491 -0.985551 -2.81188
50 30 80 -0.0625929 -0.0549618 -0.996525 -2.9827
50 30 90 0.125681 0.12795 -0.983785 -2.81214
50 40 0 -0.0688076 -0.09288 -0.993297 -2.93119
50 40 10 0.0498712 -0.045221 -0.997731 -2.79226
50 40 20 -0.392899 0.354131 -0.848659 -2.55807
50 40 30 -0.118342 -0.0427698 -0.992051 -2.87855
50 40 40 -0.00175527 -0.00197411 -0.999997 -2.95387
50 40 50 0.0251584 -0.207715 -0.977866 -2.87035
50 40 60 -0.356678 -0.286062 -0.889353 -2.6805
50 40 70 -0.111133 0.00116593 -0.993805 -2.96113
50 40 80 -0.214655 0.271488 -0.938199 -2.79634
50 40 90 0.159519 -0.104792 -0.981617 -2.75875
50 50 0 -0.322345 0.229024 -0.9185 -2.70431
50 50 10 -0.225388 0.00124698 -0.974268 -2.81298
50 50 20 0.00215041 -0.00724409 -0.999971 -2.92926
50 50 30 -0.024342 -0.0755513 -0.996845 -2.94431
50 50 40 -0.00955947 0.00356665 -0.999948 -2.86495
50 50 50 0.0356479 -0.011823 -0.999294 -2.95836
50 50 60 -0.222 0.331309 -0.917033 -2.83385
50 50 70 -0.118728 -0.0468985 -0.991819 -2.96922
50 50 80 -0.126191 0.0438784 -0.991035 -2.8774
50 50 90 0.188859 0.181697 -0.965048 -2.90066
50 60 0 -0.00333196 0.0173148 -0.999845 -2.97395
50 60 10 -0.0227539 0.00793398 -0.99971 -2.93054
50 60 20 -0.0576738 0.0261037 -0.997994 -2.98577
50 60 30 -0.0664636 0.0264669 -0.997438 -2.93533
50 60 40 0.227974 -0.239929 -0.943643 -2.71759
50 60 50 0.201862 0.167908 -0.964914 -2.62979
50 60 60 -0.0448237 0.0154278 -0.998876 -2.92692
50 60 70 0.0195287 -0.0849797 -0.996191 -2.87945
50 60 80 0.0529122 0.0130247 -0.998514 -2.93786
50 60 90 0.013915 -0.00449379 -0.999893 -2.93692
50 70 0 -0.404496 -0.320084 -0.856697 -2.4541
50 70 10 -0.124178 0.0826696 -0.98881 -2.91111
50 70 20 -0.133285 0.166445 -0.977001 -2.86484
50 70 30 0.0958338 -0.119044 -0.988253 -2.91424
50 70 40 0.163518 -0.0534132 -0.985093 -2.73513
50 70 50 -0.121468 0.0484109 -0.991414 -2.94785
50 70 60 -0.0214899 -0.0511742 -0.998459 -2.95837
50 70 70 -0.0488113 0.116905 -0.991943 -2.95878
50 70 80 -0.147665 -0.119333 -0.981812 -2.93058
50 70 90 0.135903 -0.191139 -0.972109 -2.92398
50 80 0 -0.01881 -0.0714453 -0.997267 -2.90081
50 80 10 -0.106806 0.0261512 -0.993936 -2.9256
50 80 20 0.000368391 -0.00271375 -0.999996 -2.9638
50 80 30 -0.303433 -0.0199629 -0.952644 -2.86784
50 80 40 0.0895911 -0.151997 -0.984312 -2.91985
50 80 50 -0.0169498 -0.0410933 -0.999012 -2.94993
50 80 60 -0.0370948 -0.117549 -0.992374 -2.91954
50 80 70 0.000632337 -0.000522693 -1 -2.96215
50 80 80 -0.404849 -0.298747 -0.864203 -2.58255
50 80 90 0.135048 0.282396 -0.949744 -2.81618
50 90 0 0.0673777 -0.0629077 -0.995742 -2.90545
50 90 10 -0.0737717 -0.0266591 -0.996919 -2.93151
50 90 20 -0.0700509 -0.22558 -0.971703 -2.73349
50 90 30 0.0933003 0.0479044 -0.994485 -2.91958
50 90 40 -0.176035 0.130463 -0.9757 -2.9021
50 90 50 0.00772937 -0.105599 -0.994379 -2.85155
50 90 60 -0.00633155 -0.0370846 -0.999292 -2.96751
50 90 70 -0.133862 -0.105812 -0.985335 -2.92392
50 90 80 -0.0411024 -0.0683577 -0.996814 -2.95921
50 90 90 0.309469 -0.0125626 -0.950826 -2.79527
60 0 0 0.0765897 -0.0168508 -0.99692 -2.94281
60 0 10 0.0560029 0.194291 -0.979344 -2.95343
60 0 20 -0.0764406 -0.00458474 -0.997064 -2.8736
60 0 30 -0.00981731 -0.0312256 -0.999464 -2.96326
60 0 40 0.084043 0.287525 -0.954079 -2.68766
60 0 50 -0.0118421 -0.028985 -0.99951 -2.95961
60 0 60 0.127676 0.34458 -0.930034 -2.51492
60 0 70 -0.0489128 -0.153488 -0.986939 -2.86264
60 0 80 -0.3189 -0.249343 -0.914402 -2.50586
60 0 90 0.00831554 -0.0141907 -0.999865 -2.94903
60 10 0 0.217113 -0.0472362 -0.975003 -2.78935
60 10 10 0.090995 0.119958 -0.9886 -2.88428
60 10 20 -0.156491 -0.0484293 -0.986491 -2.83877
60 10 30 -0.282719 0.135115 -0.949639 -2.906
60 10 40 0.101876 0.211539 -0.972046 -2.94609
60 10 50 0.0730304 0.137546 -0.987799 -2.90011
60 10 60 -0.030163 -0.0816222 -0.996207 -2.9519
60 10 70 0.204574 0.139754 -0.968823 -2.7947
60 10 80 -0.00489955 0.0991004 -0.995065 -2.95978
60 10 90 -0.228801 0.198076 -0.953109 -2.82045
60 20 0 -0.168482 -0.043194 -0.984758 -2.95958
60 20 10 0.0184067 0.0604245 -0.998003 -2.90975
60 20 20 0.0936619 0.170539 -0.980889 -2.89717
60 20 30 0.140447 -0.186994 -0.972269 -2.86272
60 20 40 0.0983435 -0.0533169 -0.993723 -2.90893
60 20 50 0.0389741 0.092023 -0.994994 -2.9718
60 20 60 -0.00623801 0.000145359 -0.999981 -2.87801
60 20 70 0.000137065 0.000992399 -0.999999 -2.95137
60 20 80 0.0658673 -0.12511 -0.989954 -2.90984
60 20 90 -0.0478616 -0.0263657 -0.998506 -2.96895
60 30 0 0.00151651 0.00796423 -0.999967 -2.88055
60 30 10 -0.016525 -0.000568886 -0.999863 -2.96008
60 30 20 -0.17626 0.114693 -0.977639 -2.85792
60 30 30 -0.157739 0.1835 -0.970282 -2.88115
60 30 40 -0.0632826 0.0564492 -0.996398 -2.96954
60 30 50 -0.073579 -0.00525248 -0.997276 -2.95036
60 30 60 0.145804 -0.0572162 -0.987658 -2.8913
60 30 70 0.35976 0.0727465 -0.930205 -2.59198
60 30 80 0.00993205 -0.00759241 -0.999922 -2.96266
60 30 90 0.0179434 0.00218435 -0.999837 -2.85543
60 40 0 -0.079669 0.056755 -0.995204 -2.88057
60 40 10 0.0196731 -0.0258592 -0.999472 -2.96889
60 40 20 -0.0358229 0.0778816 -0.996319 -2.94724
60 40 30 0.0214237 -0.0384704 -0.99903 -2.96523
60 40 40 0.100089 -0.0455846 -0.993934 -2.95204
60 40 50 0.149781 -0.00872311 -0.988681 -2.96331
60 40 60 0.0847075 -0.0754864 -0.993542 -2.91903
60 40 70 0.0412144 -0.0859213 -0.995449 -2.9645
60 40 80 -0.174043 -0.355128 -0.918473 -2.58089
60 40 90 0.0222322 0.0360997 -0.999101 -2.96486
60 50 0 0.0902712 -0.109783 -0.989848 -2.91596
60 50 10 0.0485664 -0.225766 -0.97297 -2.89969
60 50 20 0.0545665 -0.010556 -0.998454 -2.97271
60 50 30 -0.229375 -0.271713 -0.934644 -2.82231
60 50 40 0.0426228 0.144842 -0.988536 -2.95373
60 50 50 0.0337794 0.0558657 -0.997867 -2.91256
60 50 60 -0.272869 0.266351 -0.924446 -2.72971
60 50 70 0.0633728 -0.0313727 -0.997497 -2.90188
60 50 80 -0.00744415 -0.00945472 -0.999928 -2.93109
60 50 90 -0.277678 0.347968 -0.89544 -2.7243
60 60 0 0.086221 -0.000858497 -0.996276 -2.87599
60 60 10 -0.0509475 0.0877396 -0.99484 -2.95592
60 60 20 0.102869 0.132651 -0.98581 -2.9067
60 60 30 -0.0346825 0.000991723 -0.999398 -2.92138
60 60 40 0.00215211 -0.000543831 -0.999998 -2.93376
60 60 50 -0.158136 0.181732 -0.97055 -2.79832
60 60 60 0.0331098 0.0106938 -0.999395 -2.97047
60 60 70 0.0252672 0.243629 -0.969539 -2.85379
60 60 80 -0.116756 -0.0443719 -0.992169 -2.86728
60 60 90 0.0530114 -0.0572522 -0.996951 -2.90706
60 70 0 -0.0342166 -0.118624 -0.99235 -2.91857
60 70 10 0.0698393 0.0361719 -0.996902 -2.9749
60 70 20 0.0767674 -0.055322 -0.995513 -2.91457
60 70 30 0.0050844 0.013656 -0.999894 -2.96322
60 70 40 -0.230617 -0.179689 -0.956309 -2.8288
60 70 50 -0.17749 0.00606181 -0.984104 -2.87015
60 70 60 -0.227836 0.129959 -0.964988 -2.91138
60 70 70 -0.0554465 -0.232798 -0.970943 -2.69687
60 70 80 -0.24151 0.0186971 -0.970218 -2.89481
60 70 90 -0.000303915 0.000549518 -1 -2.96366
60 80 0 0.0350755 0.375918 -0.925989 -2.75819
60 80 10 -0.0142695 -0.0501309 -0.998641 -2.9537
60 80 20 -0.0194286 -0.0125324 -0.999733 -2.91358
60 80 30 0.00544854 0.00464506 -0.999974 -2.95018
60 80 40 0.00776448 0.0943627 -0.995508 -2.92745
60 80 50 -0.00561099 -0.00165018 -0.999983 -2.9918
60 80 60 -0.0564861 0.327239 -0.943252 -2.84647
60 80 70 -0.0330012 -0.0137037 -0.999361 -2.96764
60 80 80 0.0393688 0.0522215 -0.997859 -2.97099
60 80 90 -0.00484847 -0.242195 -0.970215 -2.88704
60 90 0 0.00699418 -0.00106358 -0.999975 -2.95636
60 90 10 -0.0734846 -0.133598 -0.988307 -2.91851
60 90 20 -0.109697 -0.0272719 -0.993591 -2.95728
60 90 30 -0.343897 0.451053 -0.823581 -2.49632
60 90 40 -0.131339 -0.236844 -0.962629 -2.83148
60 90 50 -0.000878902 0.053545 -0.998565 -2.90929
60 90 60 0.000567177 0.323174 -0.946339 -2.88629
60 90 70 0.118608 0.167813 -0.978658 -2.92458
60 90 80 0.00402874 0.1185 -0.992946 -2.98608
60 90 90 -0.0271074 -0.0841605 -0.996083 -2.94044
70 0 0 0.00110789 0.00168796 -0.999998 -2.95131
70 0 10 0.00137166 -0.0353788 -0.999373 -2.97167
70 0 20 0.142769 0.33121 -0.932693 -2.55896
70 0 30 -0.337893 0.264564 -0.903235 -2.59046
70 0 40 0.0611686 -0.0389112 -0.997369 -2.92383
70 0 50 -0.132713 -0.107025 -0.985359 -2.87141
70 0 60 -0.025521 0.0378985 -0.998956 -2.94623
70 0 70 0.202245 -0.261058 -0.943899 -2.81092
70 0 80 0.233871 0.29815 -0.925425 -2.70824
70 0 90 -0.0543239 -0.0195568 -0.998332 -2.96104
70 10 0 0.0493216 0.0166704 -0.998644 -2.91748
70 10 10 0.0420907 0.00623153 -0.999094 -2.92762
70 10 20 0.0079448 -0.0334099 -0.99941 -2.90397
70 10 30 -0.0701488 -0.0233574 -0.997263 -2.8594
70 10 40 -0.127815 -0.114401 -0.985178 -2.86172
70 10 50 -0.338837 0.0885183 -0.936672 -2.7017
70 10 60 0.145642 -0.138545 -0.979589 -2.86721
70 10 70 0.270281 0.0336964 -0.962191 -2.90073
70 10 80 -0.0104162 -0.112961 -0.993545 -2.93102
70 10 90 -0.0596402 0.0476976 -0.99708 -2.89318
70 20 0 0.0645227 0.0464411 -0.996835 -2.88775
70 20 10 -0.0521713 0.0633681 -0.996626 -2.94073
70 20 20 0.357589 0.154503 -0.92101 -2.73501
70 20 30 0.00135066 0.000676357 -0.999999 -2.983
70 20 40 -0.0971922 0.0869274 -0.991462 -2.94022
70 20 50 -0.0806296 -0.0121072 -0.996671 -2.98379
70 20 60 -0.0501678 0.0163351 -0.998607 -2.96328
70 20 70 0.136384 0.0738752 -0.987898 -2.87605
70 20 80 -0.260334 -0.142167 -0.954995 -2.7731
