Position_x Position_y Position_z Spin_x Spin_y Spin_z Spin_energy Temperature n_spins
0 0 0 0.416825 0.184583 -0.890048 -2.9882 0.001 729
0 0 10 0.503133 0.217143 -0.836484 -2.99569
0 0 20 0.485273 0.204438 -0.850127 -2.99552
0 0 30 0.542928 0.249629 -0.801819 -2.99589
0 0 40 0.536949 0.199429 -0.819703 -2.99655
0 0 50 0.515774 0.250963 -0.819143 -2.99572
0 0 60 0.503316 0.194026 -0.842038 -2.99585
0 0 70 0.500077 0.201316 -0.842256 -2.99658
0 0 80 0.474673 0.212479 -0.85413 -2.99813
0 0 90 0.498096 0.211749 -0.84087 -2.99897
0 10 0 0.535302 0.188947 -0.823257 -2.99658
0 10 10 0.541032 0.228878 -0.809259 -2.99606
0 10 20 0.559586 0.237215 -0.794099 -2.99615
0 10 30 0.532569 0.250404 -0.808497 -2.99711
0 10 40 0.539619 0.246104 -0.805136 -2.99625
0 10 50 0.502381 0.234904 -0.832126 -2.99741
0 10 60 0.474721 0.200079 -0.857093 -2.99887
0 10 70 0.499063 0.216913 -0.838978 -2.99631
0 10 80 0.581146 0.179231 -0.793817 -2.9912
0 10 90 0.612063 0.264334 -0.745323 -2.99318
0 20 0 0.600849 0.270215 -0.752306 -2.99614
0 20 10 0.533654 0.269462 -0.801626 -2.99386
0 20 20 0.510057 0.293837 -0.808394 -2.99439
0 20 30 0.453641 0.228865 -0.861296 -2.99238
0 20 40 0.485012 0.188641 -0.853919 -2.99716
0 20 50 0.502228 0.252383 -0.827085 -2.99435
0 20 60 0.58597 0.245928 -0.772113 -2.99417
0 20 70 0.628959 0.254257 -0.734686 -2.99745
0 20 80 0.600758 0.245359 -0.760847 -2.99558
0 20 90 0.547899 0.299983 -0.780908 -2.99432
0 30 0 0.551722 0.294542 -0.780287 -2.99494
0 30 10 0.500622 0.248507 -0.82923 -2.99454
0 30 20 0.494734 0.16816 -0.852619 -2.99743
0 30 30 0.501845 0.199024 -0.841749 -2.99631
0 30 40 0.568437 0.212111 -0.794914 -2.99342
0 30 50 0.61255 0.255638 -0.747952 -2.99551
0 30 60 0.62507 0.250769 -0.73919 -2.99798
0 30 70 0.592374 0.295081 -0.74968 -2.99567
0 30 80 0.565978 0.28025 -0.775325 -2.99532
0 30 90 0.516375 0.219816 -0.82767 -2.99529
0 40 0 0.469655 0.165869 -0.867128 -2.99659
0 40 10 0.499586 0.174625 -0.848481 -2.99397
0 40 20 0.530048 0.254452 -0.80889 -2.99395
0 40 30 0.581907 0.24729 -0.774746 -2.99473
0 40 40 0.60939 0.265644 -0.747045 -2.99656
0 40 50 0.562209 0.269155 -0.78197 -2.99339
0 40 60 0.559739 0.252354 -0.78931 -2.99453
0 40 70 0.518819 0.197702 -0.83171 -2.99505
0 40 80 0.46701 0.200017 -0.861333 -2.99712
0 40 90 0.503741 0.219652 -0.835463 -2.99809
0 50 0 0.510598 0.207759 -0.834342 -2.99783
0 50 10 0.533963 0.215583 -0.817562 -2.99615
0 50 20 0.568428 0.230706 -0.789725 -2.99637
0 50 30 0.544149 0.244549 -0.802557 -2.99697
0 50 40 0.515926 0.225197 -0.826503 -2.99569
0 50 50 0.481902 0.20791 -0.851201 -2.99576
0 50 60 0.472696 0.203732 -0.857352 -2.99822
0 50 70 0.465527 0.204674 -0.861042 -2.99795
0 50 80 0.493585 0.18184 -0.850475 -2.99849
0 50 90 0.53467 0.178202 -0.826058 -2.99553
0 60 0 0.559037 0.209681 -0.802191 -2.99745
0 60 10 0.527659 0.241495 -0.814406 -2.99826
0 60 20 0.512318 0.216875 -0.830961 -2.99589
0 60 30 0.454642 0.232859 -0.859696 -2.99545
0 60 40 0.474522 0.228068 -0.850184 -2.99784
0 60 50 0.467698 0.216088 -0.857067 -2.99697
0 60 60 0.53967 0.179495 -0.822519 -2.99522
0 60 70 0.540693 0.189924 -0.8195 -2.99418
0 60 80 0.548985 0.259053 -0.794674 -2.99483
0 60 90 0.53713 0.292454 -0.791177 -2.99698
0 70 0 0.522102 0.265198 -0.810604 -2.99526
0 70 10 0.475589 0.220109 -0.851685 -2.99617
0 70 20 0.465103 0.22008 -0.857464 -2.99964
0 70 30 0.475171 0.212437 -0.853864 -2.99649
0 70 40 0.550785 0.218263 -0.805604 -2.99534
0 70 50 0.570125 0.251577 -0.782091 -2.99497
0 70 60 0.595849 0.291634 -0.748274 -2.99448
0 70 70 0.555328 0.326854 -0.764707 -2.99432
0 70 80 0.527657 0.274408 -0.803914 -2.99431
0 70 90 0.475673 0.264412 -0.838941 -2.99609
0 80 0 0.468469 0.214272 -0.857102 -2.9972
0 80 10 0.516759 0.239263 -0.822018 -2.99532
0 80 20 0.592492 0.197249 -0.781054 -2.99307
0 80 30 0.582272 0.291031 -0.759118 -2.99572
0 80 40 0.575426 0.317964 -0.753514 -2.99656
0 80 50 0.510927 0.368351 -0.776705 -2.99313
0 80 60 0.48411 0.345853 -0.803756 -2.99576
0 80 70 0.472392 0.302345 -0.827909 -2.99476
0 80 80 0.473939 0.231153 -0.849676 -2.99572
0 80 90 0.516797 0.213559 -0.829044 -2.99766
0 90 0 0.567442 0.221 -0.793201 -2.99595
0 90 10 0.606184 0.277062 -0.745505 -2.99649
0 90 20 0.597693 0.324742 -0.733011 -2.99521
0 90 30 0.534637 0.364912 -0.762235 -2.99556
0 90 40 0.513936 0.329872 -0.791868 -2.99655
0 90 50 0.486597 0.300502 -0.820318 -2.99633
0 90 60 0.508044 0.188809 -0.840383 -2.99431
0 90 70 0.514522 0.214074 -0.830325 -2.99794
0 90 80 0.563152 0.238516 -0.791183 -2.99656
0 90 90 0.596294 0.300043 -0.744586 -2.99641
10 0 0 0.614895 0.293201 -0.732078 -2.99557
10 0 10 0.578435 0.353038 -0.735375 -2.99585
10 0 20 0.563152 0.347931 -0.749535 -2.99245
10 0 30 0.506112 0.275948 -0.817131 -2.99173
10 0 40 0.478873 0.21428 -0.851331 -2.99501
10 0 50 0.540929 0.226432 -0.810015 -2.99603
10 0 60 0.563221 0.21486 -0.797883 -2.99367
10 0 70 0.628639 0.271899 -0.728618 -2.9925
10 0 80 0.650463 0.269447 -0.710138 -2.98961
10 0 90 0.55793 0.381971 -0.736758 -2.98722
10 10 0 0.54873 0.314569 -0.774559 -2.99374
10 10 10 0.515583 0.269335 -0.813408 -2.99446
10 10 20 0.488677 0.254786 -0.834434 -2.99714
10 10 30 0.512591 0.20641 -0.833454 -2.9979
10 10 40 0.512151 0.203867 -0.83435 -2.99642
10 10 50 0.588292 0.216727 -0.779065 -2.99265
10 10 60 0.628928 0.228572 -0.743104 -2.99078
10 10 70 0.56508 0.31692 -0.761739 -2.99166
10 10 80 0.559674 0.28335 -0.778767 -2.98977
10 10 90 0.463388 0.308253 -0.830814 -2.99118
10 20 0 0.493452 0.240169 -0.835957 -2.99661
10 20 10 0.474047 0.226514 -0.850865 -2.99799
10 20 20 0.505764 0.177608 -0.844191 -2.99685
10 20 30 0.553305 0.179543 -0.813399 -2.99466
10 20 40 0.571554 0.261325 -0.77784 -2.99524
10 20 50 0.560851 0.26495 -0.784377 -2.99634
10 20 60 0.507212 0.307189 -0.805215 -2.99448
10 20 70 0.476537 0.290314 -0.829837 -2.99535
10 20 80 0.465282 0.218962 -0.857653 -2.99598
10 20 90 0.508867 0.203879 -0.836354 -2.99671
10 30 0 0.56092 0.213398 -0.799894 -2.99502
10 30 10 0.599816 0.226312 -0.767466 -2.99135
10 30 20 0.560381 0.292086 -0.775022 -2.99587
10 30 30 0.536337 0.322723 -0.779867 -2.99669
10 30 40 0.498816 0.307359 -0.810379 -2.9969
10 30 50 0.466916 0.292155 -0.834647 -2.99598
10 30 60 0.478635 0.239654 -0.844674 -2.9974
10 30 70 0.500505 0.234501 -0.833369 -2.99748
10 30 80 0.557199 0.263672 -0.787405 -2.99429
10 30 90 0.615865 0.271491 -0.739597 -2.99343
10 40 0 0.574339 0.337593 -0.745765 -2.99669
10 40 10 0.566429 0.321849 -0.758664 -2.9963
10 40 20 0.520476 0.345073 -0.781044 -2.9962
10 40 30 0.501404 0.311313 -0.807266 -2.9957
10 40 40 0.500265 0.254304 -0.827686 -2.99759
10 40 50 0.5142 0.248805 -0.820789 -2.99541
10 40 60 0.61698 0.248576 -0.74669 -2.99164
10 40 70 0.616673 0.292154 -0.730999 -2.99661
10 40 80 0.57924 0.340358 -0.740701 -2.99556
10 40 90 0.527059 0.407579 -0.745713 -2.99267
10 50 0 0.491637 0.367077 -0.789651 -2.99689
10 50 10 0.479749 0.329597 -0.813146 -2.99699
10 50 20 0.525361 0.2338 -0.818128 -2.9944
10 50 30 0.523439 0.230988 -0.820156 -2.99665
10 50 40 0.595109 0.247688 -0.764523 -2.99436
10 50 50 0.618184 0.311494 -0.721678 -2.99562
10 50 60 0.585904 0.351868 -0.730004 -2.99561
10 50 70 0.537843 0.344615 -0.769393 -2.99449
10 50 80 0.526049 0.323231 -0.786634 -2.99396
10 50 90 0.514692 0.326231 -0.792885 -2.99575
10 60 0 0.526479 0.236868 -0.816525 -2.99427
10 60 10 0.541949 0.19815 -0.816718 -2.99539
10 60 20 0.547853 0.255302 -0.796667 -2.99562
10 60 30 0.572229 0.334521 -0.748765 -2.99359
10 60 40 0.628561 0.361249 -0.688774 -2.99396
10 60 50 0.587391 0.401079 -0.702928 -2.99321
10 60 60 0.574855 0.405693 -0.710602 -2.99031
10 60 70 0.515487 0.353497 -0.780585 -2.99021
10 60 80 0.49733 0.252293 -0.830067 -2.99174
10 60 90 0.52527 0.24129 -0.816009 -2.99647
10 70 0 0.534856 0.277749 -0.797988 -2.99257
10 70 10 0.617863 0.320742 -0.717893 -2.99219
10 70 20 0.606823 0.360546 -0.708359 -2.99356
10 70 30 0.538758 0.351057 -0.765832 -2.99197
10 70 40 0.541391 0.392292 -0.743642 -2.9932
10 70 50 0.507993 0.30663 -0.804935 -2.99445
10 70 60 0.511656 0.253937 -0.820807 -2.99489
10 70 70 0.519572 0.238631 -0.820427 -2.99851
10 70 80 0.523337 0.216159 -0.824254 -2.99464
10 70 90 0.593737 0.256091 -0.76282 -2.9909
10 80 0 0.627796 0.307055 -0.715255 -2.9911
10 80 10 0.616176 0.314785 -0.721968 -2.98688
10 80 20 0.507821 0.390044 -0.768104 -2.98808
10 80 30 0.509552 0.320288 -0.798606 -2.99594
10 80 40 0.497732 0.299633 -0.81393 -2.99385
10 80 50 0.498248 0.228442 -0.836399 -2.99468
10 80 60 0.54505 0.205231 -0.812896 -2.99591
10 80 70 0.576725 0.239941 -0.780908 -2.99342
10 80 80 0.576064 0.28653 -0.76554 -2.99106
10 80 90 0.538701 0.306524 -0.784758 -2.99283
10 90 0 0.516898 0.315569 -0.795759 -2.99578
10 90 10 0.510515 0.323547 -0.796675 -2.99573
10 90 20 0.469056 0.284744 -0.836007 -2.99562
10 90 30 0.486637 0.230497 -0.842648 -2.99632
10 90 40 0.539139 0.251939 -0.803652 -2.99411
10 90 50 0.591111 0.316441 -0.741925 -2.9909
10 90 60 0.590403 0.324138 -0.739161 -2.99683
10 90 70 0.565121 0.351279 -0.746486 -2.99563
10 90 80 0.504652 0.35471 -0.787088 -2.99476
10 90 90 0.474722 0.307128 -0.82481 -2.99745
20 0 0 0.470404 0.302724 -0.828902 -2.99666
20 0 10 0.511497 0.234761 -0.826594 -2.99674
20 0 20 0.551692 0.249579 -0.795831 -2.99431
20 0 30 0.591065 0.347156 -0.728096 -2.99269
20 0 40 0.579695 0.362063 -0.729975 -2.99725
20 0 50 0.575128 0.339012 -0.744512 -2.99242
20 0 60 0.515971 0.356759 -0.778779 -2.99548
20 0 70 0.483578 0.336688 -0.807956 -2.99783
20 0 80 0.495771 0.263322 -0.82757 -2.99533
20 0 90 0.540524 0.248963 -0.803649 -2.99529
20 10 0 0.562529 0.265275 -0.783065 -2.99559
20 10 10 0.568316 0.33578 -0.751178 -2.99531
20 10 20 0.519408 0.377781 -0.766483 -2.99329
20 10 30 0.531708 0.429601 -0.729883 -2.99292
20 10 40 0.486845 0.38267 -0.785204 -2.9942
20 10 50 0.490676 0.327798 -0.807332 -2.99711
20 10 60 0.477261 0.296142 -0.827358 -2.99685
20 10 70 0.501217 0.276792 -0.819858 -2.99515
20 10 80 0.573983 0.273593 -0.77181 -2.99233
20 10 90 0.579264 0.336979 -0.742226 -2.99475
20 20 0 0.52079 0.366638 -0.770944 -2.99249
20 20 10 0.521265 0.385919 -0.76115 -2.99472
20 20 20 0.548015 0.375701 -0.747347 -2.99086
20 20 30 0.469758 0.345392 -0.812424 -2.99484
20 20 40 0.481265 0.313928 -0.818433 -2.99565
20 20 50 0.497605 0.277104 -0.821951 -2.99506
20 20 60 0.548329 0.265457 -0.793012 -2.99437
20 20 70 0.553323 0.331552 -0.764138 -2.99429
20 20 80 0.600458 0.395952 -0.694746 -2.98873
20 20 90 0.560891 0.418134 -0.714538 -2.99478
20 30 0 0.522883 0.452375 -0.722461 -2.99107
20 30 10 0.481666 0.377387 -0.790935 -2.99433
20 30 20 0.429276 0.354662 -0.830625 -2.9916
20 30 30 0.487018 0.325369 -0.810523 -2.99378
20 30 40 0.492703 0.304424 -0.815212 -2.99228
20 30 50 0.589526 0.347648 -0.729109 -2.99082
20 30 60 0.576093 0.362648 -0.732532 -2.99477
20 30 70 0.559984 0.374085 -0.739242 -2.99737
20 30 80 0.507954 0.408705 -0.75825 -2.99401
20 30 90 0.481638 0.338206 -0.808481 -2.99354
20 40 0 0.484466 0.365094 -0.794984 -2.99318
20 40 10 0.500667 0.289992 -0.815621 -2.99393
20 40 20 0.507183 0.283294 -0.813947 -2.99459
20 40 30 0.546457 0.347295 -0.762083 -2.99099
20 40 40 0.564432 0.404072 -0.719821 -2.99434
20 40 50 0.567778 0.397931 -0.72061 -2.99499
20 40 60 0.513009 0.3864 -0.766496 -2.99554
20 40 70 0.508579 0.361409 -0.781493 -2.99726
20 40 80 0.488497 0.345995 -0.801036 -2.99515
20 40 90 0.438652 0.309049 -0.843844 -2.98912
20 50 0 0.536126 0.276123 -0.797699 -2.9915
20 50 10 0.578601 0.348454 -0.737428 -2.98988
20 50 20 0.54063 0.432229 -0.721732 -2.98728
20 50 30 0.515011 0.414085 -0.750532 -2.99249
20 50 40 0.470372 0.396817 -0.788218 -2.99548
20 50 50 0.463389 0.4009 -0.790285 -2.9935
20 50 60 0.444876 0.331074 -0.832151 -2.99435
20 50 70 0.484396 0.293958 -0.823984 -2.99583
20 50 80 0.489158 0.276089 -0.827345 -2.99112
20 50 90 0.522656 0.368445 -0.768816 -2.99253
20 60 0 0.546137 0.367411 -0.752823 -2.99445
20 60 10 0.515424 0.37215 -0.771908 -2.99424
20 60 20 0.486011 0.427573 -0.762217 -2.99324
20 60 30 0.473863 0.33683 -0.813633 -2.99301
20 60 40 0.46006 0.307041 -0.833109 -2.99715
20 60 50 0.52224 0.265545 -0.810402 -2.99294
20 60 60 0.559011 0.301279 -0.772488 -2.99208
20 60 70 0.545909 0.394691 -0.739055 -2.99528
20 60 80 0.561991 0.40418 -0.721668 -2.99464
20 60 90 0.502898 0.429536 -0.750061 -2.99171
20 70 0 0.533815 0.432935 -0.726367 -2.99136
20 70 10 0.458896 0.37757 -0.804273 -2.9926
20 70 20 0.447545 0.325899 -0.832762 -2.9969
20 70 30 0.481218 0.327319 -0.813198 -2.99422
20 70 40 0.531143 0.32878 -0.780891 -2.9949
20 70 50 0.542924 0.376456 -0.750676 -2.99503
20 70 60 0.483698 0.453236 -0.748741 -2.99113
20 70 70 0.531557 0.474479 -0.701653 -2.99409
20 70 80 0.531021 0.416709 -0.737814 -2.99501
20 70 90 0.516829 0.357066 -0.778069 -2.98907
20 80 0 0.459097 0.335461 -0.822615 -2.99741
20 80 10 0.476165 0.346391 -0.808258 -2.99685
20 80 20 0.507879 0.378952 -0.773598 -2.99215
20 80 30 0.556043 0.414353 -0.720505 -2.99487
20 80 40 0.53258 0.425566 -0.731609 -2.99574
20 80 50 0.578616 0.429652 -0.693255 -2.98714
20 80 60 0.511729 0.450351 -0.731654 -2.98747
20 80 70 0.435785 0.34713 -0.830417 -2.98733
20 80 80 0.474719 0.352799 -0.806334 -2.99767
20 80 90 0.464254 0.328411 -0.822566 -2.99615
20 90 0 0.50293 0.338174 -0.795424 -2.9953
20 90 10 0.54921 0.371399 -0.74862 -2.99448
20 90 20 0.506278 0.446597 -0.737722 -2.99384
20 90 30 0.496645 0.47261 -0.727999 -2.9922
20 90 40 0.460198 0.485392 -0.743379 -2.99336
20 90 50 0.498961 0.385267 -0.776278 -2.99292
20 90 60 0.43868 0.350074 -0.827652 -2.99616
20 90 70 0.413897 0.360144 -0.836053 -2.99411
20 90 80 0.495379 0.355855 -0.792444 -2.99585
20 90 90 0.507123 0.392611 -0.767256 -2.99361
30 0 0 0.507139 0.455518 -0.731651 -2.99072
30 0 10 0.539571 0.378027 -0.752302 -2.99032
30 0 20 0.465208 0.471816 -0.74898 -2.99367
30 0 30 0.466105 0.424022 -0.7765 -2.99331
30 0 40 0.461581 0.395417 -0.794096 -2.9947
30 0 50 0.422252 0.326385 -0.845681 -2.99433
30 0 60 0.462894 0.350862 -0.814018 -2.99092
30 0 70 0.550513 0.421551 -0.720576 -2.99082
30 0 80 0.566984 0.384867 -0.728291 -2.99377
30 0 90 0.551159 0.415598 -0.723535 -2.99437
30 10 0 0.490508 0.470739 -0.733353 -2.98912
30 10 10 0.476614 0.384889 -0.79038 -2.99546
30 10 20 0.430878 0.341278 -0.835388 -2.9957
30 10 30 0.424962 0.345245 -0.836787 -2.99573
30 10 40 0.503586 0.325476 -0.800291 -2.99127
30 10 50 0.556498 0.410579 -0.722312 -2.99316
30 10 60 0.530406 0.435886 -0.727099 -2.9965
30 10 70 0.528951 0.38939 -0.754047 -2.99736
30 10 80 0.47983 0.39704 -0.782383 -2.99593
30 10 90 0.453938 0.406528 -0.792891 -2.99577
30 20 0 0.376197 0.326367 -0.867157 -2.99111
30 20 10 0.432992 0.323208 -0.84146 -2.99624
30 20 20 0.485785 0.353833 -0.799259 -2.9942
30 20 30 0.55229 0.364388 -0.749798 -2.99197
30 20 40 0.588495 0.419357 -0.69124 -2.99306
30 20 50 0.582524 0.387113 -0.71471 -2.99005
30 20 60 0.498799 0.428659 -0.753293 -2.99208
30 20 70 0.426328 0.411934 -0.805329 -2.98897
30 20 80 0.421972 0.335773 -0.842138 -2.99589
30 20 90 0.459765 0.334502 -0.822633 -2.99432
30 30 0 0.524216 0.355838 -0.773678 -2.99406
30 30 10 0.516935 0.397487 -0.758144 -2.99609
30 30 20 0.565982 0.43964 -0.69741 -2.98976
30 30 30 0.504651 0.372221 -0.77896 -2.98615
30 30 40 0.532209 0.368693 -0.762115 -2.99376
30 30 50 0.46918 0.362738 -0.805165 -2.99491
30 30 60 0.444134 0.337202 -0.830084 -2.99793
30 30 70 0.467342 0.372973 -0.80155 -2.99738
30 30 80 0.478029 0.344855 -0.807814 -2.99541
30 30 90 0.511394 0.404756 -0.758056 -2.99484
30 40 0 0.461861 0.478061 -0.747089 -2.99243
30 40 10 0.498962 0.50021 -0.707691 -2.98771
30 40 20 0.493907 0.402777 -0.770602 -2.98967
30 40 30 0.427993 0.323797 -0.843787 -2.9891
30 40 40 0.483172 0.343423 -0.805361 -2.9967
30 40 50 0.450322 0.38337 -0.806373 -2.99741
30 40 60 0.482079 0.375923 -0.79138 -2.99655
30 40 70 0.531906 0.406545 -0.742831 -2.99646
30 40 80 0.503139 0.469794 -0.725359 -2.996
30 40 90 0.480857 0.517981 -0.70744 -2.98858
30 50 0 0.463399 0.427229 -0.776362 -2.99253
30 50 10 0.494827 0.342607 -0.798603 -2.99403
30 50 20 0.45304 0.323312 -0.830798 -2.99562
30 50 30 0.418118 0.370547 -0.829381 -2.99582
30 50 40 0.476771 0.358071 -0.802792 -2.99569
30 50 50 0.526651 0.40901 -0.745218 -2.99454
30 50 60 0.472117 0.463366 -0.749932 -2.99434
30 50 70 0.505052 0.477107 -0.719229 -2.99477
30 50 80 0.473112 0.440968 -0.7627 -2.99584
30 50 90 0.47231 0.36754 -0.801147 -2.99593
30 60 0 0.404302 0.3518 -0.844261 -2.9943
30 60 10 0.453452 0.35814 -0.81616 -2.99692
30 60 20 0.487488 0.382171 -0.785048 -2.99795
30 60 30 0.525828 0.390708 -0.755547 -2.99765
30 60 40 0.54659 0.43096 -0.717992 -2.99241
30 60 50 0.499744 0.406127 -0.76506 -2.99424
30 60 60 0.476939 0.44555 -0.757638 -2.9951
30 60 70 0.438193 0.404791 -0.802578 -2.99532
30 60 80 0.44637 0.405676 -0.79761 -2.99528
30 60 90 0.417272 0.343049 -0.841547 -2.99577
30 70 0 0.483225 0.368505 -0.794165 -2.99554
30 70 10 0.53872 0.396141 -0.74354 -2.99654
30 70 20 0.493662 0.370081 -0.78698 -2.98962
30 70 30 0.467775 0.44392 -0.764279 -2.99326
30 70 40 0.434143 0.429329 -0.791958 -2.9946
30 70 50 0.440641 0.365667 -0.819831 -2.99602
30 70 60 0.422978 0.36598 -0.828944 -2.99684
30 70 70 0.409976 0.326052 -0.851827 -2.99584
30 70 80 0.494659 0.362169 -0.790029 -2.99331
30 70 90 0.552286 0.406412 -0.72788 -2.99513
30 80 0 0.526383 0.431339 -0.732712 -2.99511
30 80 10 0.507371 0.38994 -0.768454 -2.99377
30 80 20 0.435727 0.393996 -0.809265 -2.99389
30 80 30 0.40847 0.407637 -0.816691 -2.99765
30 80 40 0.398566 0.313298 -0.861968 -2.99468
30 80 50 0.440507 0.32478 -0.836942 -2.99667
30 80 60 0.483809 0.376447 -0.790074 -2.99437
30 80 70 0.474013 0.430035 -0.768363 -2.98912
30 80 80 0.537934 0.418478 -0.731781 -2.99428
30 80 90 0.529972 0.373346 -0.761409 -2.99542
30 90 0 0.459722 0.382481 -0.801476 -2.99455
30 90 10 0.416048 0.327731 -0.848231 -2.99326
30 90 20 0.387049 0.354997 -0.850982 -2.99729
30 90 30 0.420569 0.342208 -0.840247 -2.99675
30 90 40 0.491589 0.308221 -0.814457 -2.99304
30 90 50 0.487307 0.379131 -0.786633 -2.99281
30 90 60 0.548389 0.452717 -0.703076 -2.99038
30 90 70 0.521037 0.416295 -0.74513 -2.99595
30 90 80 0.473033 0.403169 -0.783387 -2.99457
30 90 90 0.456773 0.340981 -0.821639 -2.99587
40 0 0 0.435264 0.363134 -0.823819 -2.99649
40 0 10 0.461143 0.332701 -0.822592 -2.99665
40 0 20 0.502794 0.367661 -0.782319 -2.99523
40 0 30 0.464979 0.408253 -0.785573 -2.99344
40 0 40 0.484648 0.481177 -0.730469 -2.99358
40 0 50 0.479226 0.431256 -0.764434 -2.99485
40 0 60 0.451336 0.459025 -0.76524 -2.99256
40 0 70 0.427314 0.366686 -0.826404 -2.9948
40 0 80 0.480732 0.365402 -0.797106 -2.99539
40 0 90 0.462384 0.339944 -0.818926 -2.99335
40 10 0 0.523604 0.401862 -0.751229 -2.99297
40 10 10 0.50353 0.430832 -0.748894 -2.99461
40 10 20 0.491566 0.448772 -0.746302 -2.99758
40 10 30 0.502714 0.436418 -0.746203 -2.99225
40 10 40 0.441494 0.451241 -0.775541 -2.99295
40 10 50 0.450463 0.350076 -0.821298 -2.99476
40 10 60 0.437756 0.379419 -0.815114 -2.99532
40 10 70 0.395287 0.344144 -0.851653 -2.99033
40 10 80 0.506017 0.376668 -0.77593 -2.99374
40 10 90 0.497589 0.360635 -0.78889 -2.99213
40 20 0 0.519086 0.471411 -0.712967 -2.98912
40 20 10 0.543078 0.420184 -0.726988 -2.99328
40 20 20 0.4595 0.40242 -0.791781 -2.994
40 20 30 0.449187 0.359766 -0.817801 -2.99883
40 20 40 0.43401 0.355269 -0.8279 -2.99824
40 20 50 0.433409 0.374003 -0.819926 -2.99353
40 20 60 0.490537 0.353135 -0.796661 -2.99667
40 20 70 0.489279 0.380986 -0.784509 -2.99613
40 20 80 0.525026 0.436664 -0.730529 -2.99583
40 20 90 0.519721 0.449314 -0.726641 -2.993
40 30 0 0.48978 0.363695 -0.792365 -2.99202
40 30 10 0.450611 0.368054 -0.813318 -2.9975
40 30 20 0.433508 0.37267 -0.82048 -2.99637
40 30 30 0.413027 0.348334 -0.84147 -2.99684
40 30 40 0.438232 0.38071 -0.814256 -2.99422
40 30 50 0.5266 0.380484 -0.760213 -2.99354
40 30 60 0.520933 0.394255 -0.757094 -2.99706
40 30 70 0.496203 0.411717 -0.764377 -2.99634
40 30 80 0.468189 0.417537 -0.778757 -2.99557
40 30 90 0.404593 0.384672 -0.829658 -2.99528
40 40 0 0.438168 0.340088 -0.832075 -2.99652
40 40 10 0.401468 0.320806 -0.857851 -2.99664
40 40 20 0.443754 0.366783 -0.81765 -2.99444
40 40 30 0.501188 0.376003 -0.779379 -2.99538
40 40 40 0.522316 0.400781 -0.752702 -2.99623
40 40 50 0.484495 0.379043 -0.78841 -2.99642
40 40 60 0.468086 0.433024 -0.770316 -2.99248
40 40 70 0.404829 0.425634 -0.80929 -2.99143
40 40 80 0.386605 0.333378 -0.859881 -2.98905
40 40 90 0.415773 0.294143 -0.860588 -2.9938
40 50 0 0.4302 0.342048 -0.835422 -2.98983
40 50 10 0.490051 0.327511 -0.807828 -2.99117
40 50 20 0.527682 0.34364 -0.776829 -2.99032
40 50 30 0.515237 0.362808 -0.776467 -2.99406
40 50 40 0.454272 0.365955 -0.812228 -2.98704
40 50 50 0.416127 0.31628 -0.852528 -2.98889
40 50 60 0.415721 0.358038 -0.836053 -2.99134
40 50 70 0.424539 0.334893 -0.841198 -2.99279
40 50 80 0.480607 0.314276 -0.818686 -2.99164
40 50 90 0.503315 0.377545 -0.77726 -2.99082
40 60 0 0.523667 0.375989 -0.764464 -2.99065
40 60 10 0.529818 0.395597 -0.750197 -2.99045
40 60 20 0.489103 0.360679 -0.794159 -2.99294
40 60 30 0.458425 0.338132 -0.821896 -2.99466
40 60 40 0.432878 0.299445 -0.850264 -2.99413
40 60 50 0.429146 0.299652 -0.852081 -2.99323
40 60 60 0.498523 0.32433 -0.803919 -2.98999
40 60 70 0.515811 0.343279 -0.784919 -2.99005
40 60 80 0.53133 0.423662 -0.73362 -2.98499
40 60 90 0.471621 0.37919 -0.796108 -2.99087
40 70 0 0.459526 0.388512 -0.798683 -2.99317
40 70 10 0.450104 0.314406 -0.835796 -2.99484
40 70 20 0.442326 0.303244 -0.844032 -2.99373
40 70 30 0.474573 0.271787 -0.837205 -2.99494
40 70 40 0.506578 0.335332 -0.794312 -2.99041
40 70 50 0.562847 0.360538 -0.743784 -2.98834
40 70 60 0.498752 0.390597 -0.773745 -2.98727
40 70 70 0.461295 0.349433 -0.815539 -2.98986
40 70 80 0.482519 0.381696 -0.788342 -2.9922
40 70 90 0.471869 0.297369 -0.830007 -2.99513
40 80 0 0.439309 0.304451 -0.845173 -2.99252
40 80 10 0.45063 0.307372 -0.838126 -2.99105
40 80 20 0.481954 0.38796 -0.785626 -2.98498
40 80 30 0.497549 0.377151 -0.781154 -2.99055
40 80 40 0.511291 0.370804 -0.775297 -2.98899
40 80 50 0.51912 0.380952 -0.765108 -2.99375
40 80 60 0.493368 0.37405 -0.785286 -2.99367
40 80 70 0.458471 0.340131 -0.821045 -2.99326
40 80 80 0.432913 0.296428 -0.851303 -2.99161
40 80 90 0.504311 0.270779 -0.819969 -2.98944
40 90 0 0.515637 0.314182 -0.797125 -2.9947
40 90 10 0.519604 0.340906 -0.783451 -2.99408
40 90 20 0.510703 0.384203 -0.769136 -2.99127
40 90 30 0.530508 0.375134 -0.760155 -2.99153
40 90 40 0.439147 0.366638 -0.820199 -2.98704
40 90 50 0.45914 0.316713 -0.82999 -2.99272
40 90 60 0.414668 0.287941 -0.863215 -2.99304
40 90 70 0.459717 0.286298 -0.840651 -2.99479
40 90 80 0.453955 0.327124 -0.828803 -2.99162
40 90 90 0.501827 0.292698 -0.81394 -2.99137
50 0 0 0.477662 0.353635 -0.804227 -2.99015
50 0 10 0.519846 0.342869 -0.782433 -2.9938
50 0 20 0.462889 0.364905 -0.807823 -2.99177
50 0 30 0.458329 0.369251 -0.808448 -2.98825
50 0 40 0.398232 0.31503 -0.861491 -2.99152
50 0 50 0.42824 0.281239 -0.858787 -2.99655
50 0 60 0.42271 0.303146 -0.85406 -2.98988
50 0 70 0.486704 0.357275 -0.797166 -2.98692
50 0 80 0.48045 0.34516 -0.806246 -2.99077
50 0 90 0.510369 0.343098 -0.788547 -2.99478
50 10 0 0.446437 0.337455 -0.828745 -2.98976
50 10 10 0.448142 0.361539 -0.817593 -2.99094
50 10 20 0.449061 0.209013 -0.868711 -2.99235
50 10 30 0.466197 0.188906 -0.864277 -2.99444
50 10 40 0.469425 0.234348 -0.851306 -2.98951
50 10 50 0.513429 0.254531 -0.819515 -2.99493
50 10 60 0.542527 0.249138 -0.802243 -2.99642
50 10 70 0.507554 0.267228 -0.819132 -2.99311
50 10 80 0.502334 0.279873 -0.818127 -2.99303
50 10 90 0.454356 0.176744 -0.873111 -2.98943
50 20 0 0.432439 0.182642 -0.882971 -2.98677
50 20 10 0.487126 0.248931 -0.837103 -2.99415
50 20 20 0.52087 0.211301 -0.827071 -2.99424
50 20 30 0.557001 0.241724 -0.794556 -2.99189
50 20 40 0.573208 0.273812 -0.772308 -2.99186
50 20 50 0.518896 0.265352 -0.81261 -2.99184
50 20 60 0.511108 0.274219 -0.814599 -2.99514
50 20 70 0.47261 0.233653 -0.849733 -2.99439
50 20 80 0.466679 0.259705 -0.845437 -2.99556
50 20 90 0.511327 0.229609 -0.828145 -2.99368
50 30 0 0.549222 0.224698 -0.804901 -2.9917
50 30 10 0.591582 0.238759 -0.770081 -2.99187
50 30 20 0.605513 0.283546 -0.74361 -2.98871
50 30 30 0.533526 0.327638 -0.779746 -2.99305
50 30 40 0.508472 0.319996 -0.799412 -2.99099
50 30 50 0.485528 0.274732 -0.829931 -2.99639
50 30 60 0.444431 0.240285 -0.862986 -2.99478
50 30 70 0.471991 0.235836 -0.849474 -2.99266
50 30 80 0.541512 0.226999 -0.809467 -2.99103
50 30 90 0.578825 0.293213 -0.760912 -2.9959
50 40 0 0.614326 0.295649 -0.73157 -2.99062
50 40 10 0.566049 0.277487 -0.776267 -2.99176
50 40 20 0.519864 0.283665 -0.805776 -2.99481
50 40 30 0.48509 0.261945 -0.83431 -2.99427
50 40 40 0.502435 0.194525 -0.842448 -2.99444
50 40 50 0.495677 0.23266 -0.836764 -2.99393
50 40 60 0.540771 0.258662 -0.800413 -2.99018
50 40 70 0.594465 0.241392 -0.767034 -2.99032
50 40 80 0.580726 0.277654 -0.765288 -2.99466
50 40 90 0.566584 0.295691 -0.769122 -2.99447
50 50 0 0.568509 0.313341 -0.760668 -2.99152
50 50 10 0.477227 0.26175 -0.838893 -2.99087
50 50 20 0.46052 0.197345 -0.865434 -2.99469
50 50 30 0.513056 0.226156 -0.828026 -2.99676
50 50 40 0.531514 0.256508 -0.807277 -2.99334
50 50 50 0.533239 0.2747 -0.800123 -2.98964
50 50 60 0.605479 0.243411 -0.757725 -2.98969
50 50 70 0.582985 0.313149 -0.749711 -2.99239
50 50 80 0.525314 0.260555 -0.810035 -2.99124
50 50 90 0.46024 0.275149 -0.844081 -2.98913
50 60 0 0.46862 0.219399 -0.855722 -2.99544
50 60 10 0.486396 0.255643 -0.835503 -2.9944
50 60 20 0.498479 0.239576 -0.83314 -2.99522
50 60 30 0.522658 0.238104 -0.818618 -2.99416
50 60 40 0.580115 0.256415 -0.773122 -2.99046
50 60 50 0.564135 0.272645 -0.779369 -2.99465
50 60 60 0.513013 0.275202 -0.813069 -2.99251
50 60 70 0.48069 0.264146 -0.83616 -2.99238
50 60 80 0.465043 0.211458 -0.859663 -2.99452
50 60 90 0.45346 0.202756 -0.867908 -2.99537
50 70 0 0.492614 0.207163 -0.845231 -2.99507
50 70 10 0.525078 0.253942 -0.812284 -2.9921
50 70 20 0.551676 0.243452 -0.797737 -2.99351
50 70 30 0.538645 0.266067 -0.799419 -2.99577
50 70 40 0.492871 0.266847 -0.828173 -2.99424
50 70 50 0.464535 0.266487 -0.844507 -2.99266
50 70 60 0.455737 0.20525 -0.866127 -2.99881
50 70 70 0.463636 0.196529 -0.863955 -2.99619
50 70 80 0.530062 0.212267 -0.820961 -2.99651
50 70 90 0.562725 0.19472 -0.803383 -2.99552
50 80 0 0.56541 0.244127 -0.787854 -2.99495
50 80 10 0.565975 0.265529 -0.780491 -2.99524
50 80 20 0.534301 0.268845 -0.801402 -2.99395
50 80 30 0.468445 0.260126 -0.844331 -2.997
50 80 40 0.504247 0.190531 -0.842278 -2.99694
50 80 50 0.495468 0.200573 -0.845152 -2.99713
50 80 60 0.533521 0.18832 -0.824555 -2.9937
50 80 70 0.569865 0.238512 -0.786362 -2.99478
50 80 80 0.550743 0.272394 -0.788977 -2.99585
50 80 90 0.568704 0.299318 -0.766149 -2.9948
50 90 0 0.518598 0.305806 -0.79846 -2.99534
50 90 10 0.490951 0.228591 -0.840663 -2.99487
50 90 20 0.490808 0.240418 -0.837441 -2.99841
50 90 30 0.512618 0.228201 -0.827736 -2.996
50 90 40 0.598554 0.224296 -0.769041 -2.99397
50 90 50 0.589408 0.288555 -0.754542 -2.9961
50 90 60 0.570013 0.303421 -0.763558 -2.99611
50 90 70 0.548407 0.305851 -0.77827 -2.99339
50 90 80 0.505449 0.309704 -0.80536 -2.99691
50 90 90 0.474008 0.252643 -0.843497 -2.99416
60 0 0 0.483982 0.204549 -0.850836 -2.99573
60 0 10 0.534056 0.23374 -0.812496 -2.99752
60 0 20 0.597137 0.234506 -0.767095 -2.99577
60 0 30 0.627803 0.24004 -0.740435 -2.99241
60 0 40 0.602453 0.247107 -0.758939 -2.98989
60 0 50 0.592871 0.343584 -0.728323 -2.99193
60 0 60 0.514895 0.341436 -0.786323 -2.99645
60 0 70 0.470043 0.254173 -0.845255 -2.99315
60 0 80 0.503329 0.21259 -0.837535 -2.99638
60 0 90 0.513022 0.219301 -0.829889 -2.99779
60 10 0 0.550862 0.223292 -0.804172 -2.99603
60 10 10 0.615443 0.295744 -0.730592 -2.99582
60 10 20 0.612892 0.311173 -0.726316 -2.99606
60 10 30 0.600089 0.323709 -0.731509 -2.99407
60 10 40 0.555121 0.319337 -0.768026 -2.99381
60 10 50 0.507122 0.287576 -0.812482 -2.99183
60 10 60 0.52046 0.265464 -0.811573 -2.99314
60 10 70 0.489431 0.185772 -0.852025 -2.99519
60 10 80 0.545238 0.278964 -0.790503 -2.99351
60 10 90 0.622591 0.24007 -0.744814 -2.99328
60 20 0 0.611055 0.305799 -0.730136 -2.99446
60 20 10 0.559274 0.344002 -0.754238 -2.99354
60 20 20 0.540213 0.325832 -0.775889 -2.99362
60 20 30 0.509187 0.265718 -0.81861 -2.99464
60 20 40 0.472569 0.18429 -0.86181 -2.99302
60 20 50 0.520592 0.204349 -0.82899 -2.99753
60 20 60 0.527899 0.189658 -0.82786 -2.9969
60 20 70 0.577909 0.223617 -0.784867 -2.99304
60 20 80 0.620383 0.236624 -0.747752 -2.99251
60 20 90 0.549183 0.299151 -0.780325 -2.99128
60 30 0 0.530575 0.29578 -0.794358 -2.99328
60 30 10 0.48979 0.262959 -0.831239 -2.99542
60 30 20 0.486518 0.204349 -0.849436 -2.99337
60 30 30 0.500852 0.218769 -0.837429 -2.99845
60 30 40 0.503878 0.177294 -0.845384 -2.9967
60 30 50 0.548977 0.233785 -0.802477 -2.99539
60 30 60 0.577211 0.270562 -0.77047 -2.9942
60 30 70 0.536286 0.248809 -0.80653 -2.99498
60 30 80 0.495561 0.263806 -0.827542 -2.99457
60 30 90 0.463746 0.299842 -0.833688 -2.99413
60 40 0 0.46935 0.21155 -0.857296 -2.99547
60 40 10 0.474228 0.234958 -0.848471 -2.99689
60 40 20 0.520083 0.224446 -0.824098 -2.99468
60 40 30 0.591525 0.241938 -0.769132 -2.9925
60 40 40 0.593366 0.291061 -0.750466 -2.99488
60 40 50 0.567508 0.346533 -0.746893 -2.9928
60 40 60 0.508806 0.327415 -0.796188 -2.99705
60 40 70 0.466329 0.233285 -0.853297 -2.99286
60 40 80 0.466399 0.26202 -0.844877 -2.99739
60 40 90 0.539104 0.244633 -0.805929 -2.99518
60 50 0 0.566833 0.232916 -0.790222 -2.99522
60 50 10 0.578698 0.269083 -0.769872 -2.9949
60 50 20 0.580747 0.333231 -0.742758 -2.99704
60 50 30 0.525505 0.374897 -0.763739 -2.99572
60 50 40 0.53272 0.331896 -0.778495 -2.99636
60 50 50 0.477947 0.279211 -0.832831 -2.99551
60 50 60 0.498341 0.267636 -0.824637 -2.99721
60 50 70 0.533701 0.226673 -0.814728 -2.99577
60 50 80 0.604053 0.273701 -0.74847 -2.9926
60 50 90 0.62142 0.324474 -0.71313 -2.99434
60 60 0 0.581988 0.35103 -0.733531 -2.99532
60 60 10 0.566336 0.368863 -0.737024 -2.99399
60 60 20 0.527487 0.358285 -0.770318 -2.99614
60 60 30 0.493692 0.315607 -0.810346 -2.99769
60 60 40 0.522844 0.258962 -0.812141 -2.99569
60 60 50 0.543904 0.223805 -0.808752 -2.99648
60 60 60 0.564947 0.278793 -0.776601 -2.99441
60 60 70 0.569929 0.301466 -0.764394 -2.99592
60 60 80 0.531599 0.365329 -0.764158 -2.9904
60 60 90 0.523916 0.429214 -0.735723 -2.99059
60 70 0 0.505292 0.412824 -0.757797 -2.99087
60 70 10 0.507078 0.319188 -0.800619 -2.99636
60 70 20 0.465328 0.268103 -0.843558 -2.99054
60 70 30 0.530397 0.222756 -0.81796 -2.99824
60 70 40 0.576508 0.251458 -0.777437 -2.99538
60 70 50 0.605011 0.295087 -0.739517 -2.9944
60 70 60 0.574438 0.39045 -0.719424 -2.99477
60 70 70 0.514371 0.388998 -0.764267 -2.98934
60 70 80 0.552668 0.389719 -0.736666 -2.99451
60 70 90 0.515871 0.316969 -0.795869 -2.99175
60 80 0 0.477653 0.252902 -0.841361 -2.99062
60 80 10 0.524556 0.238642 -0.817246 -2.99637
60 80 20 0.540912 0.236213 -0.807228 -2.99225
60 80 30 0.589811 0.311958 -0.744852 -2.99495
60 80 40 0.610585 0.333939 -0.718102 -2.99526
60 80 50 0.60246 0.342669 -0.720847 -2.99524
60 80 60 0.522158 0.387472 -0.759748 -2.99422
60 80 70 0.536144 0.277468 -0.797221 -2.99103
60 80 80 0.496368 0.281751 -0.821118 -2.99663
60 80 90 0.511894 0.204874 -0.834261 -2.99669
60 90 0 0.505421 0.211974 -0.836431 -2.99228
60 90 10 0.562883 0.284442 -0.776051 -2.99086
60 90 20 0.596837 0.279129 -0.752245 -2.99152
60 90 30 0.580499 0.353782 -0.733389 -2.99334
60 90 40 0.514921 0.379409 -0.768704 -2.99032
60 90 50 0.507637 0.305581 -0.805559 -2.99546
60 90 60 0.500591 0.29124 -0.815222 -2.99454
60 90 70 0.504486 0.237266 -0.83018 -2.99505
60 90 80 0.544697 0.249596 -0.80063 -2.99538
60 90 90 0.560403 0.2696 -0.783112 -2.9927
70 0 0 0.586846 0.313999 -0.746335 -2.99099
70 0 10 0.584617 0.325672 -0.743075 -2.99162
70 0 20 0.52314 0.365713 -0.769791 -2.99447
70 0 30 0.445472 0.312374 -0.839034 -2.99268
70 0 40 0.486932 0.26047 -0.833698 -2.99487
70 0 50 0.490489 0.234986 -0.839168 -2.99684
70 0 60 0.559132 0.236054 -0.794764 -2.99308
70 0 70 0.540853 0.295253 -0.787594 -2.9911
70 0 80 0.553412 0.354578 -0.753664 -2.99639
70 0 90 0.515024 0.398078 -0.759134 -2.99034
70 10 0 0.523289 0.360847 -0.771984 -2.99396
70 10 10 0.45265 0.323203 -0.831052 -2.99607
70 10 20 0.471942 0.344564 -0.811509 -2.9897
70 10 30 0.502798 0.233226 -0.832346 -2.99633
70 10 40 0.536962 0.282624 -0.794856 -2.99506
70 10 50 0.644135 0.283642 -0.710379 -2.98317
70 10 60 0.56532 0.328791 -0.756511 -2.99628
70 10 70 0.527364 0.367307 -0.766142 -2.99497
70 10 80 0.522933 0.380623 -0.762671 -2.99512
70 10 90 0.454733 0.344189 -0.821433 -2.99596
70 20 0 0.495028 0.281866 -0.821887 -2.9966
70 20 10 0.542377 0.244879 -0.803655 -2.99485
70 20 20 0.551149 0.270324 -0.789405 -2.99534
70 20 30 0.539054 0.35553 -0.763557 -2.99297
70 20 40 0.529682 0.40434 -0.745618 -2.99378
70 20 50 0.536982 0.42251 -0.730162 -2.99349
70 20 60 0.4728 0.368187 -0.800561 -2.99115
70 20 70 0.438552 0.354509 -0.82583 -2.99221
70 20 80 0.477788 0.25442 -0.840827 -2.99419
