Position_x Position_y Position_z Spin_x Spin_y Spin_z Spin_energy Temperature n_spins
0 0 0 0.0478022 0.0971231 -0.994124 -2.82072 0.351 729
1 0 0 -0.070733 -0.020086 -0.997293 -2.95698
2 0 0 0.0214058 -0.146133 -0.989033 -2.82189
0 1 0 0.386083 0.340533 -0.857308 -2.60382
1 1 0 0.0475449 -0.0645382 -0.996782 -2.61174
2 1 0 0.0456002 0.115987 -0.992203 -2.86919
0 2 0 -0.0228458 -0.147662 -0.988774 -2.4759
1 2 0 0.485948 0.596922 -0.638388 -1.93861
2 2 0 0.141255 0.301554 -0.942928 -2.60373
0 0 1 0.359144 -0.376353 -0.854034 -2.67519
1 0 1 0.0529697 -0.0595075 -0.996821 -2.8111
2 0 1 0.0197148 -0.00378732 -0.999798 -2.94472
0 1 1 -0.0135379 0.00701974 -0.999884 -2.61792
1 1 1 0.319668 -0.420288 -0.849217 -2.57788
2 1 1 0.173163 0.287083 -0.942124 -2.5066
0 2 1 0.601218 -0.230837 -0.765017 -2.36346
1 2 1 -0.0154309 0.0568423 -0.998264 -2.59461
2 2 1 -0.159593 -0.14503 -0.976471 -2.69144
0 0 2 0.125182 -0.049843 -0.990881 -2.81841
1 0 2 -0.354434 -0.376065 -0.856126 -2.58885
2 0 2 -0.0530041 -0.14107 -0.98858 -2.86537
0 1 2 -0.146032 0.0157651 -0.989154 -2.85847
1 1 2 0.154416 -0.371481 -0.915509 -2.78758
2 1 2 0.0386652 -0.264855 -0.963513 -2.67312
0 2 2 0.115535 -0.161235 -0.98013 -2.87011
1 2 2 0.030242 -0.00298621 -0.999538 -2.92501
2 2 2 -0.00203808 -0.00368173 -0.999991 -2.92575
3 0 0 -0.0560284 -0.0926216 -0.994124 -2.8698
4 0 0 0.0591384 -0.043695 -0.997293 -2.63209
5 0 0 0.255724 -0.69099 -0.67612 -1.79586
3 1 0 0.506487 0.0921616 -0.857308 -2.47546
4 1 0 -0.0801451 0.00157056 -0.996782 -2.71145
5 1 0 0.045832 0.115896 -0.992203 -2.71994
3 2 0 0.00661255 -0.149272 -0.988774 -2.58134
4 2 0 -0.679214 -0.362117 -0.638388 -2.07199
5 2 0 0.0778369 -0.0199311 -0.996767 -2.7532
3 0 1 0.0195615 0.141702 -0.989716 -2.84067
4 0 1 0.0782535 0.0149436 -0.996821 -2.86968
5 0 1 0.0783271 -0.463519 -0.882618 -2.64297
3 1 1 0.28823 -0.507635 -0.81193 -2.32091
4 1 1 -0.0835672 -0.0243023 -0.996206 -2.84098
5 1 1 -0.23358 -0.240505 -0.942124 -2.8152
3 2 1 -0.253249 -0.592127 -0.765017 -2.37627
4 2 1 -0.0437081 0.0394812 -0.998264 -2.58824
5 2 1 -0.208039 -0.0567755 -0.976471 -2.79797
3 0 2 0.0542141 0.123352 -0.990881 -2.384
4 0 2 0.480164 0.191026 -0.856126 -2.51593
5 0 2 0.0492967 0.142408 -0.98858 -2.79331
3 1 2 -0.0061524 -0.911915 -0.410333 -1.30478
4 1 2 -0.361646 0.176223 -0.915509 -2.21132
5 1 2 0.149301 -0.222155 -0.963513 -2.78516
3 2 2 0.198312 -0.00417322 -0.98013 -2.51145
4 2 2 0.00378747 -0.0301522 -0.999538 -2.91657
5 2 2 0.00258285 0.00332232 -0.999991 -2.92568
6 0 0 -0.0954838 0.0509979 -0.994124 -2.7551
7 0 0 0.0718865 0.0154576 -0.997293 -2.87618
8 0 0 0.013945 0.267805 -0.963372 -2.73182
6 1 0 -0.0423731 -0.0561257 -0.997524 -2.63796
7 1 0 -0.0729985 0.0331198 -0.996782 -2.6853
8 1 0 0.294377 -0.064012 -0.953543 -2.60346
6 2 0 0.135534 0.0628992 -0.988774 -2.78654
7 2 0 -0.223646 0.736508 -0.638388 -2.16645
8 2 0 -0.294493 0.15544 -0.942928 -2.52866
6 0 1 0.14101 0.0240455 -0.989716 -2.10487
7 0 1 0.0790443 -0.00994652 -0.996821 -2.7885
8 0 1 0.0658723 -0.421387 -0.904485 -2.58685
6 1 1 0.00770477 0.0131601 -0.999884 -2.87167
7 1 1 -0.510834 0.133711 -0.849217 -2.63936
8 1 1 -0.237927 0.236205 -0.942124 -2.63425
6 2 1 0.155726 -0.0863868 -0.984016 -2.92414
7 2 1 -0.0028632 0.05883 -0.998264 -2.64618
8 2 1 -0.00821164 -0.215491 -0.976471 -2.68434
6 0 2 -0.506052 -0.840083 0.195378 0.411821
7 0 2 0.0733066 -0.511541 -0.856126 -2.11773
8 0 2 -0.149723 0.017128 -0.98858 -2.75157
6 1 2 0.0802998 -0.122987 -0.989154 -2.23451
7 1 2 -0.205055 0.346114 -0.915509 -2.44615
8 1 2 0.085608 0.253603 -0.963513 -2.61441
6 2 2 0.180881 -0.0814064 -0.98013 -2.5219
7 2 2 -0.238505 -0.47284 -0.848256 -2.24536
8 2 2 0.0031736 -0.00276355 -0.999991 -2.7459
0 3 0 -0.106105 0.0214422 -0.994124 -2.81386
1 3 0 0.0696828 -0.0234713 -0.997293 -2.6736
2 3 0 -0.439227 -0.148712 -0.885982 -2.45458
0 4 0 -0.117305 -0.501261 -0.857308 -2.47302
1 4 0 0.0472311 0.0647683 -0.996782 -2.40562
2 4 0 0.117616 0.277348 -0.953543 -2.74433
0 5 0 -0.0784665 -0.127157 -0.988774 -2.68298
1 5 0 0.465888 0.450197 -0.761756 -2.07416
2 5 0 -0.169903 0.193617 -0.966253 -2.7083
0 3 1 0.113569 0.0869712 -0.989716 -2.79302
1 3 1 0.02124 0.076784 -0.996821 -2.80064
2 3 1 0.136667 -0.558518 -0.818156 -2.47226
0 4 1 -0.0148944 0.00327224 -0.999884 -2.6812
1 4 1 0.208343 0.485204 -0.849217 -2.61405
2 4 1 0.283491 -0.178983 -0.942124 -2.57
0 5 1 -0.543193 -0.417259 -0.728585 -2.18895
1 5 1 0.0510714 -0.0293407 -0.998264 -2.55198
2 5 1 0.0176353 0.214925 -0.976471 -2.81777
0 3 2 0.133857 0.0154052 -0.990881 -2.76464
1 3 2 0.335184 0.0555652 -0.940513 -2.80833
2 3 2 -0.144738 -0.0419675 -0.98858 -2.74779
0 4 2 0.0526283 0.137128 -0.989154 -2.54245
1 4 2 0.0611951 0.458411 -0.886631 -2.40124
2 4 2 0.138592 -0.228988 -0.963513 -2.80739
0 5 2 0.116303 0.160682 -0.98013 -2.62471
1 5 2 -0.0103515 -0.0285718 -0.999538 -2.76488
2 5 2 -0.00383762 0.00172674 -0.999991 -2.92464
3 3 0 -0.0384771 0.10118 -0.994124 -2.95151
4 3 0 0.0443519 0.0586473 -0.997293 -2.54068
5 3 0 0.134389 -0.232064 -0.963372 -2.82221
3 4 0 0.0525674 -0.0575592 -0.996957 -2.72217
4 4 0 -0.0451903 -0.0662083 -0.996782 -2.71351
5 4 0 -0.101187 -0.283755 -0.953543 -2.5003
3 5 0 0.14232 0.045508 -0.988774 -2.73623
4 5 0 0.646291 -0.0451175 -0.761756 -2.26096
5 5 0 0.0607571 0.675631 -0.734732 -1.89867
3 3 1 0.141455 -0.0212686 -0.989716 -2.53415
4 3 1 0.567537 0.0629485 -0.820938 -2.61267
5 3 1 0.39888 0.248757 -0.882618 -2.60754
3 4 1 0.83819 0.156892 -0.522325 -1.75367
4 4 1 0.180169 0.496356 -0.849217 -2.48156
5 4 1 0.0401034 0.332857 -0.942124 -2.63871
3 5 1 -0.125156 -0.126686 -0.984016 -2.56958
4 5 1 -0.0393049 0.0438667 -0.998264 -2.7657
5 5 1 0.215357 0.0111832 -0.976471 -2.56237
3 3 2 0.103476 0.0862992 -0.990881 -2.78408
4 3 2 0.237926 -0.242543 -0.940513 -2.8267
5 3 2 0.122774 -0.0873891 -0.98858 -2.89012
3 4 2 0.0711195 -0.128514 -0.989154 -2.6988
4 4 2 0.397861 -0.0595732 -0.915509 -2.75128
5 4 2 0.0214984 -0.266798 -0.963513 -2.82404
3 5 2 0.111701 0.163915 -0.98013 -2.88997
4 5 2 0.0155237 -0.0261249 -0.999538 -2.80132
5 5 2 -0.000166159 0.00420492 -0.999991 -2.82018
6 3 0 -0.0939636 0.0537474 -0.994124 -2.88556
7 3 0 -0.0490047 -0.0548192 -0.997293 -2.62889
8 3 0 0.447609 0.121167 -0.885982 -2.55183
6 4 0 -0.505767 -0.0960322 -0.857308 -2.62606
7 4 0 0.0738528 -0.0311683 -0.996782 -2.3896
8 4 0 0.300892 -0.0148168 -0.953543 -2.76171
6 5 0 -0.0387051 -0.144318 -0.988774 -2.48868
7 5 0 -0.401844 -0.508183 -0.761756 -2.46649
8 5 0 0.0288057 -0.0750071 -0.996767 -2.76768
6 3 1 -0.105333 -0.0967831 -0.989716 -2.77161
7 3 1 0.0789792 0.0104503 -0.996821 -2.8474
8 3 1 0.432373 -0.379044 -0.818156 -2.38469
6 4 1 -0.533253 0.23751 -0.81193 -2.54782
7 4 1 0.0793943 0.0356457 -0.996206 -2.79557
8 4 1 -0.159985 0.29463 -0.942124 -2.48744
6 5 1 -0.447334 0.518706 -0.728585 -2.30412
7 5 1 -0.0501162 -0.0309439 -0.998264 -2.65871
8 5 1 -0.161548 -0.327829 -0.930822 -2.55049
6 3 2 0.134489 -0.00822613 -0.990881 -2.77481
7 3 2 0.378382 0.351959 -0.856126 -2.26733
8 3 2 -0.146777 -0.0341561 -0.98858 -2.64393
6 4 2 0.00607364 -0.146755 -0.989154 -2.7165
7 4 2 -0.0615591 -0.397559 -0.915509 -2.61716
8 4 2 0.263097 -0.0492264 -0.963513 -2.53613
6 5 2 -0.180856 0.0814621 -0.98013 -2.87076
7 5 2 0.000258284 -0.030388 -0.999538 -2.81366
8 5 2 0.563763 -0.294442 -0.771671 -2.31936
0 6 0 0.0424553 -0.0995766 -0.994124 -2.74682
1 6 0 0.0787016 0.334423 -0.939131 -2.82819
2 6 0 0.249232 0.0989811 -0.963372 -2.83014
0 7 0 -0.331672 0.393721 -0.857308 -2.39065
1 7 0 -0.0800607 -0.00399853 -0.996782 -2.81964
2 7 0 0.275992 0.120764 -0.953543 -2.65721
0 8 0 -0.0852083 -0.122741 -0.988774 -2.80355
1 8 0 -0.017759 -0.0261775 -0.9995 -2.86858
2 8 0 -0.673623 -0.0800085 -0.734732 -2.05597
0 6 1 0.135187 0.0467593 -0.989716 -2.67657
1 6 1 0.123931 0.557407 -0.820938 -2.55527
2 6 1 0.4263 0.385861 -0.818156 -2.70298
0 7 1 -0.014624 -0.00432313 -0.999884 -2.64235
1 7 1 -0.0735471 0.0465284 -0.996206 -2.85348
2 7 1 0.0854513 0.324192 -0.942124 -2.79376
0 8 1 0.174172 -0.0371129 -0.984016 -2.91674
1 8 1 -0.0483455 -0.0336433 -0.998264 -2.96626
2 8 1 0.178159 -0.121503 -0.976471 -2.67881
0 6 2 -0.07932 -0.108918 -0.990881 -2.66881
1 6 2 0.285083 -0.184832 -0.940513 -2.64385
2 6 2 0.144471 -0.0428765 -0.98858 -2.85422
0 7 2 0.14058 -0.0425574 -0.989154 -2.81013
1 7 2 -0.0289878 0.401251 -0.915509 -2.65599
2 7 2 -0.257356 0.073563 -0.963513 -2.36579
0 8 2 0.198352 0.00120092 -0.98013 -2.95046
1 8 2 0.0294464 -0.00751039 -0.999538 -2.87047
2 8 2 -1.7111e-05 0.00420816 -0.999991 -2.82009
3 6 0 -0.108237 0.00161312 -0.994124 -2.92114
4 6 0 -0.0699303 0.0227235 -0.997293 -2.75157
5 6 0 -0.0196769 -0.146376 -0.989033 -2.62865
3 7 0 0.0231352 -0.0744389 -0.996957 -2.76372
4 7 0 -0.0494197 0.0631142 -0.996782 -2.72467
5 7 0 0.272848 -0.127709 -0.953543 -2.78756
3 8 0 -0.112391 0.0984589 -0.988774 -2.51166
4 8 0 -0.382333 -0.668044 -0.638388 -1.80546
5 8 0 -0.0337454 -0.0729183 -0.996767 -2.6662
3 6 1 -0.015024 0.142254 -0.989716 -2.88232
4 6 1 0.0784087 -0.0141067 -0.996821 -2.86171
5 6 1 0.402356 0.410768 -0.818156 -2.4186
3 7 1 -0.0151218 0.00197007 -0.999884 -2.9474
4 7 1 0.0856238 0.0155768 -0.996206 -2.88833
5 7 1 -0.230737 0.243233 -0.942124 -2.6357
3 8 1 -0.0721529 0.16281 -0.984016 -2.94831
4 8 1 -0.0458522 0.0369694 -0.998264 -2.79383
5 8 1 -0.212823 -0.0347859 -0.976471 -2.78403
3 6 2 0.113082 0.0732627 -0.990881 -2.922
4 6 2 -0.267808 -0.209079 -0.940513 -2.81795
5 6 2 -0.0888081 -0.121751 -0.98858 -2.60818
3 7 2 0.137991 -0.0503237 -0.989154 -2.85058
4 7 2 -0.352474 -0.19392 -0.915509 -2.58145
5 7 2 0.157182 0.570824 -0.805887 -2.36485
3 8 2 -0.121103 0.157096 -0.98013 -2.93899
4 8 2 -0.0287998 0.00969906 -0.999538 -2.7468
5 8 2 -0.00363541 0.0021196 -0.999991 -2.59293
6 6 0 0.0988986 -0.169929 -0.980481 -2.84234
7 6 0 -0.378227 -0.284778 -0.880821 -2.68042
8 6 0 -0.372614 0.276033 -0.885982 -2.25559
6 7 0 0.380554 -0.3467 -0.857308 -2.69442
7 7 0 -0.0800119 0.00487862 -0.996782 -2.73468
8 7 0 -0.273964 -0.125297 -0.953543 -2.61076
6 8 0 0.116806 -0.0931781 -0.988774 -2.73915
7 8 0 -0.0257311 0.0183998 -0.9995 -2.76388
8 8 0 0.318174 -0.0982513 -0.942928 -2.74699
6 6 1 -0.0115534 0.142578 -0.989716 -2.7749
7 6 1 -0.266914 -0.038693 -0.962943 -2.78094
8 6 1 0.463156 -0.0804505 -0.882618 -1.92903
6 7 1 0.00557386 0.0141945 -0.999884 -2.67858
7 7 1 -0.486157 -0.20611 -0.849217 -2.47741
8 7 1 -0.884986 -0.0837481 -0.458025 -1.34536
6 8 1 -0.504543 0.463249 -0.728585 -2.21249
7 8 1 0.0574215 -0.0131126 -0.998264 -2.74782
8 8 1 0.195364 -0.091304 -0.976471 -2.58475
6 6 2 -0.0576003 0.121808 -0.990881 -2.94089
7 6 2 -0.29237 -0.173075 -0.940513 -2.75053
8 6 2 -0.100848 -0.111982 -0.98858 -2.67719
6 7 2 0.0373794 0.142045 -0.989154 -2.76154
7 7 2 0.188765 0.355261 -0.915509 -2.47846
8 7 2 0.059867 -0.260882 -0.963513 -2.50278
6 8 2 -0.187507 0.709067 -0.679754 -2.23491
7 8 2 0.00724174 0.0295137 -0.999538 -2.54078
8 8 2 -0.00302049 0.00293011 -0.999991 -2.82193
0 0 3 -0.0250686 -0.105307 -0.994124 -1.95344
1 0 3 -0.116183 0.0703022 -0.990737 -2.27104
2 0 3 0.393559 -0.245249 -0.885982 -1.80369
0 1 3 -0.039177 0.067391 -0.996957 -1.70119
1 1 3 0.0677583 -0.0428313 -0.996782 -1.936
2 1 3 0.301152 -0.00794643 -0.953543 -2.03463
0 2 3 -0.0565891 -0.138288 -0.988774 -1.64169
1 2 3 -0.0105899 -0.0298077 -0.9995 -1.89524
2 2 3 0.103611 0.316469 -0.942928 -1.94616
0 0 4 0.328863 0.48979 0.807437 -1.368
1 0 4 -0.838527 0.50135 0.213355 -0.397146
2 0 4 0.00469116 -0.000844733 0.999989 -1.23005
0 1 4 0.0135548 0.274502 0.961491 -1.77391
1 1 4 -0.0519362 0.040562 0.997826 -1.52134
2 1 4 0.423937 0.277134 0.862249 -1.80376
0 2 4 0.620395 0.0696042 0.781195 -1.33321
1 2 4 -0.000112622 -2.89604e-05 1 -1.3798
2 2 4 0.427277 -0.113839 0.896925 -1.85666
0 0 5 0.0270631 0.347842 0.937163 -2.49372
1 0 5 0.485533 0.607957 0.628209 -1.38667
2 0 5 0.338513 0.569633 0.748951 -2.47842
0 1 5 0.164292 0.129956 0.977814 -2.90001
1 1 5 0.13982 0.292559 0.94597 -2.57668
2 1 5 -0.00289914 -0.135422 0.990784 -2.60378
0 2 5 0.0961502 0.0514935 0.994034 -2.49408
1 2 5 0.187806 -0.659806 0.727588 -2.14543
2 2 5 0.260957 0.091538 0.961001 -2.65735
3 0 3 0.743669 -0.230351 -0.62761 -1.67673
4 0 3 -0.0244178 0.0693568 -0.997293 -1.64505
5 0 3 -0.22422 0.147104 -0.963372 -1.57835
3 1 3 0.506134 0.0940806 -0.857308 -1.52265
4 1 3 -0.0624758 -0.0502242 -0.996782 -1.88719
5 1 3 -0.0801952 -0.290386 -0.953543 -1.76738
3 2 3 -0.0205914 0.147993 -0.988774 -1.71335
4 2 3 0.00538415 -0.0311714 -0.9995 -1.95434
5 2 3 0.0364015 0.331002 -0.942928 -1.48315
3 0 4 0.295877 -0.259729 0.919238 -1.91435
4 0 4 0.43546 -0.329916 0.837574 -1.64545
5 0 4 -0.00473303 0.000564836 0.999989 -1.45792
3 1 4 0.186476 -0.201896 0.961491 -1.88901
4 1 4 -0.265349 0.221813 0.93829 -1.16375
5 1 4 0.427713 -0.27127 0.862249 -1.66968
3 2 4 -0.0693689 -0.0472005 0.996474 -1.89395
4 2 4 -3.87706e-05 0.000109632 1 -1.8306
5 2 4 -0.109753 -0.428344 0.896925 -1.37057
3 0 5 0.842339 0.371177 0.390758 -1.61512
4 0 5 0.448284 -0.680565 0.579545 -2.16789
5 0 5 0.362165 -0.761322 0.537796 -2.07229
3 1 5 0.0969259 0.185704 0.977814 -2.38983
4 1 5 0.401037 -0.71048 0.578262 -1.62917
5 1 5 0.0588709 0.12199 0.990784 -1.93231
3 2 5 0.119352 -0.211312 0.970104 -2.7798
4 2 5 -0.0635366 0.113542 0.9915 -2.21852
5 2 5 0.628941 -0.630591 0.45474 -1.24671
6 0 3 -0.787081 -0.0705152 -0.612806 -1.33593
7 0 3 -0.357654 -0.629596 -0.689705 -2.14988
8 0 3 -0.153795 0.437473 -0.885982 -1.46179
6 1 3 -0.0873766 0.507334 -0.857308 -1.28582
7 1 3 -0.0674265 -0.0433517 -0.996782 -1.44225
8 1 3 -0.486632 0.810711 -0.325481 -1.027
6 2 3 0.266642 0.922455 -0.279248 -1.25079
7 2 3 -0.0203955 -0.0241799 -0.9995 -1.57752
8 2 3 0.244866 0.632621 -0.734732 -1.44148
6 0 4 -0.385686 -0.0790455 0.919238 -1.61172
7 0 4 -0.303505 -0.928636 0.213355 -1.16473
8 0 4 0.000503002 -0.00474 0.999989 -1.32248
6 1 4 0.074353 -0.264588 0.961491 -1.59418
7 1 4 -0.281265 0.201249 0.93829 -1.05921
8 1 4 0.504962 0.0392288 0.862249 -1.70604
6 2 4 -0.256988 0.568939 0.781195 -1.43483
7 2 4 0.113504 -0.721018 0.683556 -0.788648
8 2 4 0.893177 -0.396854 0.211523 -1.50755
6 0 5 0.346668 -0.0393393 0.937163 -2.26802
7 0 5 0.04033 -0.813942 0.579545 -1.98385
8 0 5 0.216683 -0.626196 0.748951 -2.14761
6 1 5 -0.205783 -0.0391644 0.977814 -2.67665
7 1 5 -0.472871 0.142259 0.869572 -2.00572
8 1 5 0.106759 -0.0833659 0.990784 -2.53089
6 2 5 0.123319 -0.209022 0.970104 -2.5026
7 2 5 0.547812 0.134338 0.825745 -2.25589
8 2 5 0.879656 -0.0120269 0.475458 -1.93903
0 3 3 -0.091673 0.773111 -0.62761 -0.824644
1 3 3 0.419539 0.219411 -0.880821 -1.97466
2 3 3 0.263477 0.0499404 -0.963372 -1.83014
0 4 3 0.91838 -0.33772 -0.206212 -0.911849
1 4 3 0.952869 0.140763 -0.268751 -1.35547
2 4 3 0.296555 -0.0530161 -0.953543 -1.85696
0 5 3 0.0288361 0.361079 -0.932089 -1.63738
1 5 3 0.444571 0.471259 -0.761756 -1.9549
2 5 3 0.220002 0.249974 -0.942928 -1.88524
0 3 4 -0.429694 0.404238 0.807437 -1.08531
1 3 4 0.593514 -0.721941 0.355728 -0.750479
2 3 4 0.00247348 -0.00407462 0.999989 -1.5669
0 4 4 0.13244 0.137637 0.981588 -2.12304
1 4 4 -0.153883 -0.115249 0.981345 -1.56317
2 4 4 0.486076 -0.128103 0.864477 -1.68503
0 5 4 0.374324 0.499616 0.781195 -1.56938
1 5 4 0.72434 0.0898985 0.683556 -0.695845
2 5 4 0.124827 -0.673947 0.728158 -1.59223
0 3 5 -0.340621 -0.0755243 0.937163 -2.1595
1 3 5 0.473682 -0.558431 0.681014 -2.13144
2 3 5 -0.210707 0.0758977 0.974598 -2.53614
0 4 5 0.101502 0.183243 0.977814 -2.6834
1 4 5 -0.357835 -0.340291 0.869572 -2.37996
2 4 5 0.106273 -0.0839844 0.990784 -2.75278
0 5 5 -0.179905 -0.162887 0.970104 -2.45612
1 5 5 -0.753762 -0.565398 0.334916 -1.32967
2 5 5 0.238622 -0.553817 0.797713 -2.1704
3 3 3 0.714019 0.338593 -0.612806 -1.42536
4 3 3 0.0254374 0.0689894 -0.997293 -1.77842
5 3 3 0.193314 -0.421504 -0.885982 -1.58942
3 4 3 -0.0271932 0.0730542 -0.996957 -1.77363
4 4 3 0.0672377 -0.0436439 -0.996782 -1.85828
5 4 3 -0.017564 -0.123385 -0.992203 -1.8239
3 5 3 -0.0423977 -0.143277 -0.988774 -1.90513
4 5 3 0.617243 0.196822 -0.761756 -1.59431
5 5 3 0.625728 -0.26198 -0.734732 -1.47994
3 3 4 0.048922 0.0340449 0.998222 -2.06256
4 3 4 0.0923023 -0.53847 0.837574 -1.7079
5 3 4 -0.00170571 -0.00445097 0.999989 -1.69493
3 4 4 -0.270662 0.0477214 0.961491 -1.69409
4 4 4 -0.189686 0.0313327 0.981345 -1.71322
5 4 4 -0.227727 -0.44813 0.864477 -1.55391
3 5 4 0.0289696 -0.623615 0.781195 -1.48918
4 5 4 3.41396e-05 -0.000111162 1 -1.74454
5 5 4 -0.641317 0.241865 0.728158 -1.49056
3 3 5 -0.243884 0.249493 0.937163 -2.5571
4 3 5 0.0644728 -0.574154 0.816205 -2.27282
5 3 5 -0.595915 -0.289756 0.748951 -1.84459
3 4 5 -0.181559 -0.104483 0.977814 -2.70858
4 4 5 0.44379 0.216551 0.869572 -2.31918
5 4 5 0.0568528 0.122944 0.990784 -2.65163
3 5 5 0.0844708 0.227514 0.970104 -2.52477
4 5 5 -0.0358124 0.562906 0.825745 -2.61811
5 5 5 -0.23713 0.142292 0.961001 -2.30934
6 3 3 0.778711 0.13445 -0.612806 -1.37825
7 3 3 0.00771123 0.0731241 -0.997293 -1.6863
8 3 3 0.0276775 -0.462893 -0.885982 -1.09253
6 4 3 0.0656443 0.510601 -0.857308 -1.606
7 4 3 -0.0026908 -0.0801153 -0.996782 -1.55519
8 4 3 0.825968 -0.46026 -0.325481 -1.01469
6 5 3 -0.129789 0.0740322 -0.988774 -1.8515
7 5 3 -0.0284371 0.0138555 -0.9995 -2.13094
8 5 3 0.135819 0.304041 -0.942928 -1.57334
6 3 4 0.19421 0.342468 0.919238 -2.06823
7 3 4 -0.234074 0.0184555 0.972044 -1.37796
8 3 4 0.144418 -0.370616 0.917489 -1.36945
6 4 4 0.00779624 0.274726 0.961491 -1.92211
7 4 4 0.125463 0.145676 0.981345 -1.64557
8 4 4 -0.502787 -0.0610838 0.862249 -1.43086
6 5 4 -0.481093 0.106368 0.870193 -1.67195
7 5 4 -0.438016 0.58386 0.683556 -1.28327
8 5 4 0.512393 -0.455235 0.728158 -0.63019
6 3 5 0.202094 -0.12737 0.971048 -2.52069
7 3 5 0.642363 0.439004 0.628209 -1.94867
8 3 5 0.654747 -0.531113 0.537796 -1.82305
6 4 5 -0.0548178 0.202177 0.977814 -2.78517
7 4 5 -0.197673 0.452515 0.869572 -2.55405
8 4 5 0.00242855 0.135431 0.990784 -2.26242
6 5 5 -0.231744 -0.0720596 0.970104 -2.50694
7 5 5 -0.1252 -0.0354077 0.9915 -2.67652
8 5 5 -0.585784 -0.143216 0.797713 -2.2767
0 6 3 -0.0517411 0.788537 -0.612806 -1.26455
1 6 3 0.0701951 0.0218917 -0.997293 -1.97535
2 6 3 0.143611 -0.226473 -0.963372 -1.71128
0 7 3 -0.40225 -0.321276 -0.857308 -1.30461
1 7 3 0.0493697 -0.0631532 -0.996782 -1.57761
2 7 3 0.561883 -0.760493 -0.325481 -1.49093
0 8 3 -0.128997 0.0754035 -0.988774 -1.9522
1 8 3 0.0278676 -0.0149679 -0.9995 -1.86014
2 8 3 0.293208 -0.611718 -0.734732 -1.97453
0 6 4 0.374811 -0.120493 0.919238 -1.58096
1 6 4 -0.238327 -0.903691 0.355728 -0.698857
2 6 4 0.000263098 -0.00475934 0.999989 -1.21428
0 7 4 -0.0700961 0.265747 0.961491 -1.4936
1 7 4 -0.167721 -0.0939798 0.981345 -1.17051
2 7 4 0.597407 -0.615611 0.513934 -1.72642
0 8 4 -0.300498 0.547207 0.781195 -1.7789
1 8 4 -8.15754e-05 8.28726e-05 1 -0.95396
2 8 4 0.677089 -0.430822 0.596609 -1.76231
0 6 5 0.0755104 -0.226635 0.971048 -2.51898
1 6 5 -0.693836 -0.234118 0.681014 -2.0618
2 6 5 0.0852767 -0.207089 0.974598 -2.59816
0 7 5 0.0836683 -0.772131 0.629931 -2.13535
1 7 5 0.0959361 -0.905879 0.412529 -1.87999
2 7 5 -0.109913 -0.0791611 0.990784 -2.07577
0 8 5 0.0120986 0.108398 0.994034 -2.19406
1 8 5 0.191197 -0.922646 0.334916 -0.891479
2 8 5 0.536755 0.27486 0.797713 -2.19238
3 6 3 0.0738509 -0.0791454 -0.994124 -2.05087
4 6 3 0.0454535 0.0577977 -0.997293 -1.83788
5 6 3 0.459 -0.0659899 -0.885982 -1.56198
3 7 3 0.0587845 -0.0511935 -0.996957 -1.75552
4 7 3 0.00498096 -0.0800056 -0.996782 -1.6235
5 7 3 0.277439 0.847213 -0.453054 -1.28823
3 8 3 0.0519901 0.140082 -0.988774 -1.69914
4 8 3 0.647801 -0.00906628 -0.761756 -1.62218
5 8 3 0.631961 -0.246565 -0.734732 -1.54012
3 6 4 -0.582799 0.0916027 0.807437 -1.10088
4 6 4 0.354726 -0.0315702 0.934437 -1.50898
5 6 4 -0.004671 0.000949928 0.999989 -1.49055
3 7 4 0.300215 0.411079 0.860747 -1.3998
4 7 4 0.295929 0.558554 0.774883 -1.67124
5 7 4 -0.0309814 0.165802 0.985672 -2.14424
3 8 4 0.525555 0.432046 0.732891 -1.63114
4 8 4 5.95265e-05 -9.9895e-05 1 -1.65164
5 8 4 0.50606 0.462265 0.728158 -1.79758
3 6 5 0.312763 0.154614 0.937163 -2.49144
4 6 5 0.273894 0.679118 0.681014 -1.85667
5 6 5 0.721597 -0.552057 0.417769 -1.23718
3 7 5 0.776417 0.0190563 0.629931 -2.36038
4 7 5 0.290945 -0.14315 0.94597 -2.49597
5 7 5 0.0159525 0.13451 0.990784 -2.58402
3 8 5 0.190989 0.149736 0.970104 -2.55572
4 8 5 0.104836 0.0770597 0.9915 -2.73613
5 8 5 0.231123 -0.151854 0.961001 -2.50137
6 6 3 -0.0778529 0.0752122 -0.994124 -1.94406
7 6 3 0.0725616 0.0118915 -0.997293 -1.95328
8 6 3 -0.0246027 0.463066 -0.885982 -1.81763
6 7 3 0.080121 0.508531 -0.857308 -1.8553
7 7 3 -0.074221 0.030281 -0.996782 -1.69427
8 7 3 0.235474 0.187903 -0.953543 -1.58227
6 8 3 0.345983 0.107263 -0.932089 -1.23308
7 8 3 -0.489882 -0.593698 -0.638388 -1.14283
8 8 3 -0.356731 0.576985 -0.734732 -1.56277
6 6 4 0.510788 0.295197 0.807437 -0.954247
7 6 4 -0.469593 0.279199 0.837574 -1.65975
8 6 4 0.00451766 -0.00152029 0.999989 -1.65319
6 7 4 0.0113368 0.274603 0.961491 -1.99842
7 7 4 -0.0753039 0.176895 0.981345 -1.86777
8 7 4 -0.452991 -0.226551 0.862249 -1.68099
6 8 4 0.517117 0.150987 0.842492 -1.71037
7 8 4 9.99709e-05 5.93988e-05 1 -1.56064
8 8 4 -0.40535 0.176681 0.896925 -2.0815
6 6 5 0.329042 -0.923882 0.195378 -0.427605
7 6 5 -0.417442 0.118767 0.900909 -2.31468
8 6 5 -0.250823 0.468332 0.847203 -2.37968
6 7 5 0.169603 0.122945 0.977814 -2.47819
7 7 5 0.029162 0.32294 0.94597 -2.60459
8 7 5 -0.0793507 -0.109777 0.990784 -2.61815
6 8 5 -0.0931847 0.224086 0.970104 -2.61618
7 8 5 -0.437448 -0.356068 0.825745 -2.31003
8 8 5 -0.0956219 0.259488 0.961001 -2.55659
0 0 6 0.440757 -0.101249 0.891898 -2.22771
1 0 6 -0.307342 -0.128762 0.942848 -2.29247
2 0 6 0.453232 0.028183 0.890947 -2.64494
0 1 6 -0.127627 0.45476 0.881422 -2.56245
1 1 6 0.0482341 0.0305833 0.998368 -2.86292
2 1 6 0.217581 0.0969444 0.971216 -2.74541
0 2 6 -0.00288574 0.056282 0.998411 -2.69794
1 2 6 -0.142804 0.0346563 0.989144 -2.57016
2 2 6 0.269308 -0.367221 0.890293 -2.5127
0 0 7 -0.389797 0.0553221 0.919238 -1.56491
1 0 7 0.133241 -0.193334 0.972044 -1.82316
2 0 7 -0.000721489 -0.00471169 0.999989 -1.63558
0 1 7 0.175383 0.211603 0.961491 -1.55522
1 1 7 0.148869 0.121657 0.981345 -1.74744
2 1 7 -0.499986 0.0519077 0.864477 -1.65176
0 2 7 -0.580194 -0.230456 0.781195 -1.22586
1 2 7 -0.617297 0.389481 0.683556 -1.45746
2 2 7 -0.682895 0.0586515 0.728158 -1.59744
0 0 8 -0.0717557 -0.114044 -0.990881 -1.95168
1 0 8 -0.316835 0.122683 -0.940513 -1.87138
2 0 8 -0.143627 -0.0456226 -0.98858 -1.93662
0 1 8 0.146427 -0.0115304 -0.989154 -1.85373
1 1 8 0.0106603 0.402156 -0.915509 -1.52989
2 1 8 0.235394 -0.127409 -0.963513 -1.6215
0 2 8 -0.162838 0.113265 -0.98013 -1.76526
1 2 8 0.797284 -0.288704 -0.530082 -0.359161
2 2 8 -0.597493 0.218006 -0.771671 -1.25751
3 0 6 0.0617119 0.0199326 0.997895 -2.53054
4 0 6 0.258668 0.21007 0.942848 -2.6335
5 0 6 0.166361 -0.276612 0.946472 -2.3539
3 1 6 -0.0293517 0.117845 0.992598 -2.87649
4 1 6 -0.0162028 0.0547662 0.998368 -2.43894
5 1 6 0.706173 0.370616 0.603293 -1.50046
3 2 6 0.168333 -0.440505 0.881827 -2.68567
4 2 6 -0.0549021 -0.136307 0.989144 -2.75747
5 2 6 -0.372678 -0.261704 0.890293 -1.9245
3 0 7 0.348557 0.475977 0.807437 -1.5321
4 0 7 0.13704 0.19066 0.972044 -1.83977
5 0 7 -0.000825096 0.00469466 0.999989 -1.79397
3 1 7 -0.124512 0.245014 0.961491 -1.66614
4 1 7 -0.384854 0.501442 0.774883 -1.63425
5 1 7 -0.498 -0.0923158 0.862249 -1.08615
3 2 7 0.429314 -0.453238 0.781195 -0.917331
4 2 7 -0.493113 -0.538136 0.683556 -1.0555
5 2 7 0.402452 -0.554814 0.728158 -1.30454
3 0 8 -0.206841 -0.0325947 -0.977831 -1.93096
4 0 8 -0.330758 -0.0776843 -0.940513 -1.62565
5 0 8 -0.375917 0.569676 -0.730859 -1.11348
3 1 8 -0.104661 0.103053 -0.989154 -1.86134
4 1 8 -0.392356 0.0888788 -0.915509 -1.94516
5 1 8 0.216848 0.156908 -0.963513 -1.55982
3 2 8 0.1137 0.162534 -0.98013 -1.65941
4 2 8 -0.463819 -0.616855 -0.635894 -1.55864
5 2 8 0.00375991 0.00188998 -0.999991 -1.91784
6 0 6 0.0682835 0.447052 0.891898 -2.42321
7 0 6 -0.312194 0.116506 0.942848 -1.86778
8 0 6 -0.172689 -0.0781042 0.981875 -2.65967
6 1 6 0.154663 0.554236 0.817864 -2.52663
7 1 6 0.575439 0.0570755 0.815851 -1.94717
8 1 6 0.0576514 -0.0938482 0.993916 -2.71088
6 2 6 0.0375919 -0.0419861 0.998411 -2.68373
7 2 6 0.0463142 0.139459 0.989144 -2.70183
8 2 6 -0.311198 -0.332466 0.890293 -1.96431
6 0 7 -0.454289 -0.376387 0.807437 -0.989283
7 0 7 -0.187902 -0.982051 -0.0163913 -0.570152
8 0 7 -0.00340758 -0.00333301 0.999989 -1.24784
6 1 7 -0.0652385 0.266981 0.961491 -1.79367
7 1 7 -0.380419 -0.504815 0.774883 -1.15782
8 1 7 -0.222405 -0.455041 0.862249 -1.59209
6 2 7 0.610154 -0.132088 0.781195 -1.55846
7 2 7 0.310615 -0.204606 0.928254 -1.69236
8 2 7 0.684432 -0.0365871 0.728158 -1.00753
6 0 8 0.0955434 0.0950071 -0.990881 -1.55071
7 0 8 -0.465904 -0.223566 -0.856126 -2.02163
8 0 8 0.148155 0.0275766 -0.98858 -1.80505
6 1 8 0.414177 0.818898 -0.39732 -1.29119
7 1 8 0.072894 0.456697 -0.886631 -1.42532
8 1 8 -0.253852 -0.0848689 -0.963513 -1.85224
6 2 8 0.0826928 0.180297 -0.98013 -1.6967
7 2 8 -0.54729 0.647677 -0.530082 -1.35562
8 2 8 -0.00373709 0.00193471 -0.999991 -1.84067
0 3 6 0.0765404 -0.445713 0.891898 -2.60363
1 3 6 0.314766 0.109365 0.942848 -2.62069
2 3 6 0.39709 -0.220302 0.890947 -2.65452
0 4 6 0.4513 -0.212273 0.866758 -2.67171
1 4 6 0.0540101 0.0185683 0.998368 -2.82531
2 4 6 0.0147167 0.109154 0.993916 -2.77284
0 5 6 -0.0464807 -0.0318674 0.998411 -2.75076
1 5 6 -0.146734 0.00794649 0.989144 -2.65846
2 5 6 -0.421121 0.173306 0.890293 -2.28968
0 3 7 -0.0064876 -0.0592481 0.998222 -1.82945
1 3 7 -0.194492 -0.131545 0.972044 -1.75059
2 3 7 -0.00016638 -0.00476371 0.999989 -1.76497
0 4 7 0.267062 0.0649064 0.961491 -2.01434
1 4 7 0.0762685 0.176481 0.981345 -2.25748
2 4 7 0.380313 0.334497 0.862249 -1.68264
0 5 7 0.339245 -0.524068 0.781195 -1.64315
1 5 7 -9.49091e-05 6.71914e-05 1 -1.76611
2 5 7 0.595132 -0.340006 0.728158 -1.31395
0 3 8 -0.131629 -0.0287876 -0.990881 -1.64954
1 3 8 0.254953 0.449496 -0.856126 -0.942076
2 3 8 -0.520203 -0.441852 -0.730859 -1.17873
0 4 8 -0.724442 -0.563312 -0.39732 -0.816404
1 4 8 -0.757876 0.564586 -0.326906 -0.748519
2 4 8 -0.055995 0.26174 -0.963513 -1.62355
0 5 8 -0.198356 -4.79622e-05 -0.98013 -1.67814
1 5 8 0.381596 0.487829 -0.785116 -1.45722
2 5 8 -0.124914 0.623635 -0.771671 -1.60549
3 3 6 0.333697 0.305229 0.891898 -2.42815
4 3 6 0.579119 0.136984 0.803652 -2.21097
5 3 6 0.10322 -0.44222 0.890947 -2.56338
3 4 6 -0.319124 0.348218 0.881422 -2.65416
4 4 6 -0.149944 0.558484 0.815851 -2.39845
5 4 6 0.0903404 -0.0630062 0.993916 -2.69542
3 5 6 -0.0437838 -0.0354819 0.998411 -2.68296
4 5 6 0.135851 0.056023 0.989144 -2.65311
5 5 6 0.4432 0.104648 0.890293 -2.46713
3 3 7 -0.398759 0.434783 0.807437 -0.854183
4 3 7 0.967226 0.137674 0.213355 -0.635355
5 3 7 -0.00286866 -0.00380676 0.999989 -1.25849
3 4 7 -0.249084 -0.116157 0.961491 -1.46193
4 4 7 0.148884 0.121639 0.981345 -1.39942
5 4 7 0.257857 -0.435931 0.862249 -1.74227
3 5 7 0.624225 -0.00884364 0.781195 -1.79902
4 5 7 0.729544 0.0227121 0.683556 -1.96708
5 5 7 0.00825171 -0.0508198 0.998674 -1.61267
3 3 8 0.0218238 0.132961 -0.990881 -1.78671
4 3 8 0.695465 -0.187898 -0.693558 -1.78268
5 3 8 -0.0963301 -0.115891 -0.98858 -1.75029
3 4 8 0.0171503 0.145876 -0.989154 -1.78138
4 4 8 0.139388 -0.377377 -0.915509 -1.63075
5 4 8 -0.0952667 0.250135 -0.963513 -1.67374
3 5 8 0.706382 0.197383 -0.679754 -1.77709
4 5 8 0.66299 -0.395073 -0.635894 -2.09317
5 5 8 -0.00417235 0.000548092 -0.999991 -1.65122
6 3 6 -0.0217408 -0.451714 0.891898 -2.82961
7 3 6 0.0504585 0.0287912 0.998311 -2.65407
8 3 6 0.322596 0.0110397 0.946472 -2.49595
6 4 6 -0.0842525 -0.464755 0.881422 -2.68523
7 4 6 0.054626 -0.0166693 0.998368 -2.64896
8 4 6 0.622664 -0.498324 0.603293 -1.8338
6 5 6 -0.427839 -0.198329 0.881827 -2.47602
7 5 6 0.133713 -0.0609498 0.989144 -2.7398
8 5 6 -0.396456 0.224054 0.890293 -2.28992
6 3 7 -0.259948 -0.529597 0.807437 -1.61814
7 3 7 -0.392826 -0.37968 0.837574 -1.6884
8 3 7 0.00242451 -0.00410394 0.999989 -1.76181
6 4 7 0.207614 -0.180088 0.961491 -1.67423
7 4 7 -0.271035 -0.214828 0.93829 -2.27004
8 4 7 0.0210016 -0.0418247 0.998904 -1.78632
6 5 7 -0.591278 0.200313 0.781195 -1.55388
7 5 7 0.000115821 1.03859e-05 1 -2.07864
8 5 7 -0.0306629 -0.0413585 0.998674 -1.84061
6 3 8 0.036664 0.129656 -0.990881 -1.82505
7 3 8 0.114324 0.503962 -0.856126 -1.35417
8 3 8 -0.10819 0.104905 -0.98858 -1.83342
6 4 8 -0.627936 0.452041 -0.633527 -1.54812
7 4 8 -0.902081 0.281747 -0.326906 -1.18096
8 4 8 0.20173 0.175922 -0.963513 -1.12152
6 5 8 -0.197717 0.0159135 -0.98013 -1.79758
7 5 8 -0.873801 -0.294014 -0.387334 -1.52113
8 5 8 -0.00162573 -0.00388149 -0.999991 -1.53248
0 6 6 0.0642247 0.0089924 0.997895 -2.72365
1 6 6 -0.282624 -0.176527 0.942848 -2.68259
2 6 6 -0.322152 0.320049 0.890947 -2.50041
0 7 6 0.284839 -0.376779 0.881422 -2.67482
1 7 6 -0.0510803 -0.0255475 0.998368 -2.61401
2 7 6 0.0865786 0.0680831 0.993916 -2.6192
0 8 6 -0.096866 -0.461517 0.881827 -2.50031
1 8 6 -0.13364 -0.0611093 0.989144 -2.52666
2 8 6 0.401647 0.214611 0.890293 -2.60808
0 6 7 0.0579105 -0.587105 0.807437 -1.48237
1 6 7 -0.20157 0.507779 0.837574 -1.45128
2 6 7 -0.00180263 0.00441261 0.999989 -1.5691
0 7 7 -0.14931 -0.119126 0.981588 -2.12557
1 7 7 0.0731319 -0.177804 0.981345 -1.84535
2 7 7 -0.376509 -0.338773 0.862249 -1.555
0 8 7 -0.284133 -0.555881 0.781195 -1.69645
1 8 7 -0.0362222 0.0710784 0.996813 -1.7142
2 8 7 -0.542616 0.418753 0.728158 -1.4584
0 6 8 -0.130741 0.0325825 -0.990881 -1.65657
1 6 8 0.00224274 0.339751 -0.940513 -1.76085
2 6 8 -0.117926 0.0938277 -0.98858 -1.83593
0 7 8 -0.883474 -0.226054 -0.410333 -0.98316
1 7 8 0.0905665 -0.39197 -0.915509 -1.45227
2 7 8 0.0856772 0.25358 -0.963513 -1.61817
0 8 8 0.121057 0.157132 -0.98013 -1.60525
1 8 8 -0.0282085 -0.011304 -0.999538 -1.9211
2 8 8 0.00200556 0.00369955 -0.999991 -1.81713
3 6 6 0.237247 -0.385009 0.891898 -2.38913
4 6 6 0.183729 -0.277996 0.942848 -2.6605
5 6 6 0.0721673 -0.314614 0.946472 -2.53187
3 7 6 0.782684 0.199337 0.589636 -2.16291
4 7 6 -0.0567511 0.00641671 0.998368 -2.65411
5 7 6 -0.0718268 -0.083499 0.993916 -2.8069
3 8 6 0.291849 0.370412 0.881827 -2.60012
4 8 6 0.146673 -0.00899572 0.989144 -2.8233
5 8 6 -0.44963 -0.0721829 0.890293 -2.53891
3 6 7 -0.363859 -0.464384 0.807437 -1.42583
4 6 7 0.134612 -0.52948 0.837574 -1.91033
5 6 7 0.00438288 0.00187375 0.999989 -1.78619
3 7 7 0.186778 -0.201616 0.961491 -1.63798
4 7 7 0.0521873 -0.341888 0.93829 -1.88789
5 7 7 -0.199533 -0.465524 0.862249 -1.68117
3 8 7 -0.534306 0.0687313 0.842492 -1.63911
4 8 7 -0.0630329 0.0488982 0.996813 -1.84296
5 8 7 -0.650143 0.217026 0.728158 -1.25267
3 6 8 0.134728 0.00182461 -0.990881 -1.64041
4 6 8 0.387696 -0.341673 -0.856126 -1.84558
5 6 8 0.0548138 0.140377 -0.98858 -1.87566
3 7 8 -0.741688 -0.220326 -0.633527 -1.12421
4 7 8 0.1222 0.383288 -0.915509 -1.35929
5 7 8 0.240351 0.117792 -0.963513 -1.75778
3 8 8 -0.459638 -0.571549 -0.679754 -1.51954
4 8 8 0.582914 -0.209293 -0.785116 -1.01666
5 8 8 0.00392672 -0.00151321 -0.999991 -1.86348
6 6 6 -0.165207 0.420981 0.891898 -1.76896
7 6 6 -0.22768 0.243311 0.942848 -2.74515
8 6 6 -0.37537 -0.255558 0.890947 -2.5442
6 7 6 0.463471 -0.0910511 0.881422 -2.39644
7 7 6 -0.295972 -0.171236 0.939723 -2.51272
8 7 6 0.104421 -0.0350351 0.993916 -2.69824
6 8 6 0.0561729 -0.00453833 0.998411 -2.71297
7 8 6 -0.0418998 -0.140849 0.989144 -2.77895
8 8 6 0.00110916 0.455386 0.890293 -2.20996
6 6 7 -0.118118 -0.375566 0.919238 -1.59464
7 6 7 -0.526032 -0.147513 0.837574 -1.99076
8 6 7 -0.00381528 -0.0028573 0.999989 -1.83925
6 7 7 -0.267994 -0.0609478 0.961491 -1.61137
7 7 7 0.369035 -0.513196 0.774883 -1.52544
8 7 7 -0.12042 -0.488036 0.864477 -1.88095
6 8 7 0.617879 -0.0892215 0.781195 -1.00728
7 8 7 -0.00561224 0.0795781 0.996813 -1.17817
8 8 7 0.18231 -0.660719 0.728158 -1.41747
6 6 8 -0.0616947 0.119786 -0.990881 -1.45081
7 6 8 -0.552619 -0.698118 -0.455241 -1.83837
8 6 8 -0.0539031 -0.680396 -0.730859 -1.45866
6 7 8 0.223 -0.740888 -0.633527 -1.51271
7 7 8 -0.0495805 -0.459813 -0.886631 -1.97851
8 7 8 -0.0461773 -0.263649 -0.963513 -1.79453
6 8 8 0.0957317 -0.173725 -0.98013 -1.88797
7 8 8 -0.0250607 -0.771369 -0.635894 -1.48303
8 8 8 -0.00420817 -1.57951e-05 -0.999991 -1.88997
