Position_x Position_y Position_z Spin_x Spin_y Spin_z Spin_energy Temperature n_spins
0 0 0 0.242332 -0.198899 -0.949586 -2.65701 0.401 729
1 0 0 -0.182143 -0.105506 -0.977595 -2.74949
2 0 0 0.372708 0.0624336 -0.925846 -2.79692
0 1 0 0.0922918 -0.162234 -0.982427 -2.64717
1 1 0 0.16689 0.122403 -0.978348 -2.7252
2 1 0 0.431407 -0.158838 -0.888064 -2.75022
0 2 0 0.0538394 0.0509851 -0.997247 -2.90808
1 2 0 -0.10475 0.256016 -0.96098 -2.73507
2 2 0 0.374483 0.09185 -0.922673 -2.36661
0 0 1 -0.345409 -0.513409 -0.78556 -2.40298
1 0 1 0.110778 -0.162298 -0.980504 -2.72877
2 0 1 -0.0841352 0.0587936 -0.994718 -2.73922
0 1 1 -0.716603 -0.413838 -0.561443 -1.90147
1 1 1 0.0125663 -0.246205 -0.969136 -2.55406
2 1 1 -0.271181 0.0429352 -0.96157 -2.49887
0 2 1 -0.00330151 -0.00917575 -0.999952 -2.53971
1 2 1 -0.527376 0.309265 -0.791347 -2.42649
2 2 1 -0.22166 0.219482 -0.950102 -2.63997
0 0 2 -0.0515649 -0.0339889 -0.998091 -2.73833
1 0 2 -0.554442 0.0253474 -0.831836 -2.35308
2 0 2 -0.0798694 0.465296 -0.881544 -2.33701
0 1 2 -0.109208 0.0573833 -0.992361 -2.73609
1 1 2 -0.00716915 0.0436614 -0.999021 -2.79227
2 1 2 0.438703 -0.108498 -0.892058 -2.13567
0 2 2 0.0432008 0.119016 -0.991952 -2.92642
1 2 2 -0.209109 -0.233343 -0.949644 -2.39117
2 2 2 -0.498413 0.367905 -0.785004 -1.83919
3 0 0 0.273124 0.153912 -0.949586 -2.64187
4 0 0 0.209078 -0.0243693 -0.977595 -2.83348
5 0 0 -0.21862 0.308244 -0.925846 -2.35603
3 1 0 0.181175 -0.0448703 -0.982427 -2.59368
4 1 0 0.206842 0.00714018 -0.978348 -2.67324
5 1 0 0.0226419 0.11489 -0.99312 -2.78913
3 2 0 0.210953 -0.890745 -0.402581 -1.38165
4 2 0 0.331073 -0.738434 -0.587457 -2.12107
5 2 0 0.28438 -0.260388 -0.922673 -2.62908
3 0 1 -0.468343 -0.404415 -0.78556 -2.22616
4 0 1 0.0635338 0.0111432 -0.997917 -2.70303
5 0 1 0.214284 -0.408354 -0.887316 -2.57955
3 1 1 0.208288 -0.612331 -0.762671 -2.29068
4 1 1 0.0918987 -0.228756 -0.969136 -2.83621
5 1 1 0.397335 0.144496 -0.906226 -2.6492
3 2 1 0.00340458 0.00913801 -0.999952 -2.52446
4 2 1 0.140184 -0.2224 -0.964825 -2.77238
5 2 1 0.294655 0.102389 -0.950102 -2.67095
3 0 2 -0.0611206 0.00885738 -0.998091 -2.73087
4 0 2 0.13642 -0.537994 -0.831836 -2.50224
5 0 2 0.29659 -0.367306 -0.881544 -2.62333
3 1 2 0.0727375 0.0996422 -0.992361 -2.77205
4 1 2 -0.0261066 0.0357234 -0.999021 -2.70883
5 1 2 -0.080693 -0.444658 -0.892058 -2.4694
3 2 2 -0.0446557 -0.118478 -0.991952 -2.76283
4 2 2 -0.281731 -0.137125 -0.949644 -2.84606
5 2 2 -0.511599 -0.349336 -0.785004 -2.47721
6 0 0 -0.295119 -0.105786 -0.949586 -2.72836
7 0 0 -0.12021 -0.172792 -0.977595 -2.61161
8 0 0 -0.367264 0.0890288 -0.925846 -2.63738
6 1 0 0.138932 -0.124642 -0.982427 -2.7641
7 1 0 0.246178 0.511913 -0.823007 -2.42336
8 1 0 -0.158549 0.282017 -0.946218 -2.69623
6 2 0 -0.00243403 -0.0741096 -0.997247 -2.88939
7 2 0 -0.123521 0.247506 -0.96098 -2.74316
8 2 0 0.385175 0.0177324 -0.922673 -2.67162
6 0 1 0.0296131 -0.122388 -0.99204 -2.84626
7 0 1 0.174105 -0.0911039 -0.980504 -2.61086
8 0 1 0.0822414 0.0614146 -0.994718 -2.6985
6 1 1 0.160844 0.322267 -0.932884 -2.74277
7 1 1 0.0359185 -0.0389512 -0.998595 -2.81846
8 1 1 -0.130135 0.241759 -0.96157 -2.68149
6 2 1 0.00962632 -0.00155833 -0.999952 -2.91518
7 2 1 -0.0872557 -0.247991 -0.964825 -2.85058
8 2 1 -0.311292 -0.020066 -0.950102 -2.49944
6 0 2 -0.16724 -0.39835 -0.901858 -2.12665
7 0 2 0.0661444 -0.0318078 -0.997303 -2.83934
8 0 2 0.0935457 0.46274 -0.881544 -2.57799
6 1 2 -0.0652649 -0.104689 -0.992361 -2.86138
7 1 2 0.0104303 0.0429991 -0.999021 -2.89654
8 1 2 -0.0744887 0.445739 -0.892058 -2.36667
6 2 2 -0.125102 0.019508 -0.991952 -2.36685
7 2 2 0.0646219 -0.306594 -0.949644 -2.62995
8 2 2 0.0218987 -0.00469483 -0.999749 -2.81457
0 3 0 0.131918 -0.2844 -0.949586 -2.54021
1 3 0 0.160117 0.136639 -0.977595 -2.61216
2 3 0 0.234374 -0.296442 -0.925846 -2.09285
0 4 0 0.161552 0.0934809 -0.982427 -2.66457
1 4 0 0.171702 -0.541459 -0.823007 -2.33942
2 4 0 -0.439748 -0.134025 -0.888064 -2.36488
0 5 0 0.00982403 0.0734959 -0.997247 -2.89638
1 5 0 -0.276512 -0.00759853 -0.96098 -2.56774
2 5 0 0.33088 -0.197971 -0.922673 -2.64569
0 3 1 -0.451971 0.422633 -0.78556 -1.69878
1 3 1 0.124237 0.152242 -0.980504 -2.45824
2 3 1 -0.535868 0.746089 -0.395217 -1.34888
0 4 1 0.65486 0.505905 -0.561443 -1.63136
1 4 1 -0.0326913 0.244348 -0.969136 -2.62619
2 4 1 0.113876 0.24983 -0.96157 -2.12997
0 5 1 -0.00950527 -0.00217811 -0.999952 -2.72621
1 5 1 -0.122358 0.232684 -0.964825 -2.86725
2 5 1 0.0107679 -0.311752 -0.950102 -2.72038
0 3 2 0.0457552 0.0414807 -0.998091 -2.80732
1 3 2 -0.0466668 -0.0566483 -0.997303 -2.88015
2 3 2 -0.309 0.356929 -0.881544 -2.51075
0 4 2 0.117614 -0.0372338 -0.992361 -2.78731
1 4 2 -0.0254444 0.0361981 -0.999021 -2.89671
2 4 2 -0.358242 -0.27549 -0.892058 -2.53843
0 5 2 0.122881 0.0305181 -0.991952 -2.57932
1 5 2 -0.073346 0.304624 -0.949644 -2.52464
2 5 2 0.363747 -0.501455 -0.785004 -1.94587
3 3 0 -0.192372 0.247546 -0.949586 -2.18548
4 3 0 0.126939 -0.167911 -0.977595 -2.57269
5 3 0 0.0271981 -0.0966777 -0.994944 -2.68294
3 4 0 0.168823 0.0796027 -0.982427 -2.49495
4 4 0 -0.104306 -0.558372 -0.823007 -2.23477
5 4 0 -0.201239 -0.253326 -0.946218 -2.6064
3 5 0 0.0741495 0.000121332 -0.997247 -2.89555
4 5 0 0.458692 0.014791 -0.888472 -2.50189
5 5 0 0.300609 0.241471 -0.922673 -2.57457
3 3 1 -0.00412255 -0.125852 -0.99204 -2.35477
4 3 1 -0.123044 -0.153207 -0.980504 -2.89496
5 3 1 0.0928685 -0.0437133 -0.994718 -2.74782
3 4 1 0.421115 -0.712351 -0.561443 -1.56459
4 4 1 0.106691 0.222242 -0.969136 -2.41281
5 4 1 -0.112191 0.250591 -0.96157 -2.44634
3 5 1 -0.00756351 0.0061553 -0.999952 -2.70764
4 5 1 0.000839139 -0.262892 -0.964825 -2.77102
5 5 1 0.0613561 -0.305844 -0.950102 -2.57467
3 3 2 0.388436 0.189127 -0.901858 -2.5744
4 3 2 -0.0460089 -0.0571839 -0.997303 -2.73928
5 3 2 -0.102755 -0.77804 -0.619754 -1.675
3 4 2 -0.120857 -0.0247583 -0.992361 -2.62371
4 4 2 -0.00726226 0.043646 -0.999021 -2.83079
5 4 2 0.0824168 0.444341 -0.892058 -2.17547
3 5 2 -0.0960944 0.0824441 -0.991952 -2.7468
4 5 2 -0.284952 -0.1303 -0.949644 -2.59388
5 5 2 -0.491187 0.377498 -0.785004 -2.38847
6 3 0 0.137072 0.281952 -0.949586 -2.66068
7 3 0 -0.151592 0.146039 -0.977595 -2.6629
8 3 0 0.377687 -0.0127015 -0.925846 -2.28618
6 4 0 -0.0264839 -0.294663 -0.955234 -2.611
7 4 0 0.492961 -0.28222 -0.823007 -2.47331
8 4 0 0.0583521 0.318223 -0.946218 -2.44637
6 5 0 0.0700371 0.0243509 -0.997247 -2.71567
7 5 0 0.603195 -0.53949 -0.587457 -1.85818
8 5 0 -0.332397 -0.195413 -0.922673 -2.39037
6 3 1 -0.0725961 -0.102886 -0.99204 -2.65583
7 3 1 0.171563 -0.0958039 -0.980504 -2.41936
8 3 1 -0.543402 -0.79179 -0.278895 -0.830674
6 4 1 0.548533 -0.619591 -0.561443 -1.78573
7 4 1 0.167698 -0.180699 -0.969136 -2.7535
8 4 1 -0.0278731 -0.273141 -0.96157 -2.291
6 5 1 -0.00966502 -0.00129685 -0.999952 -2.72711
7 5 1 -0.250114 0.0809709 -0.964825 -2.48246
8 5 1 -0.262383 -0.168702 -0.950102 -2.9123
6 3 2 0.402587 -0.156765 -0.901858 -1.93538
7 3 2 -0.121669 0.541521 -0.831836 -2.21232
8 3 2 -0.347157 0.227145 -0.909883 -2.4061
6 4 2 0.0942938 -0.0795487 -0.992361 -2.70403
7 4 2 0.0440724 -0.00391682 -0.999021 -2.79367
8 4 2 0.194446 0.0131749 -0.980825 -2.80867
6 5 2 0.125995 0.0125069 -0.991952 -2.78577
7 5 2 0.205878 0.236199 -0.949644 -2.64814
8 5 2 -0.0223955 -0.000188867 -0.999749 -2.82838
0 6 0 -0.0719194 0.305145 -0.949586 -2.88118
1 6 0 0.0828879 0.193487 -0.977595 -2.64554
2 6 0 -0.0266847 -0.376957 -0.925846 -2.46485
0 7 0 -0.140939 0.122368 -0.982427 -2.91389
1 7 0 0.0439226 -0.202251 -0.978348 -2.67473
2 7 0 0.274831 0.170701 -0.946218 -2.66115
0 8 0 -0.0571861 0.0472007 -0.997247 -2.8497
1 8 0 -0.383701 -0.251775 -0.888472 -2.65199
2 8 0 0.211466 -0.322422 -0.922673 -2.7062
0 6 1 -0.0638417 0.108536 -0.99204 -2.90085
1 6 1 -0.195281 0.0218587 -0.980504 -2.7475
2 6 1 0.0826619 -0.0608475 -0.994718 -2.83451
0 7 1 0.0455184 0.0142499 -0.998862 -2.95093
1 7 1 0.125681 -0.212083 -0.969136 -2.87915
2 7 1 0.254712 -0.102493 -0.96157 -2.62942
0 8 1 0.00892366 -0.00393225 -0.999952 -2.84445
1 8 1 0.245029 -0.0952567 -0.964825 -2.81858
2 8 1 -0.125763 -0.285463 -0.950102 -2.75019
0 6 2 -0.364591 -0.231786 -0.901858 -2.33154
1 6 2 0.55485 -0.0137753 -0.831836 -2.12728
2 6 2 -0.472075 -0.00500797 -0.881544 -2.08239
0 7 2 0.121249 0.0227576 -0.992361 -2.83796
1 7 2 0.274478 0.212613 -0.937794 -2.78291
2 7 2 -0.125718 0.434082 -0.892058 -2.36365
0 8 2 -0.115343 0.0522231 -0.991952 -2.92083
1 8 2 0.312567 -0.0218586 -0.949644 -2.58271
2 8 2 0.365638 -0.500078 -0.785004 -1.93619
3 6 0 0.125893 0.287118 -0.949586 -2.64135
4 6 0 -0.0342167 0.207694 -0.977595 -2.65279
5 6 0 0.0493078 -0.37467 -0.925846 -2.50235
3 7 0 -0.0393601 -0.182451 -0.982427 -2.65955
4 7 0 -0.291263 -0.487673 -0.823007 -2.29712
5 7 0 0.29878 0.349388 -0.888064 -1.86272
3 8 0 -0.0740326 -0.0041639 -0.997247 -2.83494
4 8 0 0.174951 -0.424275 -0.888472 -2.43217
5 8 0 -0.289864 0.254269 -0.922673 -2.59299
3 6 1 0.122675 -0.240367 -0.962899 -2.67272
4 6 1 -0.0973638 0.170683 -0.980504 -2.3791
5 6 1 -0.231594 -0.398792 -0.887316 -2.45024
3 7 1 0.0408377 -0.826507 -0.561443 -1.9657
4 7 1 -0.675874 -0.678792 -0.287115 -1.48608
5 7 1 -0.47146 -0.784818 -0.402227 -1.54371
3 8 1 -0.0065363 -0.00723679 -0.999952 -2.63246
4 8 1 0.0702487 0.253334 -0.964825 -2.28332
5 8 1 0.285762 0.125082 -0.950102 -2.2528
3 6 2 0.427698 0.0610416 -0.901858 -2.45537
4 6 2 -0.304637 0.493389 -0.814717 -2.40006
5 6 2 -0.563194 0.546551 -0.619754 -1.90997
3 7 2 0.118756 -0.0334108 -0.992361 -2.67692
4 7 2 -0.000937165 0.0442362 -0.999021 -2.34579
5 7 2 0.0247116 -0.451244 -0.892058 -2.00347
3 8 2 -0.0880292 -0.0910056 -0.991952 -2.86254
4 8 2 -0.229157 -0.213688 -0.949644 -2.38651
5 8 2 -0.353295 0.388758 -0.850911 -1.94944
6 6 0 -0.193893 0.246356 -0.949586 -2.74193
7 6 0 -0.126343 -0.16836 -0.977595 -2.44929
8 6 0 0.336617 0.171749 -0.925846 -2.34784
6 7 0 -0.0924428 0.162148 -0.982427 -2.7314
7 7 0 -0.0343872 0.204089 -0.978348 -2.90014
8 7 0 -0.319364 0.330679 -0.888064 -2.44978
6 8 0 -0.0635229 0.0382492 -0.997247 -2.75515
7 8 0 0.156436 0.228132 -0.96098 -2.50361
8 8 0 -0.108934 -0.369875 -0.922673 -2.6085
6 6 1 -0.119023 -0.0411009 -0.99204 -2.71617
7 6 1 0.191835 -0.0425648 -0.980504 -2.76157
8 6 1 -0.0832798 -0.174436 -0.98114 -2.77467
6 7 1 0.369884 -0.530583 -0.762671 -2.08403
7 7 1 0.167126 0.181228 -0.969136 -2.5614
8 7 1 0.100752 0.255405 -0.96157 -2.74731
6 8 1 0.00741747 0.00633053 -0.999952 -2.32757
7 8 1 -0.558895 0.674569 -0.482279 -1.3433
8 8 1 -0.0561669 -0.30684 -0.950102 -2.46304
6 6 2 0.0251553 0.431299 -0.901858 -2.41651
7 6 2 -0.392671 -0.230641 -0.890289 -2.35037
8 6 2 0.260924 -0.393444 -0.881544 -2.52446
6 7 2 -0.0641521 -0.105375 -0.992361 -2.554
7 7 2 -0.0168958 0.0408932 -0.999021 -2.76353
8 7 2 0.451891 0.00514446 -0.892058 -2.70921
6 8 2 -0.841336 -0.25376 -0.477242 -2.01188
7 8 2 -0.305373 -0.0701651 -0.949644 -2.55359
8 8 2 0.0192503 0.0114465 -0.999749 -2.79586
0 0 3 0.116331 -0.291123 -0.949586 -1.89287
1 0 3 -0.0690391 0.19885 -0.977595 -1.93073
2 0 3 0.187658 0.328014 -0.925846 -1.83575
0 1 3 -0.0182326 -0.185756 -0.982427 -1.74475
1 1 3 0.196062 -0.0662894 -0.978348 -2.03341
2 1 3 -0.354363 0.292862 -0.888064 -1.05119
0 2 3 -0.0597767 -0.0438737 -0.997247 -1.7121
1 2 3 0.802901 -0.101212 -0.587457 -0.822778
2 2 3 -0.543967 0.349793 0.762722 1.40438
0 0 4 -0.0156725 -0.0225097 0.999624 -1.62752
1 0 4 -0.285812 0.462666 0.839197 -0.723126
2 0 4 -0.43693 -0.784129 0.440719 -0.590721
0 1 4 0.329216 -0.563408 0.757752 -1.54047
1 1 4 0.676882 -0.536595 0.503881 -1.06246
2 1 4 -0.535752 0.0612817 0.842149 -0.746021
0 2 4 0.261015 -0.135462 0.955783 -1.7762
1 2 4 0.603727 -0.414056 0.681228 -1.87619
2 2 4 0.49873 0.829816 0.250346 -0.932863
0 0 5 0.504869 -0.280407 0.816382 -2.43828
1 0 5 -0.315348 0.183704 0.931025 -2.50672
2 0 5 0.0647197 0.0379598 0.997181 -2.39494
0 1 5 0.23927 -0.0937711 0.966414 -2.78454
1 1 5 0.0638691 -0.0235642 0.99768 -2.69164
2 1 5 0.188575 0.100212 0.976932 -2.64247
0 2 5 -0.326256 -0.345747 0.879782 -2.56731
1 2 5 0.00537138 -0.0162182 0.999854 -2.68418
2 2 5 -0.276847 0.383952 0.880873 -2.01059
3 0 3 -0.297646 -0.0984509 -0.949586 -1.78251
4 0 3 0.00911087 0.210297 -0.977595 -1.65879
5 0 3 0.46195 -0.13562 -0.876476 -1.76887
3 1 3 0.162142 -0.0924546 -0.982427 -1.82397
4 1 3 0.328724 0.463249 -0.823007 -1.89388
5 1 3 0.179818 0.423092 -0.888064 -1.74996
3 2 3 0.0677817 0.0300632 -0.997247 -1.00545
4 2 3 -0.203568 -0.411312 -0.888472 -2.26598
5 2 3 -0.120651 -0.36622 -0.922673 -1.30002
3 0 4 -0.0190526 -0.019731 0.999624 -1.43607
4 0 4 0.473987 0.266616 0.839197 -1.25367
5 0 4 0.279079 0.85316 0.440719 -1.49023
3 1 4 -0.0859031 0.646864 0.757752 -1.61086
4 1 4 -0.458274 0.732181 0.503881 -0.984138
5 1 4 0.51222 0.45362 0.729287 -1.52591
3 2 4 -0.0706419 0.0111675 0.997439 -0.877395
4 2 4 -0.790319 -0.59935 0.127183 -0.752309
5 2 4 -0.163072 -0.189148 0.968313 -1.38356
3 0 5 -0.524625 -0.241432 0.816382 -2.55804
4 0 5 -0.255637 0.260464 0.931025 -2.54535
5 0 5 -0.0716321 0.0223256 0.997181 -2.46257
3 1 5 -0.198783 0.270496 0.941975 -2.42005
4 1 5 0.0176736 -0.0657433 0.99768 -2.52659
5 1 5 0.128508 0.170554 0.976932 -2.71665
3 2 5 0.324856 -0.713414 0.620894 -1.56158
4 2 5 -0.00376296 0.016665 0.999854 -2.2241
5 2 5 0.490724 -0.316789 0.811686 -2.28132
6 0 3 0.325454 0.881754 -0.341453 -0.0830871
7 0 3 0.205981 -0.0433537 -0.977595 -1.54861
8 0 3 -0.116557 -0.359476 -0.925846 -1.48274
6 1 3 0.133338 -0.130609 -0.982427 -1.04557
7 1 3 -0.13058 -0.160572 -0.978348 -1.5454
8 1 3 0.96401 -0.15128 -0.218628 -0.337763
6 2 3 -0.979578 0.199937 -0.0212768 -0.492018
7 2 3 -0.450896 -0.085498 -0.888472 -1.43418
8 2 3 0.289847 -0.146831 -0.945743 -1.5185
6 0 4 0.0203093 -0.0184349 0.999624 -1.81913
7 0 4 -0.475992 0.371234 0.797256 -1.76264
8 0 4 -0.530962 -0.23987 0.812737 -1.67751
6 1 4 0.309923 -0.261595 0.914065 -1.61114
7 1 4 -0.406526 0.328761 0.85244 -1.64283
8 1 4 -0.110738 0.527752 0.842149 -1.49865
6 2 4 0.247058 -0.159503 0.955783 -2.1419
7 2 4 0.0518321 0.0132596 0.998568 -1.39965
8 2 4 0.199042 -0.150837 0.968313 -1.61193
6 0 5 0.42661 0.134887 0.894321 -2.42102
7 0 5 -0.0694637 0.22421 0.972062 -2.52387
8 0 5 -0.0596473 -0.0455169 0.997181 -2.69212
6 1 5 -0.229267 -0.245193 0.941975 -2.55807
7 1 5 -0.130858 -0.254934 0.958063 -2.72817
8 1 5 0.213505 -0.00433333 0.976932 -2.53445
6 2 5 -0.0296235 0.474454 0.879782 -2.37005
7 2 5 -0.0159393 -0.00614977 0.999854 -2.86051
8 2 5 0.0301563 -0.384549 0.922612 -2.78322
0 3 3 0.234342 -0.208253 -0.949586 -1.81447
1 3 3 0.208079 -0.0317938 -0.977595 -1.94994
2 3 3 0.234901 0.296024 -0.925846 -1.28435
0 4 3 0.125443 0.138209 -0.982427 -1.76671
1 4 3 0.106495 0.177464 -0.978348 -1.8523
2 4 3 -0.304275 -0.344613 -0.888064 -1.49163
0 5 3 0.690434 -0.6418 -0.333756 -1.25105
1 5 3 0.193593 -0.197581 -0.96098 -1.85737
2 5 3 -0.198911 0.330316 -0.922673 -1.45039
0 3 4 0.0246503 -0.0120283 0.999624 -1.45214
1 3 4 0.476212 -0.262622 0.839197 -1.63046
2 3 4 0.729089 0.523638 0.440719 -1.59488
0 4 4 0.650549 0.0509724 0.757752 -1.27925
1 4 4 0.0638223 0.0904476 0.993854 -1.52405
2 4 4 0.42643 0.330065 0.842149 -1.65461
0 5 4 0.0524197 -0.753288 0.655598 -1.95084
1 5 4 0.484733 -0.659742 0.57426 -0.969778
2 5 4 -0.227761 0.102443 0.968313 -1.42129
0 3 5 -0.0988581 -0.568988 0.816382 -2.55801
1 3 5 -0.250185 -0.265705 0.931025 -2.66396
2 3 5 0.0728966 0.0177671 0.997181 -2.52586
0 4 5 -0.119088 -0.313849 0.941975 -2.32972
1 4 5 -0.222655 -0.180389 0.958063 -2.61948
2 4 5 0.150015 0.151982 0.976932 -2.54213
0 5 5 0.314769 -0.250524 0.91551 -2.52237
1 5 5 0.395254 -0.272996 0.877067 -2.53759
2 5 5 0.575627 0.0990893 0.811686 -2.56241
3 3 3 0.310078 -0.0462352 -0.949586 -1.91132
4 3 3 0.0166592 -0.209834 -0.977595 -1.80049
5 3 3 -0.26643 0.268 -0.925846 -1.20875
3 4 3 0.0928216 0.161932 -0.982427 -1.81648
4 4 3 0.196281 0.533041 -0.823007 -1.61333
5 4 3 0.077366 -0.453162 -0.888064 -1.26427
3 5 3 -0.0332168 -0.0662933 -0.997247 -1.84636
4 5 3 0.387047 0.2466 -0.888472 -1.55372
5 5 3 -0.339403 -0.182974 -0.922673 -1.82299
3 3 4 0.0006946 -0.0274195 0.999624 -1.51781
4 3 4 -0.542083 -0.0435246 0.839197 -1.66377
5 3 4 -0.0112013 -0.214141 0.976739 -1.75147
3 4 4 -0.362729 -0.304057 0.880896 -1.48489
4 4 4 -0.468327 0.232416 0.85244 -1.85137
5 4 4 0.115601 0.526708 0.842149 -1.53913
3 5 4 0.288777 0.0555607 0.955783 -1.67615
4 5 4 0.0061372 -0.0531481 0.998568 -1.41609
5 5 4 0.483819 0.838597 0.250346 -0.554326
3 3 5 -0.0982163 -0.569099 0.816382 -2.36975
4 3 5 -0.328878 0.158212 0.931025 -2.74555
5 3 5 -0.00177445 0.0750096 0.997181 -2.77898
3 4 5 -0.326176 -0.0793221 0.941975 -2.16643
4 4 5 -0.141713 0.249064 0.958063 -2.68416
5 4 5 0.202764 0.0670052 0.976932 -2.63123
3 5 5 0.783319 -0.0300241 0.620894 -2.25701
4 5 5 0.427308 -0.219456 0.877067 -2.49562
5 5 5 0.580651 0.0633241 0.811686 -2.30197
6 3 3 -0.623254 0.703537 -0.341453 -0.832404
7 3 3 0.11499 -0.176309 -0.977595 -1.74281
8 3 3 -0.276663 0.257422 -0.925846 -1.91525
6 4 3 -0.185367 0.0218346 -0.982427 -1.5199
7 4 3 0.531443 -0.200567 -0.823007 -1.96396
8 4 3 0.0926236 0.450291 -0.888064 -2.03247
6 5 3 0.0136715 -0.0728783 -0.997247 -1.95161
7 5 3 -0.112202 -0.252838 -0.96098 -1.90196
8 5 3 0.307477 0.232663 -0.922673 -1.92136
6 3 4 -0.0175273 0.0210976 0.999624 -1.6846
7 3 4 -0.627973 -0.778014 -0.0185208 -0.9003
8 3 4 -0.577458 -0.687248 0.440719 -0.794465
6 4 4 0.293544 0.371288 0.880896 -0.98484
7 4 4 -0.689753 -0.664685 -0.287115 0.134166
8 4 4 -0.0753902 0.693292 0.716702 0.169513
6 5 4 0.0293629 -0.292603 0.955783 -1.26356
7 5 4 -0.0422929 -0.730849 0.681228 -1.48579
8 5 4 0.666511 -0.702204 0.250346 -1.09451
6 3 5 -0.164081 0.416255 0.894321 -2.75158
7 3 5 -0.166662 0.165285 0.972062 -2.36115
8 3 5 -0.00666792 0.0747337 0.997181 -2.49563
6 4 5 0.168857 0.290121 0.941975 -2.74288
7 4 5 -0.065859 -0.0172376 0.99768 -2.2373
8 4 5 -0.000965713 -0.213546 0.976932 -2.591
6 5 5 -0.417018 -0.22821 0.879782 -2.22015
7 5 5 -0.0149168 -0.00832889 0.999854 -2.73341
8 5 5 -0.116324 -0.367771 0.922612 -2.51343
0 6 3 0.313353 0.00977573 -0.949586 -1.56115
1 6 3 0.0721981 0.197725 -0.977595 -2.14744
2 6 3 -0.165451 -0.339757 -0.925846 -1.65643
0 7 3 -0.165718 -0.0858786 -0.982427 -1.83321
1 7 3 0.558654 -0.102784 -0.823007 -1.58138
2 7 3 0.0759002 0.0891718 -0.99312 -1.87786
0 8 3 -0.0381077 -0.0636079 -0.997247 -1.89663
1 8 3 -0.0853478 0.450924 -0.888472 -1.81875
2 8 3 -0.32 0.215114 -0.922673 -1.78645
0 6 4 0.000289821 -0.0274268 0.999624 -0.865471
1 6 4 -0.994844 -0.0997084 -0.0185208 0.117413
2 6 4 -0.154479 0.148721 0.976739 -1.37223
0 7 4 -0.342036 -0.217935 0.914065 -1.89335
1 7 4 0.0543302 -0.0964483 0.993854 -1.20873
2 7 4 -0.141035 -0.682969 0.716702 -1.06744
0 8 4 0.0590334 -0.288087 0.955783 -1.50094
1 8 4 0.818615 0.00975259 0.57426 -0.968128
2 8 4 0.645783 -0.721312 0.250346 -1.05136
0 6 5 -0.603195 -0.495663 0.62488 -1.95214
1 6 5 -0.267244 0.24854 0.931025 -2.14234
2 6 5 0.0723384 0.0199185 0.997181 -2.73704
0 7 5 -0.299331 -0.151934 0.941975 -2.08211
1 7 5 -0.191461 -0.213209 0.958063 -2.61229
2 7 5 0.456699 0.363571 0.811937 -1.96027
0 8 5 0.771362 0.139609 0.620894 -1.75498
1 8 5 -0.149839 0.4564 0.877067 -1.93191
2 8 5 0.316758 -0.490744 0.811686 -2.01249
3 6 3 0.292972 -0.111594 -0.949586 -1.90914
4 6 3 0.107085 -0.181219 -0.977595 -1.82655
5 6 3 -0.00329848 -0.377886 -0.925846 -1.48609
3 7 3 0.181561 -0.0432822 -0.982427 -1.91383
4 7 3 0.131244 -0.552661 -0.823007 -1.26516
5 7 3 0.0519945 -0.974422 -0.218628 -1.50135
3 8 3 -0.0376525 0.0638784 -0.997247 -1.76159
4 8 3 0.31559 0.745183 -0.587457 -1.59302
5 8 3 0.385304 0.0146478 -0.922673 -1.23564
3 6 4 0.0244408 -0.0124484 0.999624 -1.87422
4 6 4 0.543459 -0.0200211 0.839197 -1.62283
5 6 4 0.154894 -0.148289 0.976739 -1.49048
3 7 4 0.0494461 0.0450903 0.997758 -1.79876
4 7 4 -0.0317277 0.106054 0.993854 -1.31582
5 7 4 0.444739 -0.652586 0.613465 -1.11451
3 8 4 0.25253 0.15069 0.955783 -1.17523
4 8 4 0.534072 0.835818 0.127183 -1.70635
5 8 4 0.662714 0.651654 0.368994 -1.64268
3 6 5 0.368339 -0.254002 0.894321 -2.65148
4 6 5 -0.35839 -0.0689063 0.931025 -2.28536
5 6 5 0.261737 -0.0900651 0.960928 -2.34023
3 7 5 0.0540773 -0.331298 0.941975 -2.53089
4 7 5 0.0869908 0.273035 0.958063 -2.63915
5 7 5 -0.530219 0.244184 0.811937 -1.67862
3 8 5 -0.460781 -0.116899 0.879782 -2.32746
4 8 5 0.236107 0.418338 0.877067 -2.42143
5 8 5 0.236744 0.533964 0.811686 -2.37643
6 6 3 -0.150291 -0.275133 -0.949586 -1.7971
7 6 3 -0.0200204 0.20954 -0.977595 -1.78079
8 6 3 0.288017 0.244653 -0.925846 -2.02816
6 7 3 -0.129968 -0.133963 -0.982427 -1.42014
7 7 3 -0.426895 0.374726 -0.823007 -1.5871
8 7 3 0.0985075 -0.308168 -0.946218 -1.73997
6 8 3 -0.88985 -0.214699 -0.402581 -0.70157
7 8 3 -0.36669 -0.275963 -0.888472 -1.80402
8 8 3 0.274633 -0.270649 -0.922673 -1.7795
6 6 4 -0.0201786 0.0185779 0.999624 -1.65129
7 6 4 -0.364472 -0.481189 0.797256 -1.56679
8 6 4 0.398775 -0.804205 0.440719 -0.970234
6 7 4 -0.423486 0.211382 0.880896 -1.46251
7 7 4 -0.107697 -0.0256002 0.993854 -1.67991
8 7 4 -0.688282 0.112276 0.716702 -0.93704
6 8 4 0.132783 0.262388 0.955783 -1.65605
7 8 4 -0.52112 0.631395 0.57426 -1.29212
8 8 4 -0.193534 0.157843 0.968313 -1.49894
6 6 5 -0.452865 0.635955 0.62488 -1.95867
7 6 5 -0.234611 -0.00729317 0.972062 -2.73052
8 6 5 0.0729283 -0.0176367 0.997181 -2.38973
6 7 5 0.00240916 0.335674 0.941975 -2.62348
7 7 5 0.0218626 0.0644714 0.99768 -2.7209
8 7 5 0.565452 0.144993 0.811937 -1.99893
6 8 5 -0.451571 0.148553 0.879782 -2.21532
7 8 5 0.195547 -0.438765 0.877067 -2.06161
8 8 5 0.167694 -0.559503 0.811686 -2.28378
0 0 6 0.174898 -0.137496 0.974939 -2.77196
1 0 6 0.258345 0.587146 0.767149 -2.06519
2 0 6 0.164596 0.409386 0.897391 -2.63961
0 1 6 0.095389 -0.0305222 0.994972 -2.53768
1 1 6 -0.215716 0.0724962 0.973761 -2.60421
2 1 6 0.0456063 0.634609 0.771486 -2.4348
0 2 6 -0.645052 0.245918 0.723487 -2.06508
1 2 6 -0.105454 -0.11774 0.987429 -2.79439
2 2 6 0.0868021 -0.00351091 0.996219 -2.77445
0 0 7 -0.0193825 -0.019407 0.999624 -1.85902
1 0 7 -0.0540831 -0.541131 0.839197 -1.26132
2 0 7 0.684621 0.580569 0.440719 -1.54512
0 1 7 0.409075 0.238077 0.880896 -1.44766
1 1 7 -0.0775595 -0.517041 0.85244 -1.54601
2 1 7 0.724664 0.313885 0.613465 -1.72189
0 2 7 0.285668 0.069804 0.955783 -1.2418
1 2 7 0.0520835 0.012235 0.998568 -1.81611
2 2 7 0.16384 0.188484 0.968313 -1.49816
0 0 8 0.432029 0.00161085 -0.901858 -1.54963
1 0 8 -0.453743 -0.319633 -0.831836 -1.55519
2 0 8 0.453225 0.132162 -0.881544 -2.03327
0 1 8 -0.0633605 0.105853 -0.992361 -1.78262
1 1 8 0.240855 -0.510836 -0.825248 -1.76768
2 1 8 0.425665 0.151793 -0.892058 -2.06118
0 2 8 0.12661 0.00104737 -0.991952 -1.78506
1 2 8 0.0745921 -0.304322 -0.949644 -1.79789
2 2 8 0.327616 -0.525773 -0.785004 -1.67069
3 0 6 -0.0771739 -0.208659 0.974939 -2.76043
4 0 6 0.0389731 -0.289812 0.95629 -2.60339
5 0 6 -0.154269 -0.413388 0.897391 -2.57664
3 1 6 -0.0489019 0.0874029 0.994972 -2.73783
4 1 6 0.257079 0.465453 0.846914 -2.46618
5 1 6 0.0362801 0.0881559 0.995446 -2.70762
3 2 6 -0.121902 0.0560325 0.990959 -2.69951
4 2 6 0.0895598 -0.130239 0.987429 -2.55001
5 2 6 0.0524818 -0.0692285 0.996219 -2.89489
3 0 7 0.0160951 0.0222095 0.999624 -1.60839
4 0 7 -0.538909 -0.0729723 0.839197 -1.64526
5 0 7 -0.557399 0.169601 0.812737 -1.66772
3 1 7 0.465789 0.0840467 0.880896 -1.59081
4 1 7 -0.261226 0.452888 0.85244 -1.67057
5 1 7 -0.436917 0.543545 0.716702 -1.40786
3 2 7 -0.0986957 -0.277016 0.955783 -1.50832
4 2 7 -0.461526 0.67618 0.57426 -1.48174
5 2 7 0.131172 0.212517 0.968313 -1.76831
3 0 8 -0.218406 0.37276 -0.901858 -1.54796
4 0 8 0.553917 -0.0349855 -0.831836 -1.36302
5 0 8 0.766545 -0.168264 -0.619754 -1.26265
3 1 8 -0.0659751 -0.104243 -0.992361 -1.82545
4 1 8 -0.17144 -0.53812 -0.825248 -1.46024
5 1 8 0.388822 -0.230324 -0.892058 -1.64089
3 2 8 -0.104792 -0.0710624 -0.991952 -1.52483
4 2 8 -0.505706 0.0599362 -0.860622 -1.58496
5 2 8 0.397114 0.475468 -0.785004 -1.33477
6 0 6 -0.0453422 0.217804 0.974939 -2.63307
7 0 6 0.641423 -0.00772091 0.767149 -2.19963
8 0 6 -0.148096 0.0617019 0.987046 -2.65863
6 1 6 -0.241526 -0.08849 0.966351 -2.82826
7 1 6 -0.180804 0.1382 0.973761 -2.5129
8 1 6 -0.734392 0.114416 0.669012 -1.94893
6 2 6 0.126877 -0.0436117 0.990959 -2.8538
7 2 6 0.0823648 -0.134904 0.987429 -2.92602
8 2 6 -0.151315 -0.129538 0.979961 -2.42194
6 0 7 -0.0262994 0.00778813 0.999624 -1.77744
7 0 7 0.448338 0.3078 0.839197 -1.60624
8 0 7 -0.0042409 0.137678 0.990468 -1.46141
6 1 7 0.0263277 -0.472578 0.880896 -1.52682
7 1 7 -0.0842247 -0.515997 0.85244 -1.62507
8 1 7 -0.109823 -0.688677 0.716702 -1.29558
6 2 7 0.211892 0.203914 0.955783 -1.83608
7 2 7 0.00700376 0.0530409 0.998568 -1.4426
8 2 7 -0.863666 -0.437501 0.250346 -0.291817
6 0 8 0.408721 -0.139996 -0.901858 -1.7268
7 0 8 0.407366 0.203563 -0.890289 -1.71886
8 0 8 -0.199851 -0.427714 -0.881544 -1.5509
6 1 8 0.0160591 -0.122317 -0.992361 -1.99456
7 1 8 -0.0337068 -0.028663 -0.999021 -1.83727
8 1 8 -0.420581 -0.165357 -0.892058 -1.8278
6 2 8 -0.125116 0.0194174 -0.991952 -1.8095
7 2 8 0.20929 0.233181 -0.949644 -1.79364
8 2 8 0.514368 0.106657 -0.850911 -1.68829
0 3 6 0.131295 0.179599 0.974939 -2.47426
1 3 6 0.291039 -0.0283923 0.95629 -2.62793
2 3 6 0.154003 -0.0449738 0.987046 -2.51585
0 4 6 0.572469 0.646968 0.503699 -1.5153
1 4 6 0.388161 0.363411 0.846914 -2.12043
2 4 6 -0.0686809 -0.740071 0.669012 -1.33603
0 5 6 0.433825 -0.536994 0.723487 -1.85053
1 5 6 -0.119502 -0.103453 0.987429 -2.62455
2 5 6 0.0759524 -0.0421682 0.996219 -2.40103
0 3 7 0.0261339 0.00832658 0.999624 -1.68855
1 3 7 -0.523928 0.145766 0.839197 -1.30131
2 3 7 -0.313451 -0.841139 0.440719 -0.89441
0 4 7 0.0496866 -0.470695 0.880896 -1.02418
1 4 7 0.408255 -0.326611 0.85244 -1.74452
2 4 7 0.507064 -0.478773 0.716702 -1.3144
0 5 7 -0.168948 0.240698 0.955783 -1.28554
1 5 7 -0.0534889 0.00115296 0.998568 -1.51914
2 5 7 0.113491 -0.961482 0.250346 -0.301878
0 3 8 -0.306428 -0.651456 -0.694051 -1.69022
1 3 8 -0.395704 -0.389187 -0.831836 -1.57066
2 3 8 0.730452 -0.286958 -0.619754 -1.42099
0 4 8 -0.0688165 -0.102389 -0.992361 -1.85079
1 4 8 0.181176 -0.534921 -0.825248 -1.93011
2 4 8 -0.450039 0.0411918 -0.892058 -1.16979
0 5 8 -0.0828877 -0.095712 -0.991952 -1.80666
1 5 8 0.125052 -0.551919 -0.824468 -1.8488
2 5 8 0.449389 -0.272029 -0.850911 -1.79561
3 3 6 -0.0663081 0.212362 0.974939 -2.60394
4 3 6 -0.291468 -0.0235765 0.95629 -2.79407
5 3 6 0.00894701 -0.160186 0.987046 -2.72692
3 4 6 0.0352116 0.863162 0.503699 -0.90401
4 4 6 -0.528386 -0.0595395 0.846914 -2.36407
5 4 6 -0.415895 -0.546236 0.727088 -2.03137
3 5 6 0.0720142 -0.113197 0.990959 -2.47052
4 5 6 0.0712501 0.141091 0.987429 -2.63619
5 5 6 0.0660574 -0.187917 0.979961 -2.45483
3 3 7 -0.0240589 0.0131713 0.999624 -1.61777
4 3 7 0.0626697 0.441194 0.895221 -1.84757
5 3 7 -0.469435 0.345093 0.812737 -2.04778
3 4 7 -0.443386 -0.165626 0.880896 -1.23997
4 4 7 -0.337517 0.399286 0.85244 -1.78449
5 4 7 -0.637619 0.465944 0.613465 -1.11001
3 5 7 -0.158241 0.247868 0.955783 -1.36737
4 5 7 -0.0507793 -0.0168479 0.998568 -1.49363
5 5 7 -0.0563938 -0.966513 0.250346 -0.226196
3 3 8 0.0184319 0.373026 -0.927638 -1.61154
4 3 8 -0.36593 0.417305 -0.831836 -1.72045
5 3 8 -0.498875 0.605829 -0.619754 -1.72236
3 4 8 0.0648423 -0.104951 -0.992361 -1.82688
4 4 8 0.553696 0.111291 -0.825248 -1.29195
5 4 8 0.140539 0.429512 -0.892058 -1.89004
3 5 8 -0.108164 -0.0658165 -0.991952 -1.88579
4 5 8 -0.224032 -0.219056 -0.949644 -1.35847
5 5 8 0.0543002 0.617107 -0.785004 -1.43313
6 3 6 -0.0254433 -0.221013 0.974939 -2.81565
7 3 6 0.131542 -0.261164 0.95629 -2.59654
8 3 6 -0.0850923 0.13601 0.987046 -2.56716
6 4 6 0.246142 0.0746943 0.966351 -2.51818
7 4 6 0.163104 0.506096 0.846914 -2.27148
8 4 6 0.623299 0.127702 0.771486 -2.13551
6 5 6 -0.0295511 -0.130868 0.990959 -2.87587
7 5 6 -0.156832 -0.0196665 0.987429 -2.86319
8 5 6 0.0626963 0.060134 0.996219 -2.27859
6 3 7 0.0242985 0.0127238 0.999624 -1.74775
7 3 7 -0.536492 -0.0890178 0.839197 -1.69641
8 3 7 -0.392891 0.807096 0.440719 -0.907951
6 4 7 -0.316244 -0.352154 0.880896 -1.6299
7 4 7 -0.430408 -0.29681 0.85244 -1.45403
8 4 7 -0.334202 0.715521 0.613465 -0.814596
6 5 7 -0.20218 -0.213547 0.955783 -1.69716
7 5 7 -0.0155519 -0.000645038 0.999879 -1.47684
8 5 7 -0.967748 -0.0281183 0.250346 -0.924376
6 3 8 -0.358522 -0.104641 -0.927638 -1.66351
7 3 8 -0.430833 0.349901 -0.831836 -1.74567
8 3 8 0.0397957 -0.470421 -0.881544 -1.60662
6 4 8 -0.0312632 0.11934 -0.992361 -1.91162
7 4 8 0.0180093 0.0404151 -0.999021 -1.79501
8 4 8 -0.145757 -0.42777 -0.892058 -1.83045
6 5 8 0.0496004 -0.116494 -0.991952 -1.80633
7 5 8 0.0604627 -0.307441 -0.949644 -1.64025
8 5 8 -0.31938 -0.530816 -0.785004 -2.22553
0 6 6 -0.213795 0.0615311 0.974939 -2.3561
1 6 6 -0.256493 0.140432 0.95629 -2.77752
2 6 6 -0.0446399 -0.1541 0.987046 -2.36422
0 7 6 -0.253109 0.825968 0.503699 -1.4188
1 7 6 -0.0962877 -0.206199 0.973761 -2.23378
2 7 6 0.198167 0.716347 0.669012 -2.14995
0 8 6 0.0928118 -0.0968797 0.990959 -2.4862
1 8 6 -0.101349 -0.121291 0.987429 -2.71955
2 8 6 -0.068527 0.0533945 0.996219 -2.26993
0 6 7 -0.575029 -0.181061 0.797846 -1.47047
1 6 7 -0.0688235 -0.539455 0.839197 -1.2286
2 6 7 -0.371722 0.817062 0.440719 -0.172092
0 7 7 0.310497 0.260913 0.914065 -1.46546
1 7 7 0.382891 0.356007 0.85244 -1.70249
2 7 7 0.438285 0.314153 0.842149 -1.3259
0 8 7 0.0969198 0.277643 0.955783 -1.66515
1 8 7 -0.0533978 -0.00332646 0.998568 -1.4332
2 8 7 0.921104 0.298152 0.250346 -1.32473
0 6 8 0.257781 0.270253 -0.927638 -1.46208
1 6 8 0.124087 -0.566426 -0.814717 -1.41065
2 6 8 -0.761237 -0.190849 -0.619754 -1.43346
0 7 8 -0.121045 -0.0238222 -0.992361 -1.79681
1 7 8 -0.269324 0.496417 -0.825248 -1.39481
2 7 8 -0.183911 0.0644938 -0.980825 -1.62109
0 8 8 0.0568882 -0.113115 -0.991952 -1.87877
1 8 8 -0.0266935 -0.312191 -0.949644 -1.68185
2 8 8 0.458237 -0.416879 -0.785004 -2.10439
3 6 6 0.211452 -0.0691541 0.974939 -2.73428
4 6 6 -0.636727 0.0778547 0.767149 -2.26334
5 6 6 -0.102191 0.123679 0.987046 -2.64462
3 7 6 0.180564 0.1832 0.966351 -2.61617
4 7 6 -0.0626536 -0.218778 0.973761 -2.32148
5 7 6 0.605928 0.430435 0.669012 -1.57923
3 8 6 -0.0450634 0.126368 0.990959 -2.85762
4 8 6 -0.150423 -0.048539 0.987429 -2.85487
5 8 6 -0.0830652 0.0254382 0.996219 -2.63453
3 6 7 0.00129071 0.027398 0.999624 -1.58237
4 6 7 -0.0860856 -0.53697 0.839197 -1.46075
5 6 7 -0.184979 -0.108465 0.976739 -1.53663
3 7 7 -0.318937 -0.349717 0.880896 -1.35242
4 7 7 -0.793921 -0.340285 0.503881 -1.26896
5 7 7 -0.288506 0.634903 0.716702 -1.6475
3 8 7 0.281179 0.0861249 0.955783 -1.59147
4 8 7 -0.0450191 0.0289079 0.998568 -1.68331
5 8 7 -0.00665065 0.24965 0.968313 -1.90021
3 6 8 -0.37309 0.0170787 -0.927638 -1.71525
4 6 8 -0.120888 0.541696 -0.831836 -1.4465
5 6 8 -0.239142 -0.339004 -0.909883 -1.18398
3 7 8 0.116131 0.041628 -0.992361 -1.92756
4 7 8 -0.0267974 -0.0352082 -0.999021 -1.74979
5 7 8 -0.889225 0.291524 -0.352551 -0.944713
3 8 8 0.0925996 0.0863509 -0.991952 -1.83836
4 8 8 -0.307107 0.0621383 -0.949644 -1.58953
5 8 8 -0.0527354 0.522656 -0.850911 -1.12426
6 6 6 0.0150439 0.221964 0.974939 -2.74937
7 6 6 -0.285085 0.0650864 0.95629 -2.57525
8 6 6 0.043585 -0.154401 0.987046 -2.87826
6 7 6 -0.213766 -0.143071 0.966351 -2.30797
7 7 6 0.507373 -0.159087 0.846914 -2.45709
8 7 6 0.0952971 0.00248216 0.995446 -2.54674
6 8 6 0.133019 0.0174821 0.990959 -2.79482
7 8 6 0.00883781 0.157813 0.987429 -2.45617
8 8 6 0.0496766 -0.0672347 0.9965 -2.60056
6 6 7 0.000846856 0.0274153 0.999624 -1.85481
7 6 7 0.543768 0.00799443 0.839197 -1.75202
8 6 7 -0.180514 0.115743 0.976739 -1.50113
6 7 7 0.440072 0.17424 0.880896 -1.55415
7 7 7 0.518369 0.0681233 0.85244 -1.88977
8 7 7 0.42297 -0.334487 0.842149 -1.71115
6 8 7 -0.126659 -0.265399 0.955783 -1.84751
7 8 7 0.404729 -0.610019 0.681228 -1.1701
8 8 7 0.901952 0.224336 0.368994 -1.06445
6 6 8 0.2266 0.296884 -0.927638 -1.7329
7 6 8 0.294105 0.470692 -0.831836 -1.48859
8 6 8 0.469777 -0.628661 -0.619754 -1.15853
6 7 8 0.0796288 -0.0942261 -0.992361 -1.89163
7 7 8 0.0152074 -0.0415506 -0.999021 -1.89288
8 7 8 0.330279 -0.308461 -0.892058 -1.84696
6 8 8 0.343826 -0.623573 -0.702097 -1.26967
7 8 8 -0.311142 0.0369666 -0.949644 -1.48665
8 8 8 0.18151 -0.559315 -0.808839 -2.05502
