best_acc averageInteractionsPerCrossing p_Rhad p_Rhad1 p_TRTTrackOccupancy p_topoetcone40 p_eTileGap3Cluster p_phiModCalo p_etaModCalo Number_of_settings Elapsed_time task_time_[mus] n_ranks
0.736772 44.8089 0.0386682 0.024703 0.47837 5.56126 0.296749 -3.17348e-06 0.0125392 390625 12.062 30.8787 128
0.736772 44.8089 0.0386682 0.024703 0.47837 5.56126 0.296749 -3.17348e-06 0.0125392 390625 22.456 57.4873 64
0.736772 44.8089 0.0386682 0.024703 0.47837 5.56126 0.296749 -3.17348e-06 0.0125392 390625 45.3838 116.182 32
0.736772 44.8089 0.0386682 0.024703 0.47837 5.56126 0.296749 -3.17348e-06 0.0125392 390625 91.5041 234.251 16
0.736772 44.8089 0.0386682 0.024703 0.47837 5.56126 0.296749 -3.17348e-06 0.0125392 390625 187.467 479.916 8
0.736772 44.8089 0.0386682 0.024703 0.47837 5.56126 0.296749 -3.17348e-06 0.0125392 390625 353.277 904.388 4
0.736772 44.8089 0.0386682 0.024703 0.47837 5.56126 0.296749 -3.17348e-06 0.0125392 390625 1037.27 2655.4 2
0.736772 44.8089 0.0386682 0.024703 0.47837 5.56126 0.296749 -3.17348e-06 0.0125392 390625 63.4593 162.456 22
0.736772 44.8089 0.0386682 0.024703 0.47837 5.56126 0.296749 -3.17348e-06 0.0125392 390625 60.0724 153.785 24
0.736772 44.8089 0.0386682 0.024703 0.47837 5.56126 0.296749 -3.17348e-06 0.0125392 390625 70.7127 181.025 20
0.736772 44.8089 0.0386682 0.024703 0.47837 5.56126 0.296749 -3.17348e-06 0.0125392 390625 77.7619 199.07 18
0.736772 44.8089 0.0386682 0.024703 0.47837 5.56126 0.296749 -3.17348e-06 0.0125392 390625 99.2579 254.1 14
0.736772 44.8089 0.0386682 0.024703 0.47837 5.56126 0.296749 -3.17348e-06 0.0125392 390625 116.874 299.198 12
0.736772 44.8089 0.0386682 0.024703 0.47837 5.56126 0.296749 -3.17348e-06 0.0125392 390625 49.928 127.816 28
0.736772 44.8089 0.0386682 0.024703 0.47837 5.56126 0.296749 -3.17348e-06 0.0125392 390625 54.0368 138.334 26
0.736772 44.8089 0.0386682 0.024703 0.47837 5.56126 0.296749 -3.17348e-06 0.0125392 390625 47.1849 120.793 30
0.736772 44.8089 0.0386682 0.024703 0.47837 5.56126 0.296749 -3.17348e-06 0.0125392 390625 41.7943 106.993 34
0.736772 44.8089 0.0386682 0.024703 0.47837 5.56126 0.296749 -3.17348e-06 0.0125392 390625 137.864 352.932 10
0.736772 44.8089 0.0386682 0.024703 0.47837 5.56126 0.296749 -3.17348e-06 0.0125392 390625 39.5413 101.226 36
0.736772 44.8089 0.0386682 0.024703 0.47837 5.56126 0.296749 -3.17348e-06 0.0125392 390625 37.2702 95.4118 38
0.736772 44.8089 0.0386682 0.024703 0.47837 5.56126 0.296749 -3.17348e-06 0.0125392 390625 32.5497 83.3274 44
0.736772 44.8089 0.0386682 0.024703 0.47837 5.56126 0.296749 -3.17348e-06 0.0125392 390625 36.311 92.956 40
0.736772 44.8089 0.0386682 0.024703 0.47837 5.56126 0.296749 -3.17348e-06 0.0125392 390625 34.0999 87.2958 42
0.736772 44.8089 0.0386682 0.024703 0.47837 5.56126 0.296749 -3.17348e-06 0.0125392 390625 29.9248 76.6074 48
0.736772 44.8089 0.0386682 0.024703 0.47837 5.56126 0.296749 -3.17348e-06 0.0125392 390625 28.6203 73.268 50
0.736772 44.8089 0.0386682 0.024703 0.47837 5.56126 0.296749 -3.17348e-06 0.0125392 390625 27.478 70.3436 52
0.736772 44.8089 0.0386682 0.024703 0.47837 5.56126 0.296749 -3.17348e-06 0.0125392 390625 25.8955 66.2926 56
0.736772 44.8089 0.0386682 0.024703 0.47837 5.56126 0.296749 -3.17348e-06 0.0125392 390625 26.4717 67.7676 54
0.736772 44.8089 0.0386682 0.024703 0.47837 5.56126 0.296749 -3.17348e-06 0.0125392 390625 23.8109 60.9559 60
0.736772 44.8089 0.0386682 0.024703 0.47837 5.56126 0.296749 -3.17348e-06 0.0125392 390625 24.6776 63.1746 58
0.736772 44.8089 0.0386682 0.024703 0.47837 5.56126 0.296749 -3.17348e-06 0.0125392 390625 23.0363 58.9729 62
0.736772 44.8089 0.0386682 0.024703 0.47837 5.56126 0.296749 -3.17348e-06 0.0125392 390625 22.3548 57.2284 66
0.736772 44.8089 0.0386682 0.024703 0.47837 5.56126 0.296749 -3.17348e-06 0.0125392 390625 20.754 53.1301 70
0.736772 44.8089 0.0386682 0.024703 0.47837 5.56126 0.296749 -3.17348e-06 0.0125392 390625 21.5427 55.1492 68
0.736772 44.8089 0.0386682 0.024703 0.47837 5.56126 0.296749 -3.17348e-06 0.0125392 390625 19.9012 50.9471 74
0.736772 44.8089 0.0386682 0.024703 0.47837 5.56126 0.296749 -3.17348e-06 0.0125392 390625 19.3146 49.4454 76
0.736772 44.8089 0.0386682 0.024703 0.47837 5.56126 0.296749 -3.17348e-06 0.0125392 390625 18.7048 47.8842 80
0.736772 44.8089 0.0386682 0.024703 0.47837 5.56126 0.296749 -3.17348e-06 0.0125392 390625 18.907 48.402 78
0.736772 44.8089 0.0386682 0.024703 0.47837 5.56126 0.296749 -3.17348e-06 0.0125392 390625 18.105 46.3488 82
0.736772 44.8089 0.0386682 0.024703 0.47837 5.56126 0.296749 -3.17348e-06 0.0125392 390625 16.7967 42.9994 88
0.736772 44.8089 0.0386682 0.024703 0.47837 5.56126 0.296749 -3.17348e-06 0.0125392 390625 16.9671 43.4357 86
0.736772 44.8089 0.0386682 0.024703 0.47837 5.56126 0.296749 -3.17348e-06 0.0125392 390625 15.7904 40.4234 94
0.736772 44.8089 0.0386682 0.024703 0.47837 5.56126 0.296749 -3.17348e-06 0.0125392 390625 15.6928 40.1735 96
0.736772 44.8089 0.0386682 0.024703 0.47837 5.56126 0.296749 -3.17348e-06 0.0125392 390625 14.5346 37.2085 102
0.736772 44.8089 0.0386682 0.024703 0.47837 5.56126 0.296749 -3.17348e-06 0.0125392 390625 13.6511 34.9467 110
0.736772 44.8089 0.0386682 0.024703 0.47837 5.56126 0.296749 -3.17348e-06 0.0125392 390625 14.3661 36.7771 104
0.736772 44.8089 0.0386682 0.024703 0.47837 5.56126 0.296749 -3.17348e-06 0.0125392 390625 12.6826 32.4674 118
0.736772 44.8089 0.0386682 0.024703 0.47837 5.56126 0.296749 -3.17348e-06 0.0125392 390625 13.5113 34.5889 112
0.736772 44.8089 0.0386682 0.024703 0.47837 5.56126 0.296749 -3.17348e-06 0.0125392 390625 12.0586 30.87 126
0.736772 44.8089 0.0386682 0.024703 0.47837 5.56126 0.296749 -3.17348e-06 0.0125392 390625 12.6379 32.3531 120
0.736772 44.8089 0.0386682 0.024703 0.47837 5.56126 0.296749 -3.17348e-06 0.0125392 390625 17.4723 44.7291 84
0.736772 44.8089 0.0386682 0.024703 0.47837 5.56126 0.296749 -3.17348e-06 0.0125392 390625 16.9308 43.3429 86
0.736772 44.8089 0.0386682 0.024703 0.47837 5.56126 0.296749 -3.17348e-06 0.0125392 390625 30.5972 78.3289 46
0.736772 44.8089 0.0386682 0.024703 0.47837 5.56126 0.296749 -3.17348e-06 0.0125392 390625 16.7236 42.8125 88
0.736772 44.8089 0.0386682 0.024703 0.47837 5.56126 0.296749 -3.17348e-06 0.0125392 390625 16.4152 42.0229 90
0.736772 44.8089 0.0386682 0.024703 0.47837 5.56126 0.296749 -3.17348e-06 0.0125392 390625 16.0678 41.1335 92
0.736772 44.8089 0.0386682 0.024703 0.47837 5.56126 0.296749 -3.17348e-06 0.0125392 390625 15.2549 39.0527 98
0.736772 44.8089 0.0386682 0.024703 0.47837 5.56126 0.296749 -3.17348e-06 0.0125392 390625 14.8735 38.0762 100
0.736772 44.8089 0.0386682 0.024703 0.47837 5.56126 0.296749 -3.17348e-06 0.0125392 390625 13.2984 34.044 114

0.736772 44.8089 0.0386682 0.024703 0.47837 5.56126 0.296749 -3.17348e-06 0.0125392 390625 12.9385 33.1226 116
0.736772 44.8089 0.0386682 0.024703 0.47837 5.56126 0.296749 -3.17348e-06 0.0125392 390625 12.3012 31.491 124
0.736772 44.8089 0.0386682 0.024703 0.47837 5.56126 0.296749 -3.17348e-06 0.0125392 390625 247.621 633.909 6
0.736772 44.8089 0.0386682 0.024703 0.47837 5.56126 0.296749 -3.17348e-06 0.0125392 390625 17.3013 44.2914 84
0.736772 44.8089 0.0386682 0.024703 0.47837 5.56126 0.296749 -3.17348e-06 0.0125392 390625 12.8456 32.8848 116
0.736772 44.8089 0.0386682 0.024703 0.47837 5.56126 0.296749 -3.17348e-06 0.0125392 390625 13.9247 35.6472 106
0.736772 44.8089 0.0386682 0.024703 0.47837 5.56126 0.296749 -3.17348e-06 0.0125392 390625 13.739 35.1718 108
0.736772 44.8089 0.0386682 0.024703 0.47837 5.56126 0.296749 -3.17348e-06 0.0125392 390625 12.3304 31.5659 122
0.736772 44.8089 0.0386682 0.024703 0.47837 5.56126 0.296749 -3.17348e-06 0.0125392 390625 20.0932 51.4386 72
