-1.199000000000000099e-09 -1.408700000000000056e-02 -1.740699999999999886e-02 -1.927200000000000094e-02 -1.931700000000000084e-02 1.342000000000000082e+00 6.326000000000000512e-01 1.973999999999999977e+00 1.048576000000000000e+06 3.400000000000000000e+01 3.000000000000000000e+00 2.329127596181119841e+01
-1.199000000000000099e-09 -1.408700000000000056e-02 -1.740699999999999886e-02 -1.927200000000000094e-02 -1.931700000000000084e-02 1.360999999999999988e+00 4.868999999999999995e-01 1.848000000000000087e+00 1.048576000000000000e+06 4.800000000000000000e+01 3.000000000000000000e+00 2.329127596181119841e+01
-1.199000000000000099e-09 -1.408700000000000056e-02 -1.740699999999999886e-02 -1.927200000000000094e-02 -1.931700000000000084e-02 1.534000000000000030e+00 7.530999999999999917e-01 2.286999999999999922e+00 1.048576000000000000e+06 2.800000000000000000e+01 1.000000000000000000e+00 2.329127596181119841e+01
-1.199000000000000099e-09 -1.408700000000000056e-02 -1.740699999999999886e-02 -1.927200000000000094e-02 -1.931700000000000084e-02 1.540999999999999925e+00 5.780999999999999472e-01 2.119000000000000217e+00 1.048576000000000000e+06 4.000000000000000000e+01 1.000000000000000000e+00 2.329127596181119841e+01
-1.199000000000000099e-09 -1.408700000000000056e-02 -1.740699999999999886e-02 -1.927200000000000094e-02 -1.931700000000000084e-02 1.391999999999999904e+00 6.039999999999999813e-01 1.995999999999999996e+00 1.048576000000000000e+06 3.800000000000000000e+01 3.000000000000000000e+00 2.329127596181119841e+01
-1.199000000000000099e-09 -1.408700000000000056e-02 -1.740699999999999886e-02 -1.927200000000000094e-02 -1.931700000000000084e-02 9.664000000000000368e-01 4.122999999999999998e-01 1.379000000000000004e+00 1.048576000000000000e+06 5.800000000000000000e+01 2.000000000000000000e+00 2.329127596181119841e+01
-1.199000000000000099e-09 -1.408700000000000056e-02 -1.740699999999999886e-02 -1.927200000000000094e-02 -1.931700000000000084e-02 1.524999999999999911e+00 1.576999999999999957e+00 3.103000000000000203e+00 1.048576000000000000e+06 1.400000000000000000e+01 1.000000000000000000e+00 2.329127596181119841e+01
-1.199000000000000099e-09 -1.408700000000000056e-02 -1.740699999999999886e-02 -1.927200000000000094e-02 -1.931700000000000084e-02 1.764999999999999902e+00 1.766000000000000014e+01 1.942999999999999972e+01 1.048576000000000000e+06 1.000000000000000000e+00 2.000000000000000000e+00 2.329127596181119841e+01
-1.199000000000000099e-09 -1.408700000000000056e-02 -1.740699999999999886e-02 -1.927200000000000094e-02 -1.931700000000000084e-02 1.526000000000000023e+00 1.012000000000000011e+00 2.537999999999999812e+00 1.048576000000000000e+06 2.200000000000000000e+01 1.000000000000000000e+00 2.329127596181119841e+01
-1.199000000000000099e-09 -1.408700000000000056e-02 -1.740699999999999886e-02 -1.927200000000000094e-02 -1.931700000000000084e-02 1.532999999999999918e+00 4.159999999999999809e-01 1.949000000000000066e+00 1.048576000000000000e+06 5.800000000000000000e+01 1.000000000000000000e+00 2.329127596181119841e+01
-1.199000000000000099e-09 -1.408700000000000056e-02 -1.740699999999999886e-02 -1.927200000000000094e-02 -1.931700000000000084e-02 9.472000000000000419e-01 3.694000000000000061e-01 1.316999999999999948e+00 1.048576000000000000e+06 6.200000000000000000e+01 2.000000000000000000e+00 2.329127596181119841e+01
-1.199000000000000099e-09 -1.408700000000000056e-02 -1.740699999999999886e-02 -1.927200000000000094e-02 -1.931700000000000084e-02 9.318999999999999506e-01 5.110999999999999988e-01 1.443000000000000060e+00 1.048576000000000000e+06 4.600000000000000000e+01 2.000000000000000000e+00 2.329127596181119841e+01
-1.199000000000000099e-09 -1.408700000000000056e-02 -1.740699999999999886e-02 -1.927200000000000094e-02 -1.931700000000000084e-02 8.866000000000000547e-01 1.008999999999999897e+00 1.895000000000000018e+00 1.048576000000000000e+06 2.200000000000000000e+01 2.000000000000000000e+00 2.329127596181119841e+01
-1.199000000000000099e-09 -1.408700000000000056e-02 -1.740699999999999886e-02 -1.927200000000000094e-02 -1.931700000000000084e-02 1.098000000000000087e+00 8.938000000000000611e+00 1.003999999999999915e+01 1.048576000000000000e+06 2.000000000000000000e+00 2.000000000000000000e+00 2.329127596181119841e+01
-1.199000000000000099e-09 -1.408700000000000056e-02 -1.740699999999999886e-02 -1.927200000000000094e-02 -1.931700000000000084e-02 1.534000000000000030e+00 4.501999999999999891e-01 1.983999999999999986e+00 1.048576000000000000e+06 5.200000000000000000e+01 1.000000000000000000e+00 2.329127596181119841e+01
-1.199000000000000099e-09 -1.408700000000000056e-02 -1.740699999999999886e-02 -1.927200000000000094e-02 -1.931700000000000084e-02 1.381000000000000005e+00 5.087000000000000410e-01 1.889999999999999902e+00 1.048576000000000000e+06 4.600000000000000000e+01 3.000000000000000000e+00 2.329127596181119841e+01
-1.199000000000000099e-09 -1.408700000000000056e-02 -1.740699999999999886e-02 -1.927200000000000094e-02 -1.931700000000000084e-02 1.520999999999999908e+00 9.350000000000000533e-01 2.455999999999999961e+00 1.048576000000000000e+06 2.400000000000000000e+01 1.000000000000000000e+00 2.329127596181119841e+01
-1.199000000000000099e-09 -1.408700000000000056e-02 -1.740699999999999886e-02 -1.927200000000000094e-02 -1.931700000000000084e-02 1.372000000000000108e+00 3.682000000000000273e-01 1.739999999999999991e+00 1.048576000000000000e+06 6.200000000000000000e+01 3.000000000000000000e+00 2.329127596181119841e+01
-1.199000000000000099e-09 -1.408700000000000056e-02 -1.740699999999999886e-02 -1.927200000000000094e-02 -1.931700000000000084e-02 8.384000000000000341e-01 1.393999999999999906e+00 2.233000000000000096e+00 1.048576000000000000e+06 1.600000000000000000e+01 2.000000000000000000e+00 2.329127596181119841e+01
-1.199000000000000099e-09 -1.408700000000000056e-02 -1.740699999999999886e-02 -1.927200000000000094e-02 -1.931700000000000084e-02 9.623000000000000442e-01 4.951999999999999735e-01 1.457999999999999963e+00 1.048576000000000000e+06 4.800000000000000000e+01 2.000000000000000000e+00 2.329127596181119841e+01
-1.199000000000000099e-09 -1.408700000000000056e-02 -1.740699999999999886e-02 -1.927200000000000094e-02 -1.931700000000000084e-02 1.435999999999999943e+00 8.926999999999999602e+00 1.035999999999999943e+01 1.048576000000000000e+06 2.000000000000000000e+00 3.000000000000000000e+00 2.329127596181119841e+01
-1.199000000000000099e-09 -1.408700000000000056e-02 -1.740699999999999886e-02 -1.927200000000000094e-02 -1.931700000000000084e-02 1.348000000000000087e+00 3.668000000000000149e+00 5.014999999999999680e+00 1.048576000000000000e+06 6.000000000000000000e+00 3.000000000000000000e+00 2.329127596181119841e+01
-1.199000000000000099e-09 -1.408700000000000056e-02 -1.740699999999999886e-02 -1.927200000000000094e-02 -1.931700000000000084e-02 1.532000000000000028e+00 4.943000000000000171e-01 2.025999999999999801e+00 1.048576000000000000e+06 4.800000000000000000e+01 1.000000000000000000e+00 2.329127596181119841e+01
-1.199000000000000099e-09 -1.408700000000000056e-02 -1.740699999999999886e-02 -1.927200000000000094e-02 -1.931700000000000084e-02 1.530000000000000027e+00 1.395999999999999908e+00 2.926000000000000156e+00 1.048576000000000000e+06 1.600000000000000000e+01 1.000000000000000000e+00 2.329127596181119841e+01
-1.199000000000000099e-09 -1.408700000000000056e-02 -1.740699999999999886e-02 -1.927200000000000094e-02 -1.931700000000000084e-02 9.240000000000000435e-01 2.214999999999999858e+00 3.138999999999999790e+00 1.048576000000000000e+06 1.000000000000000000e+01 2.000000000000000000e+00 2.329127596181119841e+01
-1.199000000000000099e-09 -1.408700000000000056e-02 -1.740699999999999886e-02 -1.927200000000000094e-02 -1.931700000000000084e-02 1.528000000000000025e+00 2.201999999999999957e+00 3.729999999999999982e+00 1.048576000000000000e+06 1.000000000000000000e+01 1.000000000000000000e+00 2.329127596181119841e+01
-1.199000000000000099e-09 -1.408700000000000056e-02 -1.740699999999999886e-02 -1.927200000000000094e-02 -1.931700000000000084e-02 1.524000000000000021e+00 7.079999999999999627e-01 2.232000000000000206e+00 1.048576000000000000e+06 3.000000000000000000e+01 1.000000000000000000e+00 2.329127596181119841e+01
-1.199000000000000099e-09 -1.408700000000000056e-02 -1.740699999999999886e-02 -1.927200000000000094e-02 -1.931700000000000084e-02 1.336000000000000076e+00 1.249000000000000110e+00 2.585999999999999854e+00 1.048576000000000000e+06 1.800000000000000000e+01 3.000000000000000000e+00 2.329127596181119841e+01
-1.199000000000000099e-09 -1.408700000000000056e-02 -1.740699999999999886e-02 -1.927200000000000094e-02 -1.931700000000000084e-02 9.111000000000000210e-01 5.512999999999999901e+00 6.424000000000000377e+00 1.048576000000000000e+06 4.000000000000000000e+00 2.000000000000000000e+00 2.329127596181119841e+01
-1.199000000000000099e-09 -1.408700000000000056e-02 -1.740699999999999886e-02 -1.927200000000000094e-02 -1.931700000000000084e-02 1.524000000000000021e+00 1.122000000000000108e+00 2.645999999999999908e+00 1.048576000000000000e+06 2.000000000000000000e+01 1.000000000000000000e+00 2.329127596181119841e+01
-1.199000000000000099e-09 -1.408700000000000056e-02 -1.740699999999999886e-02 -1.927200000000000094e-02 -1.931700000000000084e-02 1.532000000000000028e+00 5.494999999999999885e-01 2.081999999999999851e+00 1.048576000000000000e+06 4.200000000000000000e+01 1.000000000000000000e+00 2.329127596181119841e+01
-1.199000000000000099e-09 -1.408700000000000056e-02 -1.740699999999999886e-02 -1.927200000000000094e-02 -1.931700000000000084e-02 1.300000000000000044e+00 7.598000000000000309e-01 2.060000000000000053e+00 1.048576000000000000e+06 2.800000000000000000e+01 3.000000000000000000e+00 2.329127596181119841e+01
-1.199000000000000099e-09 -1.408700000000000056e-02 -1.740699999999999886e-02 -1.927200000000000094e-02 -1.931700000000000084e-02 1.356999999999999984e+00 4.804999999999999827e-01 1.836999999999999966e+00 1.048576000000000000e+06 5.000000000000000000e+01 3.000000000000000000e+00 2.329127596181119841e+01
-1.199000000000000099e-09 -1.408700000000000056e-02 -1.740699999999999886e-02 -1.927200000000000094e-02 -1.931700000000000084e-02 8.950000000000000178e-01 7.583999999999999631e-01 1.653000000000000025e+00 1.048576000000000000e+06 2.800000000000000000e+01 2.000000000000000000e+00 2.329127596181119841e+01
-1.199000000000000099e-09 -1.408700000000000056e-02 -1.740699999999999886e-02 -1.927200000000000094e-02 -1.931700000000000084e-02 9.525000000000000133e-01 6.025000000000000355e-01 1.554999999999999938e+00 1.048576000000000000e+06 3.800000000000000000e+01 2.000000000000000000e+00 2.329127596181119841e+01
-1.199000000000000099e-09 -1.408700000000000056e-02 -1.740699999999999886e-02 -1.927200000000000094e-02 -1.931700000000000084e-02 8.979000000000000314e-01 7.106000000000000094e-01 1.608000000000000096e+00 1.048576000000000000e+06 3.000000000000000000e+01 2.000000000000000000e+00 2.329127596181119841e+01
-1.199000000000000099e-09 -1.408700000000000056e-02 -1.740699999999999886e-02 -1.927200000000000094e-02 -1.931700000000000084e-02 1.340000000000000080e+00 8.569999999999999840e-01 2.197000000000000064e+00 1.048576000000000000e+06 2.600000000000000000e+01 3.000000000000000000e+00 2.329127596181119841e+01
-1.199000000000000099e-09 -1.408700000000000056e-02 -1.740699999999999886e-02 -1.927200000000000094e-02 -1.931700000000000084e-02 1.524999999999999911e+00 6.276000000000000467e-01 2.152000000000000135e+00 1.048576000000000000e+06 3.400000000000000000e+01 1.000000000000000000e+00 2.329127596181119841e+01
-1.199000000000000099e-09 -1.408700000000000056e-02 -1.740699999999999886e-02 -1.927200000000000094e-02 -1.931700000000000084e-02 1.377999999999999892e+00 4.452999999999999736e-01 1.822999999999999954e+00 1.048576000000000000e+06 5.400000000000000000e+01 3.000000000000000000e+00 2.329127596181119841e+01
-1.199000000000000099e-09 -1.408700000000000056e-02 -1.740699999999999886e-02 -1.927200000000000094e-02 -1.931700000000000084e-02 1.326000000000000068e+00 1.000999999999999890e+00 2.327999999999999847e+00 1.048576000000000000e+06 2.200000000000000000e+01 3.000000000000000000e+00 2.329127596181119841e+01
-1.199000000000000099e-09 -1.408700000000000056e-02 -1.740699999999999886e-02 -1.927200000000000094e-02 -1.931700000000000084e-02 9.577999999999999847e-01 5.262000000000000011e-01 1.483999999999999986e+00 1.048576000000000000e+06 4.400000000000000000e+01 2.000000000000000000e+00 2.329127596181119841e+01
-1.199000000000000099e-09 -1.408700000000000056e-02 -1.740699999999999886e-02 -1.927200000000000094e-02 -1.931700000000000084e-02 9.553000000000000380e-01 3.768000000000000238e-01 1.332000000000000073e+00 1.048576000000000000e+06 6.000000000000000000e+01 2.000000000000000000e+00 2.329127596181119841e+01
-1.199000000000000099e-09 -1.408700000000000056e-02 -1.740699999999999886e-02 -1.927200000000000094e-02 -1.931700000000000084e-02 1.326000000000000068e+00 1.368000000000000105e+00 2.694999999999999840e+00 1.048576000000000000e+06 1.600000000000000000e+01 3.000000000000000000e+00 2.329127596181119841e+01
-1.199000000000000099e-09 -1.408700000000000056e-02 -1.740699999999999886e-02 -1.927200000000000094e-02 -1.931700000000000084e-02 1.300999999999999934e+00 1.118999999999999995e+00 2.419999999999999929e+00 1.048576000000000000e+06 2.000000000000000000e+01 3.000000000000000000e+00 2.329127596181119841e+01
-1.199000000000000099e-09 -1.408700000000000056e-02 -1.740699999999999886e-02 -1.927200000000000094e-02 -1.931700000000000084e-02 1.338000000000000078e+00 6.695999999999999730e-01 2.008000000000000007e+00 1.048576000000000000e+06 3.200000000000000000e+01 3.000000000000000000e+00 2.329127596181119841e+01
-1.199000000000000099e-09 -1.408700000000000056e-02 -1.740699999999999886e-02 -1.927200000000000094e-02 -1.931700000000000084e-02 9.546000000000000041e-01 5.512000000000000233e-01 1.506000000000000005e+00 1.048576000000000000e+06 4.200000000000000000e+01 2.000000000000000000e+00 2.329127596181119841e+01
-1.199000000000000099e-09 -1.408700000000000056e-02 -1.740699999999999886e-02 -1.927200000000000094e-02 -1.931700000000000084e-02 8.961000000000000076e-01 8.521999999999999575e-01 1.747999999999999998e+00 1.048576000000000000e+06 2.600000000000000000e+01 2.000000000000000000e+00 2.329127596181119841e+01
-1.199000000000000099e-09 -1.408700000000000056e-02 -1.740699999999999886e-02 -1.927200000000000094e-02 -1.931700000000000084e-02 1.296999999999999931e+00 2.758000000000000007e+00 4.056000000000000050e+00 1.048576000000000000e+06 8.000000000000000000e+00 3.000000000000000000e+00 2.329127596181119841e+01
-1.199000000000000099e-09 -1.408700000000000056e-02 -1.740699999999999886e-02 -1.927200000000000094e-02 -1.931700000000000084e-02 1.379999999999999893e+00 5.816000000000000059e-01 1.961999999999999966e+00 1.048576000000000000e+06 4.000000000000000000e+01 3.000000000000000000e+00 2.329127596181119841e+01
-1.199000000000000099e-09 -1.408700000000000056e-02 -1.740699999999999886e-02 -1.927200000000000094e-02 -1.931700000000000084e-02 9.678999999999999826e-01 4.576999999999999957e-01 1.425999999999999934e+00 1.048576000000000000e+06 5.200000000000000000e+01 2.000000000000000000e+00 2.329127596181119841e+01
-1.199000000000000099e-09 -1.408700000000000056e-02 -1.740699999999999886e-02 -1.927200000000000094e-02 -1.931700000000000084e-02 1.366000000000000103e+00 4.529000000000000248e-01 1.818999999999999950e+00 1.048576000000000000e+06 5.200000000000000000e+01 3.000000000000000000e+00 2.329127596181119841e+01
-1.199000000000000099e-09 -1.408700000000000056e-02 -1.740699999999999886e-02 -1.927200000000000094e-02 -1.931700000000000084e-02 1.538999999999999924e+00 5.094999999999999529e-01 2.048999999999999932e+00 1.048576000000000000e+06 4.600000000000000000e+01 1.000000000000000000e+00 2.329127596181119841e+01
-1.199000000000000099e-09 -1.408700000000000056e-02 -1.740699999999999886e-02 -1.927200000000000094e-02 -1.931700000000000084e-02 1.524000000000000021e+00 8.211000000000000298e+00 9.734999999999999432e+00 1.048576000000000000e+06 4.000000000000000000e+00 1.000000000000000000e+00 2.329127596181119841e+01
-1.199000000000000099e-09 -1.408700000000000056e-02 -1.740699999999999886e-02 -1.927200000000000094e-02 -1.931700000000000084e-02 1.526000000000000023e+00 6.299000000000000155e-01 2.156000000000000139e+00 1.048576000000000000e+06 3.600000000000000000e+01 1.000000000000000000e+00 2.329127596181119841e+01
-1.199000000000000099e-09 -1.408700000000000056e-02 -1.740699999999999886e-02 -1.927200000000000094e-02 -1.931700000000000084e-02 8.658000000000000140e-01 2.758000000000000007e+00 3.624000000000000110e+00 1.048576000000000000e+06 8.000000000000000000e+00 2.000000000000000000e+00 2.329127596181119841e+01
-1.199000000000000099e-09 -1.408700000000000056e-02 -1.740699999999999886e-02 -1.927200000000000094e-02 -1.931700000000000084e-02 8.829000000000000181e-01 9.350000000000000533e-01 1.818000000000000060e+00 1.048576000000000000e+06 2.400000000000000000e+01 2.000000000000000000e+00 2.329127596181119841e+01
-1.199000000000000099e-09 -1.408700000000000056e-02 -1.740699999999999886e-02 -1.927200000000000094e-02 -1.931700000000000084e-02 1.576999999999999957e+00 6.683000000000000052e-01 2.245999999999999996e+00 1.048576000000000000e+06 3.200000000000000000e+01 1.000000000000000000e+00 2.329127596181119841e+01
-1.199000000000000099e-09 -1.408700000000000056e-02 -1.740699999999999886e-02 -1.927200000000000094e-02 -1.931700000000000084e-02 1.534000000000000030e+00 4.415000000000000036e-01 1.975999999999999979e+00 1.048576000000000000e+06 5.400000000000000000e+01 1.000000000000000000e+00 2.329127596181119841e+01
-1.199000000000000099e-09 -1.408700000000000056e-02 -1.740699999999999886e-02 -1.927200000000000094e-02 -1.931700000000000084e-02 1.532000000000000028e+00 1.766000000000000014e+01 1.919999999999999929e+01 1.048576000000000000e+06 1.000000000000000000e+00 1.000000000000000000e+00 2.329127596181119841e+01
-1.199000000000000099e-09 -1.408700000000000056e-02 -1.740699999999999886e-02 -1.927200000000000094e-02 -1.931700000000000084e-02 1.544000000000000039e+00 4.682000000000000051e-01 2.012999999999999901e+00 1.048576000000000000e+06 5.000000000000000000e+01 1.000000000000000000e+00 2.329127596181119841e+01
-1.199000000000000099e-09 -1.408700000000000056e-02 -1.740699999999999886e-02 -1.927200000000000094e-02 -1.931700000000000084e-02 9.461000000000000520e-01 6.356000000000000538e-01 1.582000000000000073e+00 1.048576000000000000e+06 3.600000000000000000e+01 2.000000000000000000e+00 2.329127596181119841e+01
-1.199000000000000099e-09 -1.408700000000000056e-02 -1.740699999999999886e-02 -1.927200000000000094e-02 -1.931700000000000084e-02 9.264999999999999902e-01 6.306000000000000494e-01 1.556999999999999940e+00 1.048576000000000000e+06 3.400000000000000000e+01 2.000000000000000000e+00 2.329127596181119841e+01
-1.199000000000000099e-09 -1.408700000000000056e-02 -1.740699999999999886e-02 -1.927200000000000094e-02 -1.931700000000000084e-02 1.762999999999999901e+00 1.766000000000000014e+01 1.942000000000000171e+01 1.048576000000000000e+06 1.000000000000000000e+00 3.000000000000000000e+00 2.329127596181119841e+01
-1.199000000000000099e-09 -1.408700000000000056e-02 -1.740699999999999886e-02 -1.927200000000000094e-02 -1.931700000000000084e-02 1.528999999999999915e+00 8.638000000000000123e-01 2.391999999999999904e+00 1.048576000000000000e+06 2.600000000000000000e+01 1.000000000000000000e+00 2.329127596181119841e+01
-1.199000000000000099e-09 -1.408700000000000056e-02 -1.740699999999999886e-02 -1.927200000000000094e-02 -1.931700000000000084e-02 9.021000000000000130e-01 6.713999999999999968e-01 1.572999999999999954e+00 1.048576000000000000e+06 3.200000000000000000e+01 2.000000000000000000e+00 2.329127596181119841e+01
-1.199000000000000099e-09 -1.408700000000000056e-02 -1.740699999999999886e-02 -1.927200000000000094e-02 -1.931700000000000084e-02 8.279999999999999583e-01 1.114000000000000101e+00 1.941999999999999948e+00 1.048576000000000000e+06 2.000000000000000000e+01 2.000000000000000000e+00 2.329127596181119841e+01
-1.199000000000000099e-09 -1.408700000000000056e-02 -1.740699999999999886e-02 -1.927200000000000094e-02 -1.931700000000000084e-02 9.654000000000000359e-01 4.414000000000000146e-01 1.407000000000000028e+00 1.048576000000000000e+06 5.400000000000000000e+01 2.000000000000000000e+00 2.329127596181119841e+01
-1.199000000000000099e-09 -1.408700000000000056e-02 -1.740699999999999886e-02 -1.927200000000000094e-02 -1.931700000000000084e-02 1.375999999999999890e+00 5.326999999999999513e-01 1.907999999999999918e+00 1.048576000000000000e+06 4.400000000000000000e+01 3.000000000000000000e+00 2.329127596181119841e+01
-1.199000000000000099e-09 -1.408700000000000056e-02 -1.740699999999999886e-02 -1.927200000000000094e-02 -1.931700000000000084e-02 1.364999999999999991e+00 4.069999999999999729e-01 1.772000000000000020e+00 1.048576000000000000e+06 5.800000000000000000e+01 3.000000000000000000e+00 2.329127596181119841e+01
-1.199000000000000099e-09 -1.408700000000000056e-02 -1.740699999999999886e-02 -1.927200000000000094e-02 -1.931700000000000084e-02 1.377000000000000002e+00 3.790000000000000036e-01 1.756000000000000005e+00 1.048576000000000000e+06 6.000000000000000000e+01 3.000000000000000000e+00 2.329127596181119841e+01
-1.199000000000000099e-09 -1.408700000000000056e-02 -1.740699999999999886e-02 -1.927200000000000094e-02 -1.931700000000000084e-02 1.308999999999999941e+00 9.331000000000000405e-01 2.241999999999999993e+00 1.048576000000000000e+06 2.400000000000000000e+01 3.000000000000000000e+00 2.329127596181119841e+01
-1.199000000000000099e-09 -1.408700000000000056e-02 -1.740699999999999886e-02 -1.927200000000000094e-02 -1.931700000000000084e-02 9.627999999999999892e-01 5.817999999999999838e-01 1.544999999999999929e+00 1.048576000000000000e+06 4.000000000000000000e+01 2.000000000000000000e+00 2.329127596181119841e+01
-1.199000000000000099e-09 -1.408700000000000056e-02 -1.740699999999999886e-02 -1.927200000000000094e-02 -1.931700000000000084e-02 9.211000000000000298e-01 3.599000000000000199e+00 4.520999999999999908e+00 1.048576000000000000e+06 6.000000000000000000e+00 2.000000000000000000e+00 2.329127596181119841e+01
-1.199000000000000099e-09 -1.408700000000000056e-02 -1.740699999999999886e-02 -1.927200000000000094e-02 -1.931700000000000084e-02 1.538999999999999924e+00 3.658999999999999808e+00 5.198999999999999844e+00 1.048576000000000000e+06 6.000000000000000000e+00 1.000000000000000000e+00 2.329127596181119841e+01
-1.199000000000000099e-09 -1.408700000000000056e-02 -1.740699999999999886e-02 -1.927200000000000094e-02 -1.931700000000000084e-02 9.669999999999999707e-01 3.588999999999999968e-01 1.326000000000000068e+00 1.048576000000000000e+06 6.400000000000000000e+01 2.000000000000000000e+00 2.329127596181119841e+01
-1.199000000000000099e-09 -1.408700000000000056e-02 -1.740699999999999886e-02 -1.927200000000000094e-02 -1.931700000000000084e-02 1.370000000000000107e+00 3.593999999999999972e-01 1.729999999999999982e+00 1.048576000000000000e+06 6.400000000000000000e+01 3.000000000000000000e+00 2.329127596181119841e+01
-1.199000000000000099e-09 -1.408700000000000056e-02 -1.740699999999999886e-02 -1.927200000000000094e-02 -1.931700000000000084e-02 1.520999999999999908e+00 2.762000000000000011e+00 4.283000000000000362e+00 1.048576000000000000e+06 8.000000000000000000e+00 1.000000000000000000e+00 2.329127596181119841e+01
-1.199000000000000099e-09 -1.408700000000000056e-02 -1.740699999999999886e-02 -1.927200000000000094e-02 -1.931700000000000084e-02 8.812999999999999723e-01 1.846999999999999975e+00 2.728000000000000203e+00 1.048576000000000000e+06 1.200000000000000000e+01 2.000000000000000000e+00 2.329127596181119841e+01
-1.199000000000000099e-09 -1.408700000000000056e-02 -1.740699999999999886e-02 -1.927200000000000094e-02 -1.931700000000000084e-02 1.520000000000000018e+00 8.922000000000000597e+00 1.043999999999999950e+01 1.048576000000000000e+06 2.000000000000000000e+00 1.000000000000000000e+00 2.329127596181119841e+01
-1.199000000000000099e-09 -1.408700000000000056e-02 -1.740699999999999886e-02 -1.927200000000000094e-02 -1.931700000000000084e-02 9.038000000000000478e-01 1.598999999999999977e+00 2.503000000000000114e+00 1.048576000000000000e+06 1.400000000000000000e+01 2.000000000000000000e+00 2.329127596181119841e+01
-1.199000000000000099e-09 -1.408700000000000056e-02 -1.740699999999999886e-02 -1.927200000000000094e-02 -1.931700000000000084e-02 9.452000000000000401e-01 4.727999999999999980e-01 1.417999999999999927e+00 1.048576000000000000e+06 5.000000000000000000e+01 2.000000000000000000e+00 2.329127596181119841e+01
-1.199000000000000099e-09 -1.408700000000000056e-02 -1.740699999999999886e-02 -1.927200000000000094e-02 -1.931700000000000084e-02 1.540999999999999925e+00 6.125000000000000444e-01 2.153999999999999915e+00 1.048576000000000000e+06 3.800000000000000000e+01 1.000000000000000000e+00 2.329127596181119841e+01
-1.199000000000000099e-09 -1.408700000000000056e-02 -1.740699999999999886e-02 -1.927200000000000094e-02 -1.931700000000000084e-02 1.524999999999999911e+00 1.217999999999999972e+00 2.742999999999999883e+00 1.048576000000000000e+06 1.800000000000000000e+01 1.000000000000000000e+00 2.329127596181119841e+01
-1.199000000000000099e-09 -1.408700000000000056e-02 -1.740699999999999886e-02 -1.927200000000000094e-02 -1.931700000000000084e-02 1.538999999999999924e+00 3.698000000000000176e-01 1.909000000000000030e+00 1.048576000000000000e+06 6.200000000000000000e+01 1.000000000000000000e+00 2.329127596181119841e+01
-1.199000000000000099e-09 -1.408700000000000056e-02 -1.740699999999999886e-02 -1.927200000000000094e-02 -1.931700000000000084e-02 8.807000000000000384e-01 1.231999999999999984e+00 2.112999999999999989e+00 1.048576000000000000e+06 1.800000000000000000e+01 2.000000000000000000e+00 2.329127596181119841e+01
-1.199000000000000099e-09 -1.408700000000000056e-02 -1.740699999999999886e-02 -1.927200000000000094e-02 -1.931700000000000084e-02 1.338000000000000078e+00 1.850000000000000089e+00 3.186999999999999833e+00 1.048576000000000000e+06 1.200000000000000000e+01 3.000000000000000000e+00 2.329127596181119841e+01
-1.199000000000000099e-09 -1.408700000000000056e-02 -1.740699999999999886e-02 -1.927200000000000094e-02 -1.931700000000000084e-02 1.316000000000000059e+00 7.133000000000000451e-01 2.028999999999999915e+00 1.048576000000000000e+06 3.000000000000000000e+01 3.000000000000000000e+00 2.329127596181119841e+01
-1.199000000000000099e-09 -1.408700000000000056e-02 -1.740699999999999886e-02 -1.927200000000000094e-02 -1.931700000000000084e-02 1.306000000000000050e+00 1.586000000000000076e+00 2.891000000000000014e+00 1.048576000000000000e+06 1.400000000000000000e+01 3.000000000000000000e+00 2.329127596181119841e+01
-1.199000000000000099e-09 -1.408700000000000056e-02 -1.740699999999999886e-02 -1.927200000000000094e-02 -1.931700000000000084e-02 1.538000000000000034e+00 5.289000000000000368e-01 2.067000000000000171e+00 1.048576000000000000e+06 4.400000000000000000e+01 1.000000000000000000e+00 2.329127596181119841e+01
-1.199000000000000099e-09 -1.408700000000000056e-02 -1.740699999999999886e-02 -1.927200000000000094e-02 -1.931700000000000084e-02 1.360000000000000098e+00 5.604000000000000092e-01 1.919999999999999929e+00 1.048576000000000000e+06 4.200000000000000000e+01 3.000000000000000000e+00 2.329127596181119841e+01
-1.199000000000000099e-09 -1.408700000000000056e-02 -1.740699999999999886e-02 -1.927200000000000094e-02 -1.931700000000000084e-02 1.332000000000000073e+00 2.225999999999999979e+00 3.557999999999999829e+00 1.048576000000000000e+06 1.000000000000000000e+01 3.000000000000000000e+00 2.329127596181119841e+01
-1.199000000000000099e-09 -1.408700000000000056e-02 -1.740699999999999886e-02 -1.927200000000000094e-02 -1.931700000000000084e-02 1.352000000000000091e+00 6.308000000000000274e-01 1.983000000000000096e+00 1.048576000000000000e+06 3.600000000000000000e+01 3.000000000000000000e+00 2.329127596181119841e+01
-1.199000000000000099e-09 -1.408700000000000056e-02 -1.740699999999999886e-02 -1.927200000000000094e-02 -1.931700000000000084e-02 1.530999999999999917e+00 3.796999999999999820e-01 1.911000000000000032e+00 1.048576000000000000e+06 6.000000000000000000e+01 1.000000000000000000e+00 2.329127596181119841e+01
-1.199000000000000099e-09 -1.408700000000000056e-02 -1.740699999999999886e-02 -1.927200000000000094e-02 -1.931700000000000084e-02 1.340000000000000080e+00 5.514999999999999680e+00 6.854000000000000092e+00 1.048576000000000000e+06 4.000000000000000000e+00 3.000000000000000000e+00 2.329127596181119841e+01
-1.199000000000000099e-09 -1.408700000000000056e-02 -1.740699999999999886e-02 -1.927200000000000094e-02 -1.931700000000000084e-02 1.526000000000000023e+00 3.623999999999999999e-01 1.887999999999999901e+00 1.048576000000000000e+06 6.400000000000000000e+01 1.000000000000000000e+00 2.329127596181119841e+01
-1.199000000000000099e-09 -1.408700000000000056e-02 -1.740699999999999886e-02 -1.927200000000000094e-02 -1.931700000000000084e-02 1.530999999999999917e+00 1.858000000000000096e+00 3.388999999999999790e+00 1.048576000000000000e+06 1.200000000000000000e+01 1.000000000000000000e+00 2.329127596181119841e+01
