File generated from sir.cpp. Contains: S, I, R, t
1 0 999 0
1 0 998 0.1
1 0 998 0.2
1 0 998 0.3
1 0 998 0.4
1 0 998 0.5
1 0 998 0.6
1 0 998 0.7
1 0 998 0.8
1 0 998 0.9
1 0 998 1
1 0 998 1.1
1 0 998 1.2
1 0 998 1.3
1 0 998 1.4
1 0 998 1.5
1 0 998 1.6
1 0 998 1.7
1 0 998 1.8
1 0 998 1.9
1 0 998 2
1 0 998 2.1
1 0 998 2.2
1 0 998 2.3
1 0 998 2.4
1 0 998 2.5
1 0 998 2.6
1 0 998 2.7
1 0 998 2.8
1 0 998 2.9
1 0 998 3
1 0 998 3.1
1 0 998 3.2
1 0 998 3.3
1 0 998 3.4
1 0 998 3.5
1 0 998 3.6
1 0 998 3.7
1 0 998 3.8
1 0 998 3.9
1 0 998 4
1 0 997 4.1
1 0 997 4.2
1 0 997 4.3
1 0 997 4.4
1 0 997 4.5
1 0 997 4.6
1 0 997 4.7
1 0 997 4.8
1 0 997 4.9
1 0 997 5
1 0 997 5.1
1 0 997 5.2
1 0 997 5.3
1 0 997 5.4
1 0 997 5.5
1 0 997 5.6
1 0 997 5.7
1 0 997 5.8
1 0 997 5.9
1 0 997 6
1 0 997 6.1
1 0 997 6.2
1 0 997 6.3
1 0 997 6.4
1 0 997 6.5
1 0 997 6.6
1 0 997 6.7
1 0 997 6.8
1 0 997 6.9
2 1 996 7
2 1 996 7.1
2 1 996 7.2
2 1 996 7.3
2 1 996 7.4
2 1 996 7.5
2 1 996 7.6
2 1 996 7.7
2 1 996 7.8
2 1 996 7.9
2 1 996 8
2 1 996 8.1
2 1 996 8.2
2 1 996 8.3
2 1 996 8.4
2 1 996 8.5
2 1 996 8.6
2 1 996 8.7
2 1 996 8.8
2 1 996 8.9
2 1 996 9
2 1 996 9.1
2 1 996 9.2
2 1 995 9.3
2 1 995 9.4
2 1 995 9.5
2 1 995 9.6
2 1 995 9.7
2 1 995 9.8
2 1 995 9.9
2 1 995 10
2 1 995 10.1
2 1 995 10.2
2 1 995 10.3
2 1 995 10.4
2 1 995 10.5
2 1 995 10.6
2 1 995 10.7
2 1 995 10.8
2 1 995 10.9
2 1 995 11
3 2 994 11.1
3 2 994 11.2
3 2 994 11.3
3 2 994 11.4
3 2 994 11.5
3 2 994 11.6
3 2 994 11.7
3 2 994 11.8
3 2 994 11.9
3 2 994 12
3 2 994 12.1
3 2 994 12.2
3 2 994 12.3
3 2 994 12.4
3 2 994 12.5
3 2 994 12.6
3 2 993 12.7
3 2 993 12.8
3 2 993 12.9
3 2 993 13
3 2 993 13.1
3 2 993 13.2
3 2 993 13.3
3 2 993 13.4
3 2 993 13.5
3 2 993 13.6
3 2 993 13.7
3 2 993 13.8
3 2 993 13.9
3 3 992 14
4 3 992 14.1
4 3 992 14.2
4 3 992 14.3
4 3 992 14.4
4 3 992 14.5
4 3 992 14.6
4 3 992 14.7
4 3 992 14.8
4 3 992 14.9
4 3 992 15
4 3 992 15.1
4 3 991 15.2
4 3 991 15.3
4 3 991 15.4
4 3 991 15.5
4 3 991 15.6
4 3 991 15.7
4 3 991 15.8
4 3 991 15.9
4 3 991 16
4 3 991 16.1
4 3 991 16.2
4 4 990 16.3
5 4 990 16.4
5 4 990 16.5
5 4 990 16.6
5 4 990 16.7
5 4 990 16.8
5 4 990 16.9
5 4 990 17
5 4 990 17.1
5 4 990 17.2
5 4 989 17.3
5 4 989 17.4
5 4 989 17.5
5 4 989 17.6
5 4 989 17.7
5 4 989 17.8
5 4 989 17.9
5 4 989 18
5 5 989 18.1
6 5 988 18.2
6 5 988 18.3
6 5 988 18.4
6 5 988 18.5
6 5 988 18.6
6 5 988 18.7
6 5 988 18.8
6 5 988 18.9
6 5 987 19
6 5 987 19.1
6 5 987 19.2
6 5 987 19.3
6 5 987 19.4
6 5 987 19.5
6 5 987 19.6
6 6 986 19.7
7 6 986 19.8
7 6 986 19.9
7 6 986 20
7 6 986 20.1
7 6 986 20.2
7 6 986 20.3
7 6 986 20.4
7 6 985 20.5
7 6 985 20.6
7 6 985 20.7
7 6 985 20.8
7 6 985 20.9
7 7 985 21
7 7 984 21.1
8 7 984 21.2
8 7 984 21.3
8 7 984 21.4
8 7 984 21.5
8 7 984 21.6
8 7 983 21.7
8 7 983 21.8
8 7 983 21.9
8 7 983 22
8 7 983 22.1
8 8 983 22.2
8 8 982 22.3
9 8 982 22.4
9 8 982 22.5
9 8 982 22.6
9 8 982 22.7
9 8 982 22.8
9 8 981 22.9
9 8 981 23
9 8 981 23.1
9 8 981 23.2
9 9 981 23.3
9 9 980 23.4
10 9 980 23.5
10 9 980 23.6
10 9 980 23.7
10 9 980 23.8
10 9 979 23.9
10 9 979 24
10 9 979 24.1
10 9 979 24.2
10 10 979 24.3
10 10 978 24.4
11 10 978 24.5
11 10 978 24.6
11 10 978 24.7
11 10 978 24.8
11 10 977 24.9
11 10 977 25
11 10 977 25.1
11 11 977 25.2
11 11 976 25.3
12 11 976 25.4
12 11 976 25.5
12 11 976 25.6
12 11 975 25.7
12 11 975 25.8
12 11 975 25.9
12 12 975 26
12 12 974 26.1
12 12 974 26.2
13 12 974 26.3
13 12 974 26.4
13 12 973 26.5
13 12 973 26.6
13 12 973 26.7
13 13 973 26.8
13 13 972 26.9
13 13 972 27
14 13 972 27.1
14 13 972 27.2
14 13 971 27.3
14 13 971 27.4
14 14 971 27.5
14 14 970 27.6
14 14 970 27.7
15 14 970 27.8
15 14 970 27.9
15 14 969 28
15 14 969 28.1
15 15 969 28.2
15 15 968 28.3
15 15 968 28.4
16 15 968 28.5
16 15 967 28.6
16 15 967 28.7
16 16 967 28.8
16 16 967 28.9
16 16 966 29
17 16 966 29.1
17 16 966 29.2
17 16 965 29.3
17 17 965 29.4
17 17 965 29.5
17 17 964 29.6
18 17 964 29.7
18 17 963 29.8
18 18 963 29.9
18 18 963 30
18 18 962 30.1
18 18 962 30.2
19 18 962 30.3
19 18 961 30.4
19 19 961 30.5
19 19 961 30.6
19 19 960 30.7
19 19 960 30.8
20 19 959 30.9
20 20 959 31
20 20 959 31.1
20 20 958 31.2
20 20 958 31.3
21 20 958 31.4
21 21 957 31.5
21 21 957 31.6
21 21 956 31.7
21 21 956 31.8
22 22 955 31.9
22 22 955 32
22 22 955 32.1
22 22 954 32.2
22 22 954 32.3
23 23 953 32.4
23 23 953 32.5
23 23 952 32.6
23 23 952 32.7
23 24 952 32.8
24 24 951 32.9
24 24 951 33
24 24 950 33.1
24 25 950 33.2
24 25 949 33.3
25 25 949 33.4
25 25 948 33.5
25 26 948 33.6
25 26 947 33.7
26 26 947 33.8
26 26 946 33.9
26 27 946 34
26 27 945 34.1
27 27 945 34.2
27 27 944 34.3
27 28 944 34.4
27 28 943 34.5
28 28 943 34.6
28 29 942 34.7
28 29 942 34.8
28 29 941 34.9
29 29 941 35
29 30 940 35.1
29 30 939 35.2
29 30 939 35.3
30 31 938 35.4
30 31 938 35.5
30 31 937 35.6
30 31 937 35.7
31 32 936 35.8
31 32 935 35.9
31 32 935 36
31 33 934 36.1
32 33 934 36.2
32 33 933 36.3
32 34 932 36.4
33 34 932 36.5
33 34 931 36.6
33 35 931 36.7
33 35 930 36.8
34 35 929 36.9
34 36 929 37
34 36 928 37.1
35 36 927 37.2
35 37 927 37.3
35 37 926 37.4
36 37 925 37.5
36 38 925 37.6
36 38 924 37.7
37 39 923 37.8
37 39 923 37.9
37 39 922 38
37 40 921 38.1
38 40 921 38.2
38 40 920 38.3
38 41 919 38.4
39 41 919 38.5
39 42 918 38.6
39 42 917 38.7
40 42 916 38.8
40 43 916 38.9
40 43 915 39
41 44 914 39.1
41 44 913 39.2
41 44 913 39.3
42 45 912 39.4
42 45 911 39.5
42 46 910 39.6
43 46 910 39.7
43 47 909 39.8
44 47 908 39.9
44 47 907 40
44 48 906 40.1
45 48 906 40.2
45 49 905 40.3
45 49 904 40.4
46 50 903 40.5
46 50 902 40.6
46 51 901 40.7
47 51 901 40.8
47 52 900 40.9
48 52 899 41
48 53 898 41.1
48 53 897 41.2
49 53 896 41.3
49 54 895 41.4
50 54 894 41.5
50 55 894 41.6
50 55 893 41.7
51 56 892 41.8
51 57 891 41.9
52 57 890 42
52 58 889 42.1
52 58 888 42.2
53 59 887 42.3
53 59 886 42.4
54 60 885 42.5
54 60 884 42.6
54 61 883 42.7
55 61 882 42.8
55 62 881 42.9
56 62 880 43
56 63 879 43.1
57 64 878 43.2
57 64 877 43.3
57 65 876 43.4
58 65 875 43.5
58 66 874 43.6
59 66 873 43.7
59 67 872 43.8
60 68 871 43.9
60 68 870 44
61 69 869 44.1
61 69 868 44.2
61 70 867 44.3
62 71 866 44.4
62 71 865 44.5
63 72 864 44.6
63 73 863 44.7
64 73 862 44.8
64 74 860 44.9
65 75 859 45
65 75 858 45.1
66 76 857 45.2
66 76 856 45.3
67 77 855 45.4
67 78 854 45.5
68 78 852 45.6
68 79 851 45.7
69 80 850 45.8
69 81 849 45.9
69 81 848 46
70 82 847 46.1
70 83 845 46.2
71 83 844 46.3
71 84 843 46.4
72 85 842 46.5
72 86 841 46.6
73 86 839 46.7
73 87 838 46.8
74 88 837 46.9
74 88 836 47
75 89 834 47.1
75 90 833 47.2
76 91 832 47.3
76 91 831 47.4
77 92 829 47.5
77 93 828 47.6
78 94 827 47.7
78 95 825 47.8
79 95 824 47.9
80 96 823 48
80 97 821 48.1
81 98 820 48.2
81 99 819 48.3
82 99 817 48.4
82 100 816 48.5
83 101 815 48.6
83 102 813 48.7
84 103 812 48.8
84 104 811 48.9
85 104 809 49
85 105 808 49.1
86 106 807 49.2
86 107 805 49.3
87 108 804 49.4
87 109 802 49.5
88 110 801 49.6
88 110 800 49.7
89 111 798 49.8
90 112 797 49.9
90 113 795 50
91 114 794 50.1
91 115 792 50.2
92 116 791 50.3
92 117 789 50.4
93 118 788 50.5
93 119 787 50.6
94 120 785 50.7
94 121 784 50.8
95 122 782 50.9
95 122 781 51
96 123 779 51.1
97 124 778 51.2
97 125 776 51.3
98 126 775 51.4
98 127 773 51.5
99 128 771 51.6
99 129 770 51.7
100 130 768 51.8
100 131 767 51.9
101 132 765 52
101 133 764 52.1
102 134 762 52.2
102 135 761 52.3
103 136 759 52.4
104 137 758 52.5
104 138 756 52.6
105 140 754 52.7
105 141 753 52.8
106 142 751 52.9
106 143 750 53
107 144 748 53.1
107 145 746 53.2
108 146 745 53.3
108 147 743 53.4
109 148 742 53.5
109 149 740 53.6
110 150 738 53.7
110 151 737 53.8
111 152 735 53.9
112 154 733 54
112 155 732 54.1
113 156 730 54.2
113 157 728 54.3
114 158 727 54.4
114 159 725 54.5
115 160 723 54.6
115 162 722 54.7
116 163 720 54.8
116 164 718 54.9
117 165 717 55
117 166 715 55.1
118 167 713 55.2
118 169 712 55.3
119 170 710 55.4
119 171 708 55.5
120 172 707 55.6
120 173 705 55.7
121 175 703 55.8
121 176 702 55.9
122 177 700 56
122 178 698 56.1
123 179 696 56.2
123 181 695 56.3
124 182 693 56.4
124 183 691 56.5
125 184 690 56.6
125 186 688 56.7
126 187 686 56.8
126 188 684 56.9
126 189 683 57
127 191 681 57.1
127 192 679 57.2
128 193 677 57.3
128 195 676 57.4
129 196 674 57.5
129 197 672 57.6
130 198 670 57.7
130 200 669 57.8
131 201 667 57.9
131 202 665 58
131 204 663 58.1
132 205 662 58.2
132 206 660 58.3
133 208 658 58.4
133 209 656 58.5
134 210 655 58.6
134 212 653 58.7
134 213 651 58.8
135 214 649 58.9
135 216 648 59
136 217 646 59.1
136 218 644 59.2
136 220 642 59.3
137 221 641 59.4
137 222 639 59.5
138 224 637 59.6
138 225 635 59.7
138 227 634 59.8
139 228 632 59.9
139 229 630 60
139 231 628 60.1
140 232 626 60.2
140 234 625 60.3
141 235 623 60.4
141 236 621 60.5
141 238 619 60.6
142 239 618 60.7
142 241 616 60.8
142 242 614 60.9
143 244 612 61
143 245 611 61.1
143 246 609 61.2
143 248 607 61.3
144 249 605 61.4
144 251 604 61.5
144 252 602 61.6
145 254 600 61.7
145 255 598 61.8
145 257 597 61.9
146 258 595 62
146 259 593 62.1
146 261 591 62.2
146 262 590 62.3
147 264 588 62.4
147 265 586 62.5
147 267 585 62.6
147 268 583 62.7
148 270 581 62.8
148 271 579 62.9
148 273 578 63
148 274 576 63.1
149 276 574 63.2
149 277 573 63.3
149 279 571 63.4
149 280 569 63.5
149 282 567 63.6
150 283 566 63.7
150 285 564 63.8
150 286 562 63.9
150 288 561 64
150 289 559 64.1
151 291 557 64.2
151 292 556 64.3
151 294 554 64.4
151 295 552 64.5
151 297 550 64.6
151 298 549 64.7
152 300 547 64.8
152 301 545 64.9
152 303 544 65
152 304 542 65.1
152 306 540 65.2
152 307 539 65.3
152 309 537 65.4
152 310 536 65.5
153 312 534 65.6
153 314 532 65.7
153 315 531 65.8
153 317 529 65.9
153 318 527 66
153 320 526 66.1
153 321 524 66.2
153 323 523 66.3
153 324 521 66.4
153 326 519 66.5
153 327 518 66.6
153 329 516 66.7
154 330 515 66.8
154 332 513 66.9
154 333 511 67
154 335 510 67.1
154 337 508 67.2
154 338 507 67.3
154 340 505 67.4
154 341 504 67.5
154 343 502 67.6
154 344 500 67.7
154 346 499 67.8
154 347 497 67.9
154 349 496 68
154 350 494 68.1
154 352 493 68.2
154 354 491 68.3
154 355 490 68.4
154 357 488 68.5
154 358 487 68.6
154 360 485 68.7
154 361 484 68.8
154 363 482 68.9
153 364 481 69
153 366 479 69.1
153 367 478 69.2
153 369 476 69.3
153 370 475 69.4
153 372 473 69.5
153 374 472 69.6
153 375 470 69.7
153 377 469 69.8
153 378 468 69.9
153 380 466 70
153 381 465 70.1
152 383 463 70.2
152 384 462 70.3
152 386 460 70.4
152 387 459 70.5
152 389 458 70.6
152 390 456 70.7
152 392 455 70.8
152 393 453 70.9
151 395 452 71
151 396 451 71.1
151 398 449 71.2
151 400 448 71.3
151 401 447 71.4
151 403 445 71.5
151 404 444 71.6
150 406 443 71.7
150 407 441 71.8
150 409 440 71.9
150 410 439 72
150 412 437 72.1
149 413 436 72.2
149 415 435 72.3
149 416 433 72.4
149 418 432 72.5
149 419 431 72.6
148 421 429 72.7
148 422 428 72.8
148 424 427 72.9
148 425 426 73
148 427 424 73.1
147 428 423 73.2
147 429 422 73.3
147 431 421 73.4
147 432 419 73.5
146 434 418 73.6
146 435 417 73.7
146 437 416 73.8
146 438 414 73.9
146 440 413 74
145 441 412 74.1
145 443 411 74.2
145 444 410 74.3
144 446 408 74.4
144 447 407 74.5
144 448 406 74.6
144 450 405 74.7
143 451 404 74.8
143 453 403 74.9
143 454 401 75
143 456 400 75.1
142 457 399 75.2
142 459 398 75.3
142 460 397 75.4
141 461 396 75.5
141 463 395 75.6
141 464 393 75.7
141 466 392 75.8
140 467 391 75.9
140 468 390 76
140 470 389 76.1
139 471 388 76.2
139 473 387 76.3
139 474 386 76.4
138 475 385 76.5
138 477 384 76.6
138 478 383 76.7
137 480 381 76.8
137 481 380 76.9
137 482 379 77
136 484 378 77.1
136 485 377 77.2
136 486 376 77.3
135 488 375 77.4
135 489 374 77.5
135 491 373 77.6
134 492 372 77.7
134 493 371 77.8
134 495 370 77.9
133 496 369 78
133 497 368 78.1
133 499 367 78.2
132 500 366 78.3
132 501 365 78.4
132 503 364 78.5
131 504 363 78.6
131 505 362 78.7
131 507 361 78.8
130 508 360 78.9
130 509 360 79
129 510 359 79.1
129 512 358 79.2
129 513 357 79.3
128 514 356 79.4
128 516 355 79.5
128 517 354 79.6
127 518 353 79.7
127 519 352 79.8
126 521 351 79.9
126 522 350 80
126 523 349 80.1
125 525 349 80.2
125 526 348 80.3
125 527 347 80.4
124 528 346 80.5
124 530 345 80.6
123 531 344 80.7
123 532 343 80.8
123 533 343 80.9
122 535 342 81
122 536 341 81.1
121 537 340 81.2
121 538 339 81.3
121 539 338 81.4
120 541 338 81.5
120 542 337 81.6
120 543 336 81.7
119 544 335 81.8
119 545 334 81.9
118 547 334 82
118 548 333 82.1
118 549 332 82.2
117 550 331 82.3
117 551 330 82.4
116 553 330 82.5
116 554 329 82.6
116 555 328 82.7
115 556 327 82.8
115 557 327 82.9
114 558 326 83
114 559 325 83.1
114 561 324 83.2
113 562 324 83.3
113 563 323 83.4
112 564 322 83.5
112 565 321 83.6
112 566 321 83.7
111 567 320 83.8
111 569 319 83.9
110 570 318 84
110 571 318 84.1
110 572 317 84.2
109 573 316 84.3
109 574 316 84.4
108 575 315 84.5
108 576 314 84.6
108 577 314 84.7
107 578 313 84.8
107 579 312 84.9
106 581 312 85
106 582 311 85.1
106 583 310 85.2
105 584 310 85.3
105 585 309 85.4
104 586 308 85.5
104 587 308 85.6
104 588 307 85.7
103 589 306 85.8
103 590 306 85.9
102 591 305 86
102 592 304 86.1
102 593 304 86.2
101 594 303 86.3
101 595 303 86.4
100 596 302 86.5
100 597 301 86.6
100 598 301 86.7
99 599 300 86.8
99 600 300 86.9
98 601 299 87
98 602 298 87.1
98 603 298 87.2
97 604 297 87.3
97 605 297 87.4
96 606 296 87.5
96 607 295 87.6
96 608 295 87.7
95 609 294 87.8
95 610 294 87.9
94 611 293 88
94 612 293 88.1
94 613 292 88.2
93 614 292 88.3
93 615 291 88.4
92 616 290 88.5
92 617 290 88.6
92 617 289 88.7
91 618 289 88.8
91 619 288 88.9
91 620 288 89
90 621 287 89.1
90 622 287 89.2
89 623 286 89.3
89 624 286 89.4
89 625 285 89.5
88 626 285 89.6
88 626 284 89.7
87 627 284 89.8
87 628 283 89.9
87 629 283 90
86 630 282 90.1
86 631 282 90.2
86 632 281 90.3
85 633 281 90.4
85 633 280 90.5
84 634 280 90.6
84 635 279 90.7
84 636 279 90.8
83 637 278 90.9
83 638 278 91
83 639 277 91.1
82 639 277 91.2
82 640 276 91.3
81 641 276 91.4
81 642 276 91.5
81 643 275 91.6
80 643 275 91.7
80 644 274 91.8
80 645 274 91.9
79 646 273 92
79 647 273 92.1
79 647 272 92.2
78 648 272 92.3
78 649 272 92.4
78 650 271 92.5
77 651 271 92.6
77 651 270 92.7
76 652 270 92.8
76 653 270 92.9
76 654 269 93
75 654 269 93.1
75 655 268 93.2
75 656 268 93.3
74 657 267 93.4
74 657 267 93.5
74 658 267 93.6
73 659 266 93.7
73 660 266 93.8
73 660 265 93.9
72 661 265 94
72 662 265 94.1
72 663 264 94.2
71 663 264 94.3
71 664 264 94.4
71 665 263 94.5
70 665 263 94.6
70 666 262 94.7
70 667 262 94.8
69 668 262 94.9
69 668 261 95
69 669 261 95.1
68 670 261 95.2
68 670 260 95.3
68 671 260 95.4
67 672 260 95.5
67 672 259 95.6
67 673 259 95.7
66 674 258 95.8
66 674 258 95.9
66 675 258 96
65 676 257 96.1
65 676 257 96.2
65 677 257 96.3
64 678 256 96.4
64 678 256 96.5
64 679 256 96.6
63 680 255 96.7
63 680 255 96.8
63 681 255 96.9
63 682 254 97
62 682 254 97.1
62 683 254 97.2
62 683 254 97.3
61 684 253 97.4
61 685 253 97.5
61 685 253 97.6
60 686 252 97.7
60 686 252 97.8
60 687 252 97.9
59 688 251 98
59 688 251 98.1
59 689 251 98.2
59 689 250 98.3
58 690 250 98.4
58 691 250 98.5
58 691 250 98.6
57 692 249 98.7
57 692 249 98.8
57 693 249 98.9
57 694 248 99
56 694 248 99.1
56 695 248 99.2
56 695 248 99.3
55 696 247 99.4
55 696 247 99.5
55 697 247 99.6
55 697 246 99.7
54 698 246 99.8
54 699 246 99.9
54 699 246 100
53 700 245 100.1
53 700 245 100.2
53 701 245 100.3
53 701 245 100.4
52 702 244 100.5
52 702 244 100.6
52 703 244 100.7
52 703 244 100.8
51 704 243 100.9
51 704 243 101
51 705 243 101.1
50 705 243 101.2
50 706 242 101.3
50 706 242 101.4
50 707 242 101.5
49 707 242 101.6
49 708 241 101.7
49 708 241 101.8
49 709 241 101.9
48 709 241 102
48 710 240 102.1
48 710 240 102.2
48 711 240 102.3
47 711 240 102.4
47 712 239 102.5
47 712 239 102.6
47 713 239 102.7
46 713 239 102.8
46 714 239 102.9
46 714 238 103
46 715 238 103.1
45 715 238 103.2
45 716 238 103.3
45 716 237 103.4
45 717 237 103.5
45 717 237 103.6
44 717 237 103.7
44 718 237 103.8
44 718 236 103.9
44 719 236 104
43 719 236 104.1
43 720 236 104.2
43 720 236 104.3
43 721 235 104.4
42 721 235 104.5
42 721 235 104.6
42 722 235 104.7
42 722 235 104.8
42 723 234 104.9
41 723 234 105
41 724 234 105.1
41 724 234 105.2
41 724 234 105.3
40 725 233 105.4
40 725 233 105.5
40 726 233 105.6
40 726 233 105.7
40 726 233 105.8
39 727 232 105.9
39 727 232 106
39 728 232 106.1
39 728 232 106.2
38 728 232 106.3
38 729 231 106.4
38 729 231 106.5
38 730 231 106.6
38 730 231 106.7
37 730 231 106.8
37 731 231 106.9
37 731 230 107
37 731 230 107.1
37 732 230 107.2
36 732 230 107.3
36 733 230 107.4
36 733 230 107.5
36 733 229 107.6
36 734 229 107.7
35 734 229 107.8
35 734 229 107.9
35 735 229 108
35 735 229 108.1
35 735 228 108.2
34 736 228 108.3
34 736 228 108.4
34 736 228 108.5
34 737 228 108.6
34 737 228 108.7
34 737 227 108.8
33 738 227 108.9
33 738 227 109
33 739 227 109.1
33 739 227 109.2
33 739 227 109.3
32 740 227 109.4
32 740 226 109.5
32 740 226 109.6
32 740 226 109.7
32 741 226 109.8
32 741 226 109.9
31 741 226 110
31 742 226 110.1
31 742 225 110.2
31 742 225 110.3
31 743 225 110.4
31 743 225 110.5
30 743 225 110.6
30 744 225 110.7
30 744 225 110.8
30 744 224 110.9
30 745 224 111
30 745 224 111.1
29 745 224 111.2
29 745 224 111.3
29 746 224 111.4
29 746 224 111.5
29 746 223 111.6
29 747 223 111.7
28 747 223 111.8
28 747 223 111.9
28 748 223 112
28 748 223 112.1
28 748 223 112.2
28 748 223 112.3
27 749 222 112.4
27 749 222 112.5
27 749 222 112.6
27 749 222 112.7
27 750 222 112.8
27 750 222 112.9
27 750 222 113
26 751 222 113.1
26 751 221 113.2
26 751 221 113.3
26 751 221 113.4
26 752 221 113.5
26 752 221 113.6
25 752 221 113.7
25 752 221 113.8
25 753 221 113.9
25 753 221 114
25 753 220 114.1
25 753 220 114.2
25 754 220 114.3
24 754 220 114.4
24 754 220 114.5
24 754 220 114.6
24 755 220 114.7
24 755 220 114.8
24 755 220 114.9
24 755 219 115
24 756 219 115.1
23 756 219 115.2
23 756 219 115.3
23 756 219 115.4
23 757 219 115.5
23 757 219 115.6
23 757 219 115.7
23 757 219 115.8
22 758 218 115.9
22 758 218 116
22 758 218 116.1
22 758 218 116.2
22 758 218 116.3
22 759 218 116.4
22 759 218 116.5
22 759 218 116.6
21 759 218 116.7
21 760 218 116.8
21 760 218 116.9
21 760 217 117
21 760 217 117.1
21 760 217 117.2
21 761 217 117.3
21 761 217 117.4
20 761 217 117.5
20 761 217 117.6
20 761 217 117.7
20 762 217 117.8
20 762 217 117.9
20 762 217 118
20 762 216 118.1
20 763 216 118.2
20 763 216 118.3
19 763 216 118.4
19 763 216 118.5
19 763 216 118.6
19 764 216 118.7
19 764 216 118.8
19 764 216 118.9
19 764 216 119
19 764 216 119.1
19 764 215 119.2
18 765 215 119.3
18 765 215 119.4
18 765 215 119.5
18 765 215 119.6
18 765 215 119.7
18 766 215 119.8
18 766 215 119.9
18 766 215 120
18 766 215 120.1
17 766 215 120.2
17 767 215 120.3
17 767 215 120.4
17 767 214 120.5
17 767 214 120.6
17 767 214 120.7
17 767 214 120.8
17 768 214 120.9
17 768 214 121
17 768 214 121.1
16 768 214 121.2
16 768 214 121.3
16 768 214 121.4
16 769 214 121.5
16 769 214 121.6
16 769 214 121.7
16 769 213 121.8
16 769 213 121.9
16 769 213 122
16 770 213 122.1
16 770 213 122.2
15 770 213 122.3
15 770 213 122.4
15 770 213 122.5
15 770 213 122.6
15 771 213 122.7
15 771 213 122.8
15 771 213 122.9
15 771 213 123
15 771 213 123.1
15 771 213 123.2
15 771 212 123.3
14 772 212 123.4
14 772 212 123.5
14 772 212 123.6
14 772 212 123.7
14 772 212 123.8
14 772 212 123.9
14 772 212 124
14 773 212 124.1
14 773 212 124.2
14 773 212 124.3
14 773 212 124.4
14 773 212 124.5
13 773 212 124.6
13 773 212 124.7
13 774 212 124.8
13 774 212 124.9
13 774 211 125
13 774 211 125.1
13 774 211 125.2
13 774 211 125.3
13 774 211 125.4
13 775 211 125.5
13 775 211 125.6
13 775 211 125.7
13 775 211 125.8
12 775 211 125.9
12 775 211 126
12 775 211 126.1
12 775 211 126.2
12 776 211 126.3
12 776 211 126.4
12 776 211 126.5
12 776 211 126.6
12 776 211 126.7
12 776 210 126.8
12 776 210 126.9
12 776 210 127
12 777 210 127.1
12 777 210 127.2
11 777 210 127.3
11 777 210 127.4
11 777 210 127.5
11 777 210 127.6
11 777 210 127.7
11 777 210 127.8
11 778 210 127.9
11 778 210 128
11 778 210 128.1
11 778 210 128.2
11 778 210 128.3
11 778 210 128.4
11 778 210 128.5
11 778 210 128.6
11 778 210 128.7
10 779 209 128.8
10 779 209 128.9
10 779 209 129
10 779 209 129.1
10 779 209 129.2
10 779 209 129.3
10 779 209 129.4
10 779 209 129.5
10 779 209 129.6
10 780 209 129.7
10 780 209 129.8
10 780 209 129.9
10 780 209 130
10 780 209 130.1
10 780 209 130.2
10 780 209 130.3
9 780 209 130.4
9 780 209 130.5
9 780 209 130.6
9 781 209 130.7
9 781 209 130.8
9 781 209 130.9
9 781 209 131
9 781 208 131.1
9 781 208 131.2
9 781 208 131.3
9 781 208 131.4
9 781 208 131.5
9 781 208 131.6
9 782 208 131.7
9 782 208 131.8
9 782 208 131.9
9 782 208 132
9 782 208 132.1
8 782 208 132.2
8 782 208 132.3
8 782 208 132.4
8 782 208 132.5
8 782 208 132.6
8 782 208 132.7
8 782 208 132.8
8 783 208 132.9
8 783 208 133
8 783 208 133.1
8 783 208 133.2
8 783 208 133.3
8 783 208 133.4
8 783 208 133.5
8 783 208 133.6
8 783 208 133.7
8 783 207 133.8
8 783 207 133.9
8 784 207 134
8 784 207 134.1
7 784 207 134.2
7 784 207 134.3
7 784 207 134.4
7 784 207 134.5
7 784 207 134.6
7 784 207 134.7
7 784 207 134.8
7 784 207 134.9
7 784 207 135
7 784 207 135.1
7 784 207 135.2
7 785 207 135.3
7 785 207 135.4
7 785 207 135.5
7 785 207 135.6
7 785 207 135.7
7 785 207 135.8
7 785 207 135.9
7 785 207 136
7 785 207 136.1
7 785 207 136.2
7 785 207 136.3
7 785 207 136.4
6 785 207 136.5
6 785 207 136.6
6 786 207 136.7
6 786 207 136.8
6 786 207 136.9
6 786 206 137
6 786 206 137.1
6 786 206 137.2
6 786 206 137.3
6 786 206 137.4
6 786 206 137.5
6 786 206 137.6
6 786 206 137.7
6 786 206 137.8
6 786 206 137.9
6 786 206 138
6 786 206 138.1
6 787 206 138.2
6 787 206 138.3
6 787 206 138.4
6 787 206 138.5
6 787 206 138.6
6 787 206 138.7
6 787 206 138.8
6 787 206 138.9
6 787 206 139
5 787 206 139.1
5 787 206 139.2
5 787 206 139.3
5 787 206 139.4
5 787 206 139.5
5 787 206 139.6
5 787 206 139.7
5 787 206 139.8
5 788 206 139.9
5 788 206 140
5 788 206 140.1
5 788 206 140.2
5 788 206 140.3
5 788 206 140.4
5 788 206 140.5
5 788 206 140.6
5 788 206 140.7
5 788 206 140.8
5 788 206 140.9
5 788 205 141
5 788 205 141.1
5 788 205 141.2
5 788 205 141.3
5 788 205 141.4
5 788 205 141.5
5 788 205 141.6
5 789 205 141.7
5 789 205 141.8
5 789 205 141.9
5 789 205 142
5 789 205 142.1
4 789 205 142.2
4 789 205 142.3
4 789 205 142.4
4 789 205 142.5
4 789 205 142.6
4 789 205 142.7
4 789 205 142.8
4 789 205 142.9
4 789 205 143
4 789 205 143.1
4 789 205 143.2
4 789 205 143.3
4 789 205 143.4
4 789 205 143.5
4 789 205 143.6
4 789 205 143.7
4 790 205 143.8
4 790 205 143.9
4 790 205 144
4 790 205 144.1
4 790 205 144.2
4 790 205 144.3
4 790 205 144.4
4 790 205 144.5
4 790 205 144.6
4 790 205 144.7
4 790 205 144.8
4 790 205 144.9
4 790 205 145
4 790 205 145.1
4 790 205 145.2
4 790 205 145.3
4 790 205 145.4
4 790 205 145.5
4 790 205 145.6
4 790 205 145.7
4 790 205 145.8
4 790 205 145.9
3 790 205 146
3 791 205 146.1
3 791 204 146.2
3 791 204 146.3
3 791 204 146.4
3 791 204 146.5
3 791 204 146.6
3 791 204 146.7
3 791 204 146.8
3 791 204 146.9
3 791 204 147
3 791 204 147.1
3 791 204 147.2
3 791 204 147.3
3 791 204 147.4
3 791 204 147.5
3 791 204 147.6
3 791 204 147.7
3 791 204 147.8
3 791 204 147.9
3 791 204 148
3 791 204 148.1
3 791 204 148.2
3 791 204 148.3
3 791 204 148.4
3 791 204 148.5
3 791 204 148.6
3 791 204 148.7
3 792 204 148.8
3 792 204 148.9
3 792 204 149
3 792 204 149.1
3 792 204 149.2
3 792 204 149.3
3 792 204 149.4
3 792 204 149.5
3 792 204 149.6
3 792 204 149.7
3 792 204 149.8
3 792 204 149.9
3 792 204 150
3 792 204 150.1
3 792 204 150.2
3 792 204 150.3
3 792 204 150.4
3 792 204 150.5
3 792 204 150.6
3 792 204 150.7
3 792 204 150.8
2 792 204 150.9
2 792 204 151
2 792 204 151.1
2 792 204 151.2
2 792 204 151.3
2 792 204 151.4
2 792 204 151.5
2 792 204 151.6
2 792 204 151.7
2 792 204 151.8
2 792 204 151.9
2 793 204 152
2 793 204 152.1
2 793 204 152.2
2 793 204 152.3
2 793 204 152.4
2 793 204 152.5
2 793 204 152.6
2 793 204 152.7
2 793 204 152.8
2 793 204 152.9
2 793 204 153
2 793 204 153.1
2 793 204 153.2
2 793 204 153.3
2 793 204 153.4
2 793 204 153.5
2 793 204 153.6
2 793 204 153.7
2 793 204 153.8
2 793 203 153.9
2 793 203 154
2 793 203 154.1
2 793 203 154.2
2 793 203 154.3
2 793 203 154.4
2 793 203 154.5
2 793 203 154.6
2 793 203 154.7
2 793 203 154.8
2 793 203 154.9
2 793 203 155
2 793 203 155.1
2 793 203 155.2
2 793 203 155.3
2 793 203 155.4
2 793 203 155.5
2 793 203 155.6
2 793 203 155.7
2 793 203 155.8
2 793 203 155.9
2 794 203 156
2 794 203 156.1
2 794 203 156.2
2 794 203 156.3
2 794 203 156.4
2 794 203 156.5
2 794 203 156.6
2 794 203 156.7
2 794 203 156.8
2 794 203 156.9
2 794 203 157
2 794 203 157.1
2 794 203 157.2
2 794 203 157.3
2 794 203 157.4
2 794 203 157.5
2 794 203 157.6
1 794 203 157.7
1 794 203 157.8
1 794 203 157.9
1 794 203 158
1 794 203 158.1
1 794 203 158.2
1 794 203 158.3
1 794 203 158.4
1 794 203 158.5
1 794 203 158.6
1 794 203 158.7
1 794 203 158.8
1 794 203 158.9
1 794 203 159
1 794 203 159.1
1 794 203 159.2
1 794 203 159.3
1 794 203 159.4
1 794 203 159.5
1 794 203 159.6
1 794 203 159.7
1 794 203 159.8
1 794 203 159.9
1 794 203 160
1 794 203 160.1
1 794 203 160.2
1 794 203 160.3
1 794 203 160.4
1 794 203 160.5
1 794 203 160.6
1 794 203 160.7
1 794 203 160.8
1 794 203 160.9
1 794 203 161
1 794 203 161.1
1 794 203 161.2
1 795 203 161.3
1 795 203 161.4
1 795 203 161.5
1 795 203 161.6
1 795 203 161.7
1 795 203 161.8
1 795 203 161.9
1 795 203 162
1 795 203 162.1
1 795 203 162.2
1 795 203 162.3
1 795 203 162.4
1 795 203 162.5
1 795 203 162.6
1 795 203 162.7
1 795 203 162.8
1 795 203 162.9
1 795 203 163
1 795 203 163.1
1 795 203 163.2
1 795 203 163.3
1 795 203 163.4
1 795 203 163.5
1 795 203 163.6
1 795 203 163.7
1 795 203 163.8
1 795 203 163.9
1 795 203 164
1 795 203 164.1
1 795 203 164.2
1 795 203 164.3
1 795 203 164.4
1 795 203 164.5
1 795 203 164.6
1 795 203 164.7
1 795 203 164.8
1 795 203 164.9
1 795 203 165
1 795 203 165.1
1 795 203 165.2
1 795 203 165.3
1 795 203 165.4
1 795 203 165.5
1 795 203 165.6
1 795 203 165.7
1 795 203 165.8
1 795 203 165.9
1 795 203 166
1 795 203 166.1
1 795 203 166.2
1 795 203 166.3
1 795 203 166.4
1 795 203 166.5
1 795 203 166.6
1 795 203 166.7
1 795 203 166.8
1 795 203 166.9
1 795 203 167
1 795 203 167.1
1 795 203 167.2
1 795 203 167.3
1 795 203 167.4
1 795 203 167.5
1 795 203 167.6
1 795 203 167.7
1 795 203 167.8
1 795 203 167.9
1 795 203 168
1 795 203 168.1
1 795 203 168.2
1 795 203 168.3
1 795 203 168.4
1 795 203 168.5
1 795 202 168.6
1 795 202 168.7
1 795 202 168.8
1 795 202 168.9
1 796 202 169
1 796 202 169.1
1 796 202 169.2
0 796 202 169.3
0 796 202 169.4
0 796 202 169.5
0 796 202 169.6
0 796 202 169.7
0 796 202 169.8
0 796 202 169.9
0 796 202 170
0 796 202 170.1
0 796 202 170.2
0 796 202 170.3
0 796 202 170.4
0 796 202 170.5
0 796 202 170.6
0 796 202 170.7
0 796 202 170.8
0 796 202 170.9
0 796 202 171
0 796 202 171.1
0 796 202 171.2
0 796 202 171.3
0 796 202 171.4
0 796 202 171.5
0 796 202 171.6
0 796 202 171.7
0 796 202 171.8
0 796 202 171.9
0 796 202 172
0 796 202 172.1
0 796 202 172.2
0 796 202 172.3
0 796 202 172.4
0 796 202 172.5
0 796 202 172.6
0 796 202 172.7
0 796 202 172.8
0 796 202 172.9
0 796 202 173
0 796 202 173.1
0 796 202 173.2
0 796 202 173.3
0 796 202 173.4
0 796 202 173.5
0 796 202 173.6
0 796 202 173.7
0 796 202 173.8
0 796 202 173.9
0 796 202 174
0 796 202 174.1
0 796 202 174.2
0 796 202 174.3
0 796 202 174.4
0 796 202 174.5
0 796 202 174.6
0 796 202 174.7
0 796 202 174.8
0 796 202 174.9
0 796 202 175
0 796 202 175.1
0 796 202 175.2
0 796 202 175.3
0 796 202 175.4
0 796 202 175.5
0 796 202 175.6
0 796 202 175.7
0 796 202 175.8
0 796 202 175.9
0 796 202 176
0 796 202 176.1
0 796 202 176.2
0 796 202 176.3
0 796 202 176.4
0 796 202 176.5
0 796 202 176.6
0 796 202 176.7
0 796 202 176.8
0 796 202 176.9
0 796 202 177
0 796 202 177.1
0 796 202 177.2
0 796 202 177.3
0 796 202 177.4
0 796 202 177.5
0 796 202 177.6
0 796 202 177.7
0 796 202 177.8
0 796 202 177.9
0 796 202 178
0 796 202 178.1
0 796 202 178.2
0 796 202 178.3
0 796 202 178.4
0 796 202 178.5
0 796 202 178.6
0 796 202 178.7
0 796 202 178.8
0 796 202 178.9
0 796 202 179
0 796 202 179.1
0 796 202 179.2
0 796 202 179.3
0 796 202 179.4
0 796 202 179.5
0 796 202 179.6
0 796 202 179.7
0 796 202 179.8
0 796 202 179.9
0 796 202 180
0 796 202 180.1
0 796 202 180.2
0 796 202 180.3
0 796 202 180.4
0 796 202 180.5
0 796 202 180.6
0 796 202 180.7
0 796 202 180.8
0 796 202 180.9
0 796 202 181
0 796 202 181.1
0 796 202 181.2
0 796 202 181.3
0 796 202 181.4
0 796 202 181.5
0 796 202 181.6
0 796 202 181.7
0 796 202 181.8
0 796 202 181.9
0 796 202 182
0 796 202 182.1
0 796 202 182.2
0 796 202 182.3
0 796 202 182.4
0 796 202 182.5
0 796 202 182.6
0 796 202 182.7
0 796 202 182.8
0 796 202 182.9
0 796 202 183
0 796 202 183.1
0 796 202 183.2
0 796 202 183.3
0 796 202 183.4
0 796 202 183.5
0 796 202 183.6
0 796 202 183.7
0 797 202 183.8
0 797 202 183.9
0 797 202 184
0 797 202 184.1
0 797 202 184.2
0 797 202 184.3
0 797 202 184.4
0 797 202 184.5
0 797 202 184.6
0 797 202 184.7
0 797 202 184.8
0 797 202 184.9
0 797 202 185
0 797 202 185.1
0 797 202 185.2
0 797 202 185.3
0 797 202 185.4
0 797 202 185.5
0 797 202 185.6
0 797 202 185.7
0 797 202 185.8
0 797 202 185.9
0 797 202 186
0 797 202 186.1
0 797 202 186.2
0 797 202 186.3
0 797 202 186.4
0 797 202 186.5
0 797 202 186.6
0 797 202 186.7
0 797 202 186.8
0 797 202 186.9
0 797 202 187
0 797 202 187.1
0 797 202 187.2
0 797 202 187.3
0 797 202 187.4
0 797 202 187.5
0 797 202 187.6
0 797 202 187.7
0 797 202 187.8
0 797 202 187.9
0 797 202 188
0 797 202 188.1
0 797 202 188.2
0 797 202 188.3
0 797 202 188.4
0 797 202 188.5
0 797 202 188.6
0 797 202 188.7
0 797 202 188.8
0 797 202 188.9
0 797 202 189
0 797 202 189.1
0 797 202 189.2
0 797 202 189.3
0 797 202 189.4
0 797 202 189.5
0 797 202 189.6
0 797 202 189.7
0 797 202 189.8
0 797 202 189.9
0 797 202 190
0 797 202 190.1
0 797 202 190.2
0 797 202 190.3
0 797 202 190.4
0 797 202 190.5
0 797 202 190.6
0 797 202 190.7
0 797 202 190.8
0 797 202 190.9
0 797 202 191
0 797 202 191.1
0 797 202 191.2
0 797 202 191.3
0 797 202 191.4
0 797 202 191.5
0 797 202 191.6
0 797 202 191.7
0 797 202 191.8
0 797 202 191.9
0 797 202 192
0 797 202 192.1
0 797 202 192.2
0 797 202 192.3
0 797 202 192.4
0 797 202 192.5
0 797 202 192.6
0 797 202 192.7
0 797 202 192.8
0 797 202 192.9
0 797 202 193
0 797 202 193.1
0 797 202 193.2
0 797 202 193.3
0 797 202 193.4
0 797 202 193.5
0 797 202 193.6
0 797 202 193.7
0 797 202 193.8
0 797 202 193.9
0 797 202 194
0 797 202 194.1
0 797 202 194.2
0 797 202 194.3
0 797 202 194.4
0 797 202 194.5
0 797 202 194.6
0 797 202 194.7
0 797 202 194.8
0 797 202 194.9
0 797 202 195
0 797 202 195.1
0 797 202 195.2
0 797 202 195.3
0 797 202 195.4
0 797 202 195.5
0 797 202 195.6
0 797 202 195.7
0 797 202 195.8
0 797 202 195.9
0 797 202 196
0 797 202 196.1
0 797 202 196.2
0 797 202 196.3
0 797 202 196.4
0 797 202 196.5
0 797 202 196.6
0 797 202 196.7
0 797 202 196.8
0 797 202 196.9
0 797 202 197
0 797 202 197.1
0 797 202 197.2
0 797 202 197.3
0 797 202 197.4
0 797 202 197.5
0 797 202 197.6
0 797 202 197.7
0 797 202 197.8
0 797 202 197.9
0 797 202 198
0 797 202 198.1
0 797 202 198.2
0 797 202 198.3
0 797 202 198.4
0 797 202 198.5
0 797 202 198.6
0 797 202 198.7
0 797 202 198.8
0 797 202 198.9
0 797 202 199
0 797 202 199.1
0 797 202 199.2
0 797 202 199.3
0 797 202 199.4
0 797 202 199.5
0 797 202 199.6
0 797 202 199.7
0 797 202 199.8
0 797 202 199.9
0 797 202 200
0 797 202 200.1
